Time RV eRV BIS FWHM S-index
55000.01016 -3.372 0.758 -0.001438 -0.017457 -4.985
55000.031943 -2.532 0.729 0.002757 -0.011048 -4.9796
55000.051185 -0.37 0.743 -0.001707 -0.012315 -4.9834
55000.899737 -2.548 0.7 -0.000225 -0.014835 -4.9822
55001.091211 -3.113 0.714 -0.000354 -0.016968 -4.9863
55001.180715 -3.626 0.707 -0.003902 -0.015642 -4.9815
55001.920771 -4.176 0.679 -0.002675 -0.019317 -4.9888
55002.166872 -5.413 0.673 -0.002109 -0.023232 -4.9912
55002.903168 -3.384 0.679 0.000167 -0.017711 -4.9875
55003.19153 -5.45 0.686 -0.002081 -0.018932 -4.993
55003.910433 -4.229 0.679 0.000431 -0.016568 -4.9883
55004.190311 -4.523 0.679 -0.000458 -0.014414 -4.9878
55004.901677 -6.668 0.781 -0.001266 -0.013032 -4.9916
55005.146172 -5.448 0.781 -0.00044 -0.025337 -4.9926
55016.992988 -8.657 0.812 -0.00305 -0.02578 -4.9995
55017.065319 -9.058 0.935 -0.002032 -0.026346 -4.9959
55017.126625 -8.765 0.893 -0.004472 -0.024903 -4.9968
55017.980441 -9.054 0.935 -0.003838 -0.024849 -4.9977
55018.062397 -6.783 0.729 -0.002191 -0.022072 -4.996
55018.12992 -9.475 0.714 -0.003673 -0.030581 -5.0001
55018.962736 -9.386 0.796 -0.001767 -0.028267 -4.9945
55019.052725 -6.577 0.721 -0.003011 -0.022513 -4.9942
55019.12445 -9.34 0.721 -0.004151 -0.023681 -4.9943
55019.978816 -8.647 0.781 -0.001118 -0.023307 -4.9948
55020.047709 -9.661 0.714 -0.003935 -0.024978 -4.9974
55020.123477 -9.044 0.721 -0.000794 -0.024424 -4.9974
55020.924942 -9.163 0.714 -0.003303 -0.021414 -4.9968
55021.045314 -9.508 0.743 -0.00264 -0.028405 -5.0013
55021.117926 -8.257 0.743 -0.002479 -0.023981 -4.9971
55021.970359 -9.136 0.743 -0.000688 -0.024878 -4.9935
55022.99611 -9.807 0.679 -0.002135 -0.026158 -4.9998
55023.073036 -8.402 0.679 -0.002039 -0.027885 -5.0013
55023.133828 -8.595 0.693 -0.00538 -0.02373 -4.9988
55025.072406 -6.665 0.91 -0.004186 -0.02074 -4.9899
55026.098459 -9.206 0.836 -0.001459 -0.019887 -4.9936
55027.06494 -6.263 0.736 -0.002717 -0.024791 -4.9945
55027.12678 -7.94 0.634 -0.001736 -0.019799 -4.9976
55028.111997 -8.002 0.64 -0.003707 -0.018185 -4.995
55029.936632 -8.77 0.64 -0.004473 -0.025889 -5.0017
55029.9942 -8.982 0.729 -0.003812 -0.021308 -4.9962
55030.119278 -7.464 0.653 -0.002829 -0.027628 -5.0015
55033.111763 -5.862 0.729 -0.006691 -0.021174 -4.9928
55033.973542 -4.333 0.61 -0.003547 -0.018125 -4.9894
55034.061717 -5.763 0.686 -0.002923 -0.024931 -4.9921
55034.904816 -4.009 0.686 -0.006757 -0.020807 -4.9891
55035.018007 -5.82 0.588 -0.004926 -0.027463 -4.9969
55035.082785 -2.814 0.594 -0.00592 -0.011712 -4.985
55037.025087 -2.65 0.653 -0.002508 -0.020462 -4.9837
55037.104736 -3.391 0.605 -0.006554 -0.017462 -4.9869
55037.870826 -4.4 0.594 -0.004259 -0.014102 -4.9857
55038.025688 -2.364 0.578 -0.004364 -0.017477 -4.985
55051.839292 -4.015 0.736 -0.001257 -0.021416 -4.9917
55051.867377 -4.544 0.721 -0.003834 -0.023413 -4.9989
55052.003426 -3.012 0.743 -0.00304 -0.021637 -4.9923
55052.821767 -2.774 0.743 -0.002805 -0.023825 -4.9966
55052.93943 -4.311 0.736 -0.001423 -0.028023 -5.0027
55053.010159 -2.633 0.736 -0.002638 -0.01597 -4.9901
55053.8345 -3.098 0.751 -0.002447 -0.022696 -4.9968
55053.926513 -3.878 0.729 -0.003237 -0.027155 -4.998
55054.0234 -5.042 0.721 -0.003447 -0.025401 -4.9969
55054.974127 -2.896 0.707 -0.003411 -0.025748 -4.997
55055.029413 -4.096 0.721 -0.004841 -0.027601 -4.9987
55055.81497 -4.839 0.721 -0.002447 -0.027658 -5.0003
55055.94872 -3.045 0.707 -0.00361 -0.019343 -4.9951
55056.021308 -4.576 0.729 -0.001969 -0.024764 -4.9989
55056.963809 -2.474 0.707 -0.003814 -0.021838 -4.998
55057.034515 -4.809 0.743 -0.004604 -0.023579 -4.9974
55057.8413 -2.681 0.729 -0.00264 -0.023892 -4.9966
55057.986195 -3.531 0.736 -0.001741 -0.024004 -4.9959
55058.970523 -4.812 0.721 -0.000953 -0.023855 -5.0016
55075.919972 -7.776 0.721 0.00067 -0.026559 -4.9969
55075.993785 -7.05 0.736 -0.0026 -0.020256 -4.9949
55076.822434 -7.692 0.736 -0.001268 -0.022226 -4.9982
55076.937824 -7.168 0.599 -0.003806 -0.022422 -4.9958
55077.912527 -7.872 0.578 -0.001546 -0.025366 -4.9957
55077.984395 -7.948 0.578 -0.001992 -0.020951 -4.9924
55078.910357 -6.855 0.659 -0.003051 -0.017722 -4.9916
55078.96979 -6.891 0.653 3.2e-05 -0.021303 -4.99
55079.906584 -7.669 0.647 -0.001055 -0.022861 -4.9966
55079.979505 -5.465 0.653 -0.002508 -0.020545 -4.9919
55080.90712 -6.963 0.679 -0.002697 -0.01677 -4.9914
55080.971195 -8.614 0.686 -0.002655 -0.025172 -4.9968
55081.893919 -7.421 0.679 -0.002119 -0.024514 -4.992
55081.964868 -9.255 0.673 -0.002822 -0.025704 -5
55084.85783 -8.948 0.686 -0.002404 -0.02361 -4.9961
55084.935734 -10.686 0.666 -0.00457 -0.023771 -4.9942
55085.85352 -6.054 0.7 -0.00149 -0.019508 -4.9863
55085.92463 -7.014 0.686 -0.000114 -0.015413 -4.9873
55086.837897 -7.45 0.693 -0.003068 -0.020023 -4.9933
55086.904876 -8.905 0.686 -0.001622 -0.017762 -4.9908
55090.849281 -9.22 0.673 -0.003781 -0.023678 -4.9984
55091.827476 -11.114 0.707 -0.004779 -0.020039 -4.9981
55091.919249 -7.898 0.781 0.000325 -0.01825 -4.9918
55096.919798 -11.715 0.729 -0.004425 -0.027408 -5.0027
55114.854568 -5.654 0.729 -0.002553 -0.020474 -4.9948
55115.81989 -4.59 0.721 -0.003027 -0.018933 -4.9898
55116.84632 -5.415 0.736 -0.002361 -0.024049 -4.9925
55117.837526 -5.205 0.721 -0.006651 -0.020897 -4.9919
55118.86356 -2.282 0.721 -0.00249 -0.020145 -4.9905
55119.823454 -2.083 0.714 -0.003537 -0.020199 -4.991
55120.840937 -6.142 0.82 -0.004095 -0.017365 -4.991
55121.795277 -3.466 0.721 -0.007656 -0.019724 -4.9888
55122.845022 -2.543 0.707 -0.000478 -0.012284 -4.9853
55123.841223 -3.452 0.7 -0.002565 -0.020507 -4.9874
55330.018339 -1.31 0.7 0.003121 -0.002141 -4.975
55330.137457 -3.849 0.7 -0.001753 -0.016936 -4.9869
55330.243576 -1.113 0.7 0.001467 -0.005324 -4.9728
55331.162589 -1.178 0.679 0.0025 -0.004542 -4.9765
55332.04958 -2.624 0.679 0.001262 -0.010775 -4.978
55332.223383 -3.99 0.679 0.002944 -0.008566 -4.9787
55333.21593 -1.353 0.666 0.000928 -0.006558 -4.9768
55334.128354 -1.745 0.659 0.001142 -0.011546 -4.9776
55334.234884 -3.971 0.714 0.000646 -0.019494 -4.9889
55335.151821 -2.135 0.7 0.001268 -0.016244 -4.9872
55335.267575 -2.618 0.721 0.000309 -0.016076 -4.9837
55336.041557 -4.427 0.721 0.000722 -0.014716 -4.9909
55336.1253 -1.486 0.751 0.000469 -0.014295 -4.9857
55336.244828 -1.706 0.82 -0.000765 -0.0177 -4.9833
55339.156289 -3.598 0.766 -0.001761 -0.018851 -4.9919
55339.253297 -2.567 0.736 -0.000213 -0.01555 -4.9875
55340.226488 -1.745 0.812 0.001846 -0.017684 -4.9899
55353.025783 -1.436 0.766 -0.000265 -0.010098 -4.9803
55353.104579 -0.374 0.61 -0.000731 -0.004641 -4.9725
55353.200328 -1.988 0.616 -0.001262 -0.00973 -4.9776
55354.010307 -0.427 0.594 -0.00037 -0.010072 -4.9747
55354.106879 -1.913 0.594 0.000429 -0.009054 -4.9779
55355.01963 -0.461 0.594 0.002737 -0.003362 -4.9722
55355.116237 -0.636 0.594 0.000433 -0.00287 -4.9728
55355.209476 -0.521 0.605 0.000302 -0.008695 -4.9738
55355.966294 0.38 0.605 0.002673 -0.003283 -4.9707
55356.072086 -2.942 0.804 -0.001195 -0.012384 -4.983
55356.170585 1.449 0.766 0.000185 -0.007627 -4.9693
55357.076719 -2.895 0.61 0.000196 -0.011504 -4.9827
55376.933371 -1.658 0.605 0.000694 -0.002946 -4.9682
55377.030201 -6.52 0.628 -0.002838 -0.011151 -4.9851
55377.134044 -3.289 0.622 -0.001016 -0.008762 -4.9783
55378.047301 -1.727 0.634 -0.002577 -0.006086 -4.9723
55378.12663 -4.842 0.64 -0.005085 -0.011273 -4.9763
55378.179361 -3.734 0.64 -0.001901 -0.013611 -4.9826
55379.978787 0.18 0.647 -0.001585 0.007024 -4.9676
55380.075188 -5.359 0.653 -0.00286 -0.01333 -4.9774
55380.151345 -3.87 0.653 0.000517 -0.007578 -4.9753
55381.0116 -3.094 0.634 -0.001461 -0.00237 -4.9704
55381.969885 -0.558 0.653 0.001603 -0.00125 -4.9663
55382.065163 -5.526 0.653 -0.003133 -0.008364 -4.9795
55382.154364 -3.968 0.673 0.000718 -0.00114 -4.9711
55382.935611 -2.753 0.653 0.00184 -0.000868 -4.9664
55383.051954 -6.37 0.64 -0.001602 -0.007329 -4.9774
55383.122509 -5.5 0.634 -0.001539 -0.003378 -4.9734
55384.909686 -4.548 0.653 -0.000453 -0.005838 -4.9808
55385.018609 -5.647 0.634 0.002162 -0.007368 -4.973
55385.064581 -4.404 0.622 0.002693 0.004493 -4.9682
55388.00439 -7.514 0.659 -0.000784 -0.016662 -4.9868
55388.060073 -6.949 0.666 0.003516 -0.004384 -4.9765
55389.099168 -8.086 0.653 0.000789 -0.017614 -4.9896
55389.866147 -5.544 0.736 0.00144 -0.010871 -4.9811
55390.056445 -7.849 0.61 -0.002714 -0.013079 -4.9842
55390.122891 -5.937 0.616 -0.000148 -0.012729 -4.9828
55390.90932 -5.437 0.721 0.002135 -0.014948 -4.9833
55391.030527 -8.113 0.707 0.00106 -0.023585 -4.9924
55391.110051 -6.094 0.995 -0.001344 -0.013575 -4.9827
55391.911431 -5.491 0.82 -0.001442 -0.012852 -4.9851
55391.998264 -6.362 0.64 0.001354 -0.013857 -4.9829
55392.072117 -7.897 0.647 -0.001555 -0.01785 -4.9893
55392.894937 -6.677 0.789 -0.002 -0.013327 -4.9792
55393.05167 -7.882 0.86 -9.9e-05 -0.014848 -4.9909
55393.125198 -8.323 0.622 -0.001066 -0.019624 -4.9899
55393.940355 -7.652 0.628 -0.001919 -0.02192 -4.9902
55394.036788 -9.356 0.634 -0.000853 -0.017954 -4.9948
55394.826365 -5.545 0.64 -0.001826 -0.013308 -4.9815
55394.941432 -6.04 0.634 -0.001566 -0.013062 -4.9857
55395.04864 -5.757 0.622 -0.003014 -0.015164 -4.989
55403.807554 -3.957 0.622 -0.002207 -0.016917 -4.987
55403.991078 -2.029 0.7 0.001519 -0.015765 -4.9836
55406.81024 -2.774 0.616 0.000597 -0.019683 -4.9894
55406.915135 -3.94 0.673 -0.003584 -0.023375 -4.999
55407.933788 -1.779 0.666 -0.000325 -0.015554 -4.9861
55407.997438 -5.302 0.659 -0.00404 -0.025339 -4.9969
55408.075394 -4.085 0.647 -0.003459 -0.026349 -4.9983
55408.936436 -2.181 0.653 -0.000383 -0.018229 -4.9906
55409.005573 -2.922 0.659 -0.003627 -0.015321 -4.9883
55409.072156 -2.089 0.659 -0.00039 -0.01835 -4.9926
55414.84828 1.301 0.686 -0.001081 -0.017052 -4.987
55414.967104 -2.376 0.666 -0.002584 -0.020038 -4.9929
55415.073436 -2.253 0.647 -0.002782 -0.020567 -4.9905
55415.855465 0.466 0.653 -0.002428 -0.019519 -4.989
55415.914594 -0.263 0.729 -0.003476 -0.016477 -4.9902
55416.031543 0.143 0.653 -0.002102 -0.013103 -4.9809
55416.851683 -2.416 0.666 -0.00424 -0.024582 -4.9926
55416.924757 -2.222 0.653 -0.003474 -0.019305 -4.9942
55417.045538 0.059 0.647 -0.001503 -0.015349 -4.9892
55417.864692 -2.376 0.64 -0.00367 -0.017168 -4.9905
55417.94379 -2.068 0.679 -0.001504 -0.022913 -4.9929
55418.04706 -1.114 0.686 -0.003705 -0.022277 -4.9933
55418.869234 -3.975 0.714 -0.003487 -0.027062 -4.9993
55418.943084 -1.623 0.653 -0.004829 -0.019205 -4.9936
55419.026088 -2.322 0.659 -0.002652 -0.022933 -4.995
55419.886708 -1.187 0.673 -0.004607 -0.015866 -4.9909
55419.980319 -3.312 0.659 -0.002916 -0.026525 -4.9988
55420.024547 -0.77 0.64 -0.003228 -0.016196 -4.9913
55423.829024 -1.926 0.628 -0.004021 -0.019619 -4.9957
55423.927403 0.185 0.634 0.000753 -0.012558 -4.9794
55423.99392 0.26 0.693 -0.000409 -0.013048 -4.98
55424.785997 -1.942 0.673 -0.002522 -0.018256 -4.985
55424.925821 -2.371 0.659 -0.003588 -0.017777 -4.9882
55425.018928 0.714 0.7 -0.001662 -0.010357 -4.979
55425.783367 0.677 0.714 6.7e-05 -0.012771 -4.9808
55425.914967 -0.904 0.7 -0.000969 -0.014556 -4.9836
55426.817052 0.354 0.686 -0.003984 -0.016033 -4.9829
55426.926998 -1.133 0.659 -0.003964 -0.01582 -4.9874
55427.022558 -0.119 0.659 -0.004432 -0.011408 -4.9826
55430.838778 1.634 0.653 -0.002305 -0.008868 -4.9804
55430.964497 -3.691 0.666 -0.005024 -0.021563 -4.99
55431.017541 -3.733 0.729 -0.002322 -0.018677 -4.9919
55433.808238 -1.255 0.714 -0.002131 -0.01303 -4.9778
55433.95338 -1.826 0.707 -0.001471 -0.016595 -4.9854
55434.017174 -0.229 0.721 -0.001751 -0.012517 -4.9777
55434.811144 -1.734 0.751 -0.004751 -0.018707 -4.99
55434.905077 -0.677 0.751 -0.004321 -0.017864 -4.987
55434.999173 -1.19 0.736 -0.004276 -0.014646 -4.9836
55435.818934 -1.873 0.736 -0.004842 -0.015852 -4.9837
55435.956377 -3.398 0.729 -0.00107 -0.016665 -4.9893
55436.0179 -5.771 0.828 -0.004903 -0.020993 -4.9914
55436.811937 -1.884 0.781 -0.005737 -0.014786 -4.9877
55436.910977 -2.208 0.812 0.000522 -0.016112 -4.9815
55436.995447 -0.893 0.828 -0.003282 -0.012111 -4.9838
55437.819963 -3.867 0.789 -0.00247 -0.018558 -4.989
55437.927964 -2.329 0.673 -0.001026 -0.014482 -4.986
55438.022823 -1.043 0.666 -0.001964 -0.007732 -4.9817
55438.786768 -1.544 0.653 -0.002058 -0.011504 -4.9798
55438.893985 -2.998 0.666 -0.00272 -0.01365 -4.9847
55438.98242 -3.043 0.679 -0.003759 -0.013413 -4.9863
55439.78802 -2.449 0.666 -0.000675 -0.012025 -4.9849
55439.864677 -4.009 0.729 -0.001077 -0.014172 -4.9861
55440.78787 -4.32 0.736 -0.000609 -0.01323 -4.9866
55440.870623 -3.02 0.804 0.001467 -0.008659 -4.98
55440.953857 -4.978 0.7 -0.002209 -0.017341 -4.9882
55441.811545 -2.681 0.758 -0.000354 -0.006338 -4.9763
55441.965982 -4.856 0.901 -0.000845 -0.009489 -4.982
55443.789133 -3.284 0.686 -0.000229 -0.010502 -4.9788
55443.863195 -3.217 0.679 0.000228 -0.009342 -4.9765
55443.957449 -2.512 0.751 0.001025 -0.010895 -4.9796
55444.814536 -4.546 0.686 -0.00121 -0.01246 -4.9812
55444.90618 -2.785 0.773 4e-04 -0.011561 -4.9797
55444.965434 -4.119 0.751 0.000896 -0.009788 -4.9777
55460.811177 -5.838 0.758 -0.001664 -0.012566 -4.9813
55460.911908 -4.57 0.729 0.000848 -0.007325 -4.9796
55461.823753 -8.058 0.773 -0.003077 -0.012636 -4.985
55461.912941 -6.502 0.707 -0.002484 -0.013429 -4.9827
55462.799495 -6.876 0.766 -0.001441 -0.011654 -4.9833
55462.872814 -7.27 0.693 -0.000614 -0.015749 -4.9841
55463.788665 -5.031 0.707 -0.001841 -0.012525 -4.9837
55463.879675 -4.617 0.707 -0.00081 -0.011668 -4.9803
55464.78059 -4.809 0.781 0.001806 -0.014064 -4.9816
55464.873463 -6.811 0.647 -0.003206 -0.015268 -4.988
55465.78494 -5.405 0.622 -0.003758 -0.015587 -4.9893
55465.900943 -4.858 0.622 -0.002663 -0.010366 -4.9818
55466.78493 -6.335 0.7 -0.002994 -0.021325 -4.9902
55466.917806 -3.664 0.707 -0.004301 -0.014713 -4.986
55467.785677 -5.256 0.628 -0.002057 -0.012474 -4.9787
55467.873168 -5.554 0.7 -0.00282 -0.020315 -4.9902
55468.784775 -2.913 0.679 -0.00159 -0.014008 -4.9842
55468.884793 -5.155 0.594 -0.001757 -0.016343 -4.9874
55469.783542 -4.327 0.588 -0.003012 -0.011939 -4.985
55469.909352 -3.888 0.599 -0.000323 -0.011975 -4.9809
55472.832218 -2.225 0.605 0.001201 -0.010691 -4.9799
55472.909745 -3.085 0.599 -0.002323 -0.011087 -4.9782
55473.839503 -5.146 0.599 -0.002811 -0.019259 -4.9888
55473.886871 -5.241 0.594 -0.004472 -0.020697 -4.9896
55474.840121 -2.612 0.599 -0.001209 -0.012444 -4.979
55474.888525 -1.819 0.628 0.000773 -0.010236 -4.976
55475.829503 -4.177 0.634 -0.001506 -0.013317 -4.988
55475.891857 -1.864 0.61 -0.000834 -0.009758 -4.9799
55477.818681 -1.195 0.616 0.000261 -0.009127 -4.9814
55477.877159 -1.381 0.7 -0.000705 -0.005649 -4.9794
55478.812889 -2.501 0.766 -0.000212 -0.013802 -4.984
55478.89869 1.661 0.673 0.000199 -0.006824 -4.9765
55479.84071 -2.966 0.673 -0.003255 -0.01471 -4.9874
55479.900692 -1.014 0.693 0.000715 -0.011643 -4.9823
55480.810603 -2.744 0.751 -0.001878 -0.017246 -4.9894
55480.888084 -1.097 0.647 -0.001911 -0.018056 -4.9867
55481.827337 -2.464 0.653 -0.003471 -0.021974 -4.9956
55481.875313 -2.784 0.707 -0.003357 -0.01804 -4.9904
55708.099436 -2.345 0.673 0.001466 -0.007871 -4.9753
55708.252708 -1 0.622 0.002637 -0.006948 -4.9807
55716.145729 4.121 0.622 -0.000393 0.00988 -4.9534
55716.219872 4.698 0.653 -0.000797 0.006886 -4.9541
55729.918332 -3.978 0.653 -0.001712 -0.008601 -4.9711
55734.91281 -1.223 0.653 0.001438 0.006284 -4.9586
55735.187757 -4.66 0.647 0.002657 0.000197 -4.9645
55735.894378 -6.665 0.616 0.000685 -0.00916 -4.975
55736.187079 -3.38 0.616 -0.001171 0.00442 -4.9617
55737.098181 -5.781 0.588 -0.000215 -0.005847 -4.9743
55737.175231 -4.789 0.583 -0.000769 0.002824 -4.9655
55749.855256 -11.902 0.573 -0.001443 -0.022945 -4.9904
55750.149971 -10.364 0.578 -0.001614 -0.01571 -4.9852
55750.969149 -11.193 0.789 -0.002592 -0.023526 -4.9944
55751.136948 -9.136 0.86 -0.003639 -0.013864 -4.9844
55758.006097 -5.762 0.796 -0.000351 -0.01063 -4.9741
55758.117438 -8.8 0.844 -0.003852 -0.015272 -4.9817
55760.022009 -5.352 0.773 -0.001644 -0.003586 -4.9716
55760.082297 -5.608 0.781 -0.002898 -0.007241 -4.973
55763.982235 -3.295 0.659 0.002265 0.00134 -4.9634
55764.084912 -4.521 0.583 0.001271 -0.001663 -4.9647
55764.989907 -2.124 0.995 -0.00369 -0.002919 -4.9636
55765.063452 -2.236 1.1 -0.003186 -0.001836 -4.966
55781.78595 -0.06 0.918 0.001486 0.005349 -4.961
55782.951289 -5.872 0.796 0.000964 -0.012593 -4.9803
55783.787062 -4.362 0.736 -0.000378 -0.006903 -4.9762
55783.937724 -1.578 0.721 0.002229 -0.00344 -4.969
55784.918453 -1.785 0.714 -0.000483 -0.005022 -4.9673
55785.021375 -3.283 0.721 -0.000269 -0.005507 -4.9761
55785.880848 -2.295 0.714 -0.001263 -0.004142 -4.9694
55786.014289 -0.623 0.714 0.00328 0.003679 -4.9651
55786.955527 -3.657 0.751 0.000515 -0.004179 -4.977
55787.015951 -2.261 0.714 -0.001226 -0.006396 -4.9729
55787.94514 -1.902 0.659 -0.00027 -0.003226 -4.9711
55788.028514 -3.287 0.659 -0.000821 0.001001 -4.972
55789.889371 -6.798 0.666 -0.000961 -0.013788 -4.9856
55789.984087 -4.952 0.659 -0.002355 -0.009753 -4.9803
55790.780676 -5.318 0.673 -0.000639 -0.012791 -4.9806
55790.875456 -4.029 0.82 -0.000598 -0.005307 -4.9803
55795.001417 -0.37 0.82 -0.004797 -0.003729 -4.9627
55795.046708 3.103 0.852 -0.00449 0.002872 -4.9507
55795.819864 3.448 0.86 -0.003862 0.009079 -4.9488
55795.907952 1.764 0.836 -0.005267 0.003987 -4.9559
55796.905937 5.623 0.893 -0.002829 0.015358 -4.9458
55796.962391 3.472 0.653 -0.002206 0.012433 -4.9426
55797.872051 3.904 0.653 -0.000867 0.017224 -4.9444
55797.971494 4.941 0.659 -0.003098 0.014944 -4.9467
55800.85821 2.148 0.659 0.001755 0.020013 -4.9454
55801.012785 0.425 0.622 0.004236 0.014446 -4.9503
55804.906166 -2.145 0.634 0.004021 0.01628 -4.9481
55804.987625 0.141 0.64 0.003849 0.017709 -4.9424
55805.915951 0.417 0.804 0.003368 0.019262 -4.9432
55806.002737 -0.694 0.836 0.002095 0.016168 -4.9462
55806.893685 1.518 0.836 -0.000522 0.016772 -4.9427
55807.014948 1.289 0.736 0.003464 0.014527 -4.9447
55807.917653 3.679 0.751 -0.000682 0.019187 -4.941
55808.902819 0.075 0.751 -0.00031 0.017116 -4.9435
55808.976917 1.42 0.622 0.000792 0.01787 -4.9422
55809.84823 1.994 0.583 0.001581 0.021835 -4.9416
55810.871215 2.481 0.605 0.001594 0.025055 -4.9378
55811.839074 -0.228 0.594 2.7e-05 0.020044 -4.9399
55814.89613 -1.953 0.659 0.00548 0.013651 -4.9482
55814.982869 -1.115 0.673 0.003274 0.01965 -4.9451
55815.792668 -3.051 0.7 0.001749 0.025059 -4.9495
55815.936012 1.008 0.7 0.003719 0.02246 -4.9355
55816.857189 2.388 0.599 0.007563 0.030398 -4.9299
55816.957283 2.326 0.599 0.005554 0.026731 -4.9323
55817.877789 1.576 0.594 0.006262 0.026744 -4.9349
55817.952863 -0.362 0.588 0.004073 0.021015 -4.9406
55818.847166 1.186 0.605 0.003127 0.021282 -4.9398
55818.963127 -0.273 0.605 0.000891 0.012809 -4.9447
55819.850475 -0.059 0.64 0.003427 0.020189 -4.9428
55819.948429 0.795 0.64 0.004491 0.023899 -4.9371
55820.836632 -1.13 0.647 0.002855 0.015325 -4.9461
55820.954167 -0.076 0.634 0.003059 0.015089 -4.9442
55821.851397 -3.188 0.64 0.001133 0.011478 -4.953
55821.941828 -0.298 0.64 0.003314 0.021747 -4.9437
55822.83606 -3.934 0.61 0.00574 0.010741 -4.9555
55822.93406 -3.14 0.61 0.002717 0.013334 -4.9549
55823.810585 -5.104 0.666 -0.000531 0.001482 -4.9592
55823.945931 -1.624 0.659 0.002636 0.015553 -4.9475
55824.864917 -2.475 0.588 0.001688 0.007159 -4.9593
55824.942213 -2.38 0.616 0.001868 0.013993 -4.9497
55825.872054 0.101 0.599 0.001432 0.013312 -4.9504
55825.936781 -3.361 0.594 0.003261 0.010527 -4.956
55850.854644 1.346 0.743 0.002969 0.00313 -4.9615
55851.842911 0.136 0.721 0.000358 0.00369 -4.9629
55852.827805 1.281 0.743 0.002655 0.000118 -4.9653
55853.82768 4.434 0.844 0.002837 0.009797 -4.9517
55854.827538 0.425 0.751 0.001949 0.00105 -4.9618
55855.828444 1.039 0.796 0.001671 0.003052 -4.9581
55858.830078 4.692 0.729 0.00215 0.005667 -4.9564
55859.830882 4.647 0.743 0.00066 0.006882 -4.9543
55860.835095 4.937 0.729 0.004314 0.015256 -4.951
56033.116502 6.48 0.721 -0.001758 0.018408 -4.9387
56033.212304 8.688 0.736 0.000793 0.024803 -4.9284
56034.096462 10.005 0.751 0.001175 0.028525 -4.9264
56034.167736 11.339 0.666 0.000539 0.031498 -4.9222
56035.092406 15.038 0.673 0.000774 0.045099 -4.9073
56035.20678 14.009 0.659 -0.000639 0.03649 -4.9176
56036.124563 13.664 0.659 -0.002342 0.042807 -4.9076
56036.212476 16.179 0.659 0.000489 0.045073 -4.9074
56037.111952 16.267 0.666 -0.00246 0.044253 -4.9086
56037.217685 18.829 0.736 0.001741 0.04818 -4.8988
56038.086458 20.764 0.743 0.001653 0.056463 -4.8952
56038.243134 19.625 0.743 0.003478 0.05724 -4.8922
56040.083088 17.884 0.743 0.005102 0.060359 -4.8982
56040.164444 16.453 0.743 -0.000971 0.059159 -4.8984
56042.09845 15.429 0.707 0.010008 0.062267 -4.901
56042.241772 13.948 0.714 0.008449 0.055924 -4.9048
56043.145071 11.666 0.7 0.009958 0.054213 -4.9077
56043.2284 12.744 0.714 0.009896 0.05128 -4.9072
56059.086161 14.858 0.707 0.003165 0.0377 -4.9222
56059.173251 13.967 0.693 0.000631 0.029638 -4.9344
56060.037679 12.188 0.7 -0.00021 0.028786 -4.9363
56060.117071 12.812 0.693 0.001142 0.026793 -4.9306
56061.025946 15.67 0.7 0.005909 0.037169 -4.9206
56061.099481 13.778 0.789 0.002084 0.028699 -4.9313
56061.170239 13.957 0.736 0.006713 0.035088 -4.9243
56062.092944 10.251 0.729 0.004476 0.031175 -4.9363
56062.185636 13.569 0.736 0.011513 0.033947 -4.9247
56063.077262 14.031 0.885 0.007127 0.045158 -4.9179
56063.163067 9.823 0.877 0.007536 0.034958 -4.9287
56064.028185 12.308 0.918 0.007027 0.039542 -4.923
56064.110598 13.938 0.868 0.009519 0.039923 -4.9208
56065.205072 10.291 0.707 0.00725 0.032552 -4.9318
56066.071264 11.123 0.693 0.008031 0.034774 -4.9276
56070.197631 7.403 0.7 0.001804 0.018294 -4.9444
56073.234873 5.891 0.588 0.000306 0.009819 -4.9526
56074.181653 7.556 0.588 0.003319 0.013122 -4.9485
56075.185945 7.471 0.599 0.000528 0.012091 -4.944
56075.243239 6.079 0.583 -0.000369 0.004708 -4.9556
56079.172241 9.045 0.64 -0.000327 0.019365 -4.9436
56079.231073 9.411 0.653 0.002044 0.019518 -4.945
56080.196361 7.891 0.653 -0.000305 0.021152 -4.9476
56081.250576 7.587 0.666 0.005974 0.022268 -4.9422
56082.187798 8.575 0.583 0.006723 0.024287 -4.9343
56082.2097 9.624 0.583 0.007546 0.030566 -4.9331
56083.197143 8.528 0.594 0.007031 0.028552 -4.9356
56083.238516 8.589 0.64 0.005861 0.030498 -4.9335
56096.130791 12.167 0.634 -0.002792 0.024246 -4.9271
56097.137905 11.195 0.634 0.000703 0.032397 -4.9251
56098.108211 13.498 0.666 0.000227 0.037919 -4.9226
56099.138544 11.375 0.64 -0.000452 0.030629 -4.9253
56100.151954 12.381 0.758 0.002351 0.037797 -4.9171
56101.097619 11.192 0.7 0.006093 0.042726 -4.9179
56102.134776 11.614 0.634 0.008064 0.046888 -4.9136
56129.852559 2.461 0.583 0.002262 0.000313 -4.965
56130.048322 0.88 0.583 0.002059 -0.003029 -4.9703
56131.014079 1.803 0.583 -0.000403 -0.003776 -4.967
56131.111344 0.527 0.628 -0.002025 -0.005935 -4.9745
56132.058448 1.354 0.634 0.001203 -0.005319 -4.9706
56132.817908 3.614 0.628 -4.6e-05 0.003498 -4.961
56133.068494 6.537 0.578 0.000116 0.00543 -4.9545
56134.99255 9.429 0.578 -0.001256 0.018815 -4.9414
56139.017105 18.952 0.583 -0.000691 0.043553 -4.9165
56139.092021 21.014 0.622 -0.001134 0.046907 -4.912
56141.059286 20.577 0.622 0.006961 0.054985 -4.9049
56141.99769 18.066 0.673 0.008741 0.0509 -4.9074
56146.893563 12.047 0.679 0.01169 0.038069 -4.9207
56147.028606 12.878 0.616 0.011162 0.040844 -4.9124
56151.827646 9.601 0.616 0.000934 0.017325 -4.94
56151.957522 6.907 0.61 -0.001839 0.012984 -4.9476
56152.894037 8.557 0.61 -0.001949 0.01679 -4.9447
56153.0592 7.143 0.605 -0.000716 0.018027 -4.9432
56154.047718 5.929 0.594 -0.001759 0.008666 -4.95
56155.869681 9.039 0.622 0.002319 0.022506 -4.9355
56155.993024 7.45 0.61 0.00122 0.019296 -4.9459
56161.895492 1.214 0.599 0.001826 0.011222 -4.956
56162.021952 3.135 0.616 0.002071 0.012751 -4.9504
56162.875725 0.589 0.628 -0.001475 0.005107 -4.9612
56163.020934 0.955 0.573 0.00389 0.007508 -4.9571
56166.895101 -1.991 0.573 0.002317 0.000547 -4.9649
56167.00265 0.548 0.588 0.003195 0.004652 -4.9633
56167.852605 -1.835 0.573 -0.000229 0.001786 -4.9664
56168.004676 0.034 0.568 0.001884 0.000324 -4.9665
56169.959921 -0.65 0.659 0.000823 0.005197 -4.9674
56170.872519 -2.151 0.647 0.001359 -0.001786 -4.9686
56170.995321 -2.682 0.647 -0.000617 -0.007047 -4.9734
56171.844671 -3.673 0.673 0.001241 -0.005938 -4.9731
56171.968388 -5.797 0.686 -0.000904 -0.010467 -4.9802
56172.8299 -2.149 0.721 -0.000336 -0.003375 -4.9687
56173.030705 -5.101 0.653 0.000653 -0.010137 -4.9711
56176.784175 2.747 0.673 -0.000591 0.010464 -4.9507
56176.989724 4.218 0.673 -0.002521 0.008693 -4.952
56178.781705 5.56 0.673 0.000569 0.016236 -4.9425
56178.991756 4.175 0.673 0.001646 0.021392 -4.9375
56179.844294 2.093 0.666 0.001235 0.015849 -4.9471
56179.992487 2.352 0.666 0.002184 0.021188 -4.9437
56180.947944 1.441 0.693 0.002611 0.01544 -4.9508
56181.835328 -1.003 0.679 0.006903 0.020104 -4.9461
56181.978289 1.073 0.659 0.007362 0.026463 -4.9436
56182.785842 0.904 0.653 0.009058 0.033356 -4.9374
56182.961092 3.498 0.679 0.01112 0.0336 -4.9301
56184.8842 0.714 0.634 0.009255 0.023551 -4.9425
56184.935962 -0.154 0.64 0.007274 0.023627 -4.9437
56185.809472 0.28 0.659 0.006481 0.02091 -4.942
56185.880665 -0.566 0.666 0.011224 0.023398 -4.9382
56189.828275 -3.821 0.659 0.00614 5.3e-05 -4.9653
56189.889145 -3.455 0.659 0.002017 0.00078 -4.9663
56190.824039 -5.224 0.647 -0.001686 -0.00201 -4.9673
56190.891491 -5.038 0.653 0.000737 -0.003633 -4.9734
56192.803168 -2.049 0.647 -0.000188 -0.003959 -4.9673
56192.870423 -0.599 0.653 -0.000402 0.001999 -4.9573
56195.822737 2.419 0.659 -0.001167 0.008531 -4.9525
56195.872163 2.253 0.653 -0.001045 0.008799 -4.951
56196.852849 4.345 0.622 -0.003932 0.009505 -4.9494
56196.897609 4.633 0.628 -0.001554 0.013258 -4.9489
56197.816636 7.156 0.599 -0.001523 0.012821 -4.945
56197.893562 5.336 0.599 -0.002898 0.01225 -4.9499
56198.866428 5.882 0.622 0.000108 0.015979 -4.9399
56198.927992 6.281 0.634 -0.001911 0.02147 -4.9441
56199.825589 8.072 0.578 -0.000868 0.022765 -4.9426
56199.889083 7.442 0.578 -0.000207 0.020023 -4.9418
56200.828175 6.333 0.573 0.001032 0.018787 -4.945
56200.878135 8.306 0.622 0.002586 0.024117 -4.9342
56205.826511 16.021 0.599 0.010421 0.055814 -4.9038
56205.907012 17.388 0.594 0.01055 0.05558 -4.9002
56207.814745 14.548 0.588 0.00963 0.049339 -4.9092
56209.826943 8.7 0.583 0.007003 0.03093 -4.9308
56209.886862 10.649 0.583 0.008525 0.035075 -4.9275
56210.839529 8.633 0.599 0.00582 0.026094 -4.9368
56211.842318 9.087 0.599 0.01047 0.03219 -4.9295
56379.164749 9.828 0.594 0.006687 0.044656 -4.9153
56381.201087 8.206 0.594 0.008527 0.043508 -4.9191
56390.15875 -9.319 0.599 -0.002021 -0.016139 -4.9815
56397.157808 8.772 0.599 -0.006115 0.023677 -4.93
56413.228638 1.397 0.599 0.001835 0.005272 -4.9505
56414.223041 4.959 0.599 -0.000629 0.015722 -4.9441
56415.210815 8.136 0.599 -0.00189 0.017548 -4.9369
56416.250507 10.337 0.594 -0.004946 0.024004 -4.9351
56417.221021 14.557 0.594 -0.004006 0.026597 -4.9234
56418.207601 14.554 0.594 -0.004929 0.026473 -4.9259
56422.187152 16.075 0.594 0.006227 0.046925 -4.912
56433.21141 11.06 0.605 0.001238 0.024082 -4.9351
56435.1621 17.226 0.594 -0.002286 0.03301 -4.919
56453.183663 13.299 0.588 0.004367 0.037567 -4.917
56454.207917 12.504 0.61 0.002904 0.037347 -4.9156
56457.176276 15.924 0.61 0.000536 0.038161 -4.9146
56506.083326 7.198 0.599 0.001639 0.011123 -4.9491
56507.048836 8.025 0.616 0.000965 0.011903 -4.9503
56510.993582 7.667 0.61 0.002819 0.016042 -4.9455
56513.786452 9.092 0.61 0.001678 0.015889 -4.9442
56516.986399 20.665 0.616 -0.001325 0.041487 -4.9104
