Time RV eRV BIS.proxy1 FWHM.proxy2 Sindex.proxy3 c3AP2.1.proxy4 c3AP3.2.proxy5 X3AP2.1.proxy6 X3AP3.2.proxy7 X6AP2.1.proxy8 X6AP3.2.proxy9 X6AP4.3.proxy10 X6AP5.4.proxy11 X6AP6.5.proxy12 X9AP2.1.proxy13 X9AP3.2.proxy14 X9AP4.3.proxy15 X9AP5.4.proxy16 X9AP6.5.proxy17 X9AP7.6.proxy18 X9AP8.7.proxy19 X9AP9.8.proxy20
55939.699477 15.3671643412311 2.21496189151426 -24.56179 7.035961404 0.285457959663193 1.73294319724394 1.39305742419528 -0.775885038773 1.8914925490042 25.2038586484326 -2.7389231251718 -4.7479299296472 9.105928501203 -10.0157683600316 12.0238327103398 8.8050706012395 -2.0609150511718 2.405934851014 -12.0201578476979 16.4550447331784 -9.7738599754317 -8.16239494227201
55939.76024 12.6973371571621 2.04089663156832 -11.53552 7.049226197 0.280548988028599 1.73294319724394 1.39305742419528 -2.2369519367157 -2.2749635355425 -4.6856164119898 -0.669046765425801 -1.4873761931208 -11.5842475595351 20.3316704656881 19.4093934966865 -9.1427654390739 6.1785498179025 -8.0777217312253 -1.68652864921979 -10.6802456966615 13.8547218388175 21.8351955142161
55940.574994 7.13082069643932 2.3856047912598 -22.33589 7.054555183 0.296150290430583 4.63278478270548 -2.54899798887111 3.70944740909224 -5.09006420250513 -15.0585854577285 3.44600482870499 5.2541555925063 -7.80812267530236 0.45987420808615 -11.0334073456016 -16.2382702468086 7.89981865194688 0.69989386777893 4.91904515363519 -2.1094317381014 -13.7392235172664 11.2346663386218
55940.689286 10.3484367668429 2.55683267604097 -7.90914 7.044843293 0.259871119837187 -1.52649609967314 -0.80596227438619 0.15328691741413 3.25861591806216 -10.9648337390902 4.60401140926161 -5.08241011411052 -8.35618939490396 28.526741236465 -6.1221683996323 -18.9238937709748 7.10119302681626 3.89698441360767 -8.00526105296861 -2.44049164725348 3.32922442386341 42.1745281173121
55940.794562 5.37894985186779 2.04430887631882 -22.09914 7.058451366 0.27362151262051 1.18232310413296 3.07432245826756 1.28703313726533 -3.86201516024953 -36.2281101193345 7.90359926891569 -1.29398494882616 0.0884231869171392 -6.76244715787852 -27.0029080842246 -20.4656876516264 13.3024015612774 -6.34943527213267 1.73672944439612 3.85562640374999 -18.0607714224422 25.5925891012195
55941.564895 7.42170566123673 2.33699622280672 -30.26957 7.040223485 0.256127771289817 1.28628312539032 -1.29497357729857 -5.71798011240828 5.84180678891818 3.19145343890507 0.1665392355905 -11.9728239815927 0.041578515935351 22.6283745401579 27.037322359178 -9.37593586902817 0.451688161423659 0.481380494272711 -12.0249199498652 -1.40872129487599 12.5459802409328 38.7601476229041
55941.668701 5.53367734685226 1.77929781066266 -16.51974 7.049631998 0.270429658010286 1.28628312539032 -1.29497357729857 0.84589044763805 4.38157916547912 3.06681214947067 0.96228453640291 -1.32728767000351 -1.13410826096064 12.3686522960812 2.14482946737717 1.18690334345017 5.16597104251073 -4.39794492594423 -5.91698473676441 4.72841964096283 -4.73589630001648 49.67954325387
55941.770239 1.90253485131377 1.92290079264428 -16.26333 7.051957543 0.265036885158293 1.28628312539032 -1.29497357729857 6.14799961726051 5.58930549302795 11.8939001578508 6.19846944206095 -4.0512313128491 8.87492838233189 -2.69586544447784 17.6541039562353 2.28529423662325 3.44229472530893 6.97775976331574 -10.4574611904517 15.1868993171505 -11.773667545013 13.3975910807946
55942.561392 11.9770405447996 2.48450448624636 -31.49722 7.042998142 0.303781919764327 0.79006473512321 -0.12089768863178 -3.8536092980406 2.3177705791071 22.0779045413475 -7.7303989080827 -0.4278177018811 3.4415793049818 -1.8341253329375 0.67148045708753 10.925465575018 -16.6998517324103 19.2906822970092 -12.2384519120592 9.89718798157242 -22.1003153653093 42.7692477166478
55942.676956 14.425009470358 1.60927191180723 -16.10133 7.046988366 0.286562925391034 1.15010813322099 -0.972102123260198 -6.8026362521321 3.7005290299032 -4.5512523086038 -3.9239588221164 -3.7317223504613 0.3259981788455 10.3141009907512 3.0516323498841 -7.9231563703399 -1.3093500361465 -2.2248319656079 -3.13477306765759 1.14813153895829 4.438781855126 16.3809276910112
55942.784119 13.2127229188452 2.34091154809715 -2.9011 7.047674274 0.282664842694377 0.497849003125134 -0.65097095969393 0.763372015703199 -1.004600100737 -4.4883153868877 6.8467427879432 -10.035330557827 4.71507558527604 -2.1568266770077 12.1162245908759 -15.9329616367649 11.0742364595705 -3.2379564820059 -8.71778378664936 7.59352632817336 -5.87952406692035 10.1803874576764
55943.560896 20.3238790415195 2.30162957809617 -22.3233 7.043543205 0.279189981849928 1.07247537182036 0.641932854785904 -10.4435006066693 -0.797994373686798 -2.9207913010755 -9.6367718834483 -0.637337566069199 -3.8103875929303 6.6017972813286 -1.7081302580855 2.0297509729683 -14.4918180596603 10.7966150426364 -11.0021525863001 -0.564260631474799 7.3931040611993 -6.8936221618677
55943.665697 22.3502401090567 1.93470355998573 -13.31552 7.04115715 0.272436226074881 1.07247537182036 0.641932854785904 3.5696259868594 -6.6599147286303 8.0932476329184 2.8993633326018 -1.4774117590772 -18.3609761745968 24.7022486025417 -26.8588360114311 -12.2280470510614 7.8287177879418 1.5115863715017 1.3596556071617 -20.6131123288299 13.9347408782486 22.5227815915166
55943.768669 18.4668122568371 1.72587811603416 -12.82271 7.044498215 0.266487658048269 1.07247537182036 0.641932854785904 -1.1208030801178 -7.4320845368198 -22.9108256751316 0.670213991653899 3.9934756573121 -16.3787048678397 13.9237693406609 -23.0332654978089 -13.1235347661094 1.2369652758256 4.898231040742 0.117289280796598 -20.7226534252092 15.122599025728 13.0687736674083
55944.566706 12.2254337799455 2.08048856446421 -17.01932 7.04340501 0.275227959825476 -0.310999720856432 -0.917976662359998 7.09194570057614 -5.98252473859652 -20.2611251602523 11.6952550981015 -2.135702302053 -8.84392909515876 7.69352869733166 33.2651600648118 -7.30814501161902 5.23344699061312 6.5538198708188 -3.7370353707052 -7.88970038738404 -7.87604369623505 40.6280997481345
55944.669111 15.0170667836131 2.08033394156738 -10.4459 7.032891539 0.280774429659942 -0.310999720856432 -0.917976662359998 -0.6711403277105 7.5171288757611 10.6260562409157 -3.9772147423264 2.7461350277273 3.5221161384219 5.4451667789155 -32.6020985170045 6.13579444051988 -4.0383683069664 10.2117065780319 -12.3103353778716 12.1473044536478 -5.1718562635246 18.6630985860281
55944.773703 13.4185342805455 1.8018055650696 -18.39869 7.036272872 0.283189473858153 -0.310999720856432 -0.917976662359998 -2.9500333928077 -6.7912855359199 -3.3619726158831 -0.813465275096199 -2.979341858636 -4.24240188728091 -2.29033035895983 25.5774727237117 -8.2582951694249 -2.9786260728797 7.5798595505941 -9.3358898914293 -1.01656624954761 -10.4631078913408 27.1473639717236
55945.560976 7.32231645324624 2.28089507136657 -27.75251 7.04904714 0.269758879065409 -2.13438096690958 0.63713170450841 -2.47389673950198 1.07018388583641 31.7931211954601 -2.4893568948487 -9.7406485801777 1.91129478125976 7.42341874982674 50.4769949740092 5.64023787383817 -0.3517637396811 -12.0393624611767 5.92576155838596 6.81711166887326 -23.3710291871496 50.5302068177919
55945.667362 12.0037864746542 2.05595125606318 -27.43857 7.043990172 0.272249008182515 -2.13438096690958 0.63713170450841 -9.3698634859081 -4.03256736704358 1.842889337327 -6.3413062422084 -6.39079448497574 -2.79105447319382 3.60604671732853 -16.4392306766538 5.0915864449199 -7.0296823784737 -5.69250908386265 0.812942814033871 -6.61711295307966 -1.0374803345105 26.7212452594928
55945.772081 18.1778358467186 2.1423135539635 -12.74793 7.037580609 0.266368941516837 -0.371811071174405 -0.430562292182017 0.7789332027318 -2.9795466726006 7.5233958053194 0.0323016628512001 -0.849343293767301 -7.3210750612303 9.5535119405748 13.5791363134315 -5.2252972844362 -2.6183414999096 13.5716958085237 -12.6402374791517 -6.75380883710767 8.13865898663897 14.692583399147
55946.557419 14.7274860218172 2.153448882042 -36.10056 7.039951019 0.258050134429682 0.710433705528861 -0.803584974375306 7.59952542324093 -1.9110227751471 -26.6181153550573 10.1617348847815 3.6698704723838 -4.7424007342113 2.1507320429535 -77.4275158951474 -4.46021506819907 9.37915257121645 1.5375441222699 6.1118221570943 -5.2063961178116 -9.25442641623002 26.1110023643499
55946.663111 16.8715209940645 1.71461717227583 -24.64443 7.039154407 0.271733921065263 0.710433705528861 -0.803584974375306 -3.4464775932498 2.0363363126356 8.4324249742904 -4.1579402343838 -1.547497761295 -0.585139954261798 6.6885523407744 -23.5362368306817 -4.0073190166444 1.4475435691498 -2.4162568034441 -1.9554842701445 -2.1685347245534 3.4759091424467 25.3908344309831
55946.768398 15.269487280493 2.01545716682847 -19.34645 7.051147958 0.260852568129863 0.710433705528861 -0.803584974375306 -12.0497977319009 1.9312077412035 16.4138681704925 -15.0530858678379 0.284073676264098 -4.89054953794071 13.6141102352617 -36.7416163416357 -2.2595146933903 -9.3204132767217 1.0060737719418 -2.8517608468986 -4.43443721330848 1.39275102994942 42.8784005277775
55947.545309 9.79148951279413 2.15692035689614 -15.25517 7.04329225 0.266633690977874 -1.14089394115056 0.21424158804002 -0.748726319599369 -1.52926936959639 4.06962899517225 0.4282526137074 -3.49552396164942 -5.07907735043285 10.2738078415633 -7.8348856765552 -6.14775647758174 3.85587722186064 -2.55731652400844 -1.05672800399678 -5.62117704519151 3.20637557136994 20.4567779016262
55947.661741 11.0341437457467 1.73602856702765 -25.89187 7.049167925 0.273865975968494 -1.14089394115056 0.21424158804002 -9.81975268847649 11.0678315650347 -20.8321837040523 -5.63508262896951 -0.7669999259081 12.2762146466587 -1.702678133422 -28.9926250224688 -8.4777786294176 -2.82373984103333 -4.49179606494422 1.65909150901678 14.7574412140413 -5.6044237143823 1.2272232561637
55947.762814 8.2087083023259 1.87263965928086 -21.821 7.058243333 0.258242292660025 0.352611398470581 1.77726744400982 5.25198056102424 -5.48752389303311 24.6182506277178 6.15099206824802 -9.1532089475394 -2.29026423370842 2.20955470802844 6.47946471063012 21.1970847473032 4.6131240628099 -5.0048397154608 -10.3197870644103 3.09489646638512 -4.1823640483376 14.4431168321959
55948.557062 1.42046337935757 2.09448876536478 -24.27726 7.053758809 0.27149289787301 0.0251686986094102 -1.91838918514493 0.89345325116744 -2.14094085781355 3.23718311294114 -0.19733764576165 1.0345156628975 -5.36041893751926 5.4314154433536 2.2983306662298 3.4488510700399 -0.10391350229994 -0.88332836338842 0.76416289360489 -8.15199826141946 9.42087051988813 -0.5189609674754
55948.663644 -5.03638323845774 1.58439995245317 -18.50994 7.062514371 0.271158508453028 0.0251686986094102 -1.91838918514493 7.8339106752515 -1.33477959594138 -6.30928929506219 11.3572984998392 -4.58712899111031 -1.17951894677008 4.10877121841937 12.4752528753057 -12.744112187751 12.739871073742 -2.04099468089412 1.74330800022511 -6.24549063987976 2.96941034971016 16.5338396276038
55948.767183 -6.69854009603808 1.7181571400142 -16.29656 7.062137497 0.259593706991886 0.495343871501169 -0.388036595786464 2.12646589514244 2.69485971118163 18.4096348471581 -2.42295315495373 2.67295777442747 0.39817053640418 2.06322243024565 1.4454213886024 6.49561664241623 -0.19257382062786 -0.93626149703115 1.65218710916572 0.85771589063041 0.95333766355796 2.92489056029672
55949.554114 0.123741188292057 2.3665255515791 -11.06036 7.054187718 0.234375991558945 0.13806700441396 0.11549852543748 12.4859905649207 -7.28186110671444 16.9732321932247 11.0486835934864 -2.46862451882591 -10.8470434813066 9.53657554390325 -32.4421654472222 5.47605509949286 12.0095744703007 5.86843929401646 -11.5673816804147 -7.95979567807288 -0.314728479337719 36.1679674929198
55949.655546 1.67488714595235 1.8100255884999 -19.80477 7.058831801 0.258906869859396 -0.91710531307964 -0.89715880682989 0.0628302794560098 -6.47705497188011 -8.07907659230336 4.92508314418327 -6.68571376863361 -10.5040975899437 14.6054964710162 -10.9772268102718 0.61829809996883 3.2566710079245 1.42421666486837 -11.4868078530971 -10.4049821707604 11.2111262688645 25.2329723883134
55949.75824 -4.64397783152399 2.33164190364347 -8.50603 7.053471815 0.266716960759228 1.33425239236461 -0.887093287336059 14.0224752581192 -7.39807639784531 -8.01128159719436 16.5970692041304 -2.50515083087264 -5.67088231767231 -1.14706696068787 49.4682369092783 -33.5847427793378 24.4004216800772 2.90543406135127 -7.41120811435746 -4.47430351491231 -10.8099703654993 43.4742581063277
55950.562265 15.7016524536509 1.64735404018517 -9.50847 7.052131543 0.271478078452717 2.55529926262017 1.04273964586733 -0.5604912224996 0.400484809964901 12.1307966643 -1.9855357106875 -1.4595559259935 10.6880304866966 -19.0150590613167 6.16069249337866 1.4685228934861 0.383240363437199 -4.6862537192255 3.9090155769593 11.2737348632064 -20.3183030825636 4.73039464151264
55950.668164 15.8771809944469 1.69442254394398 -23.11338 7.051314295 0.267259978516277 1.55805980218908 0.656813055021843 1.2507934811895 -3.1903628948932 4.0345420340337 0.216510493293701 0.565051317347397 -3.6106539609944 0.2931740516888 -8.5361080342197 0.431972181379201 0.5367275727865 2.7157618417445 -2.4645625418 -1.3742628144691 -9.74017075687805 31.3036883948018
55950.768589 19.7415556847251 1.73367784162589 -19.06799 7.046462178 0.256899950768052 1.55805980218908 0.656813055021843 -2.0141251520991 0.836721961039601 2.110860929061 -4.0935166803358 3.2505468013777 0.2365446089693 -1.8172482947852 33.6986133036313 0.526312770034103 -7.7109393124322 3.9480762716599 4.1650558645922 -0.1491374763545 -5.0595493323109 1.0340196002012
55951.54884 15.9608176861542 1.79621231830906 -8.8295 7.025977216 0.263688482777688 -1.75452379150794 1.71727989972872 -11.9694504976519 2.5663552268876 -5.4291012852142 -12.4595728247131 2.6884188158801 1.3469051553754 -0.101058344477 -41.0799326553793 4.3941330745828 -12.7983937873221 2.5864541359135 -1.9265324722909 5.79480977736 -7.97262943969591 13.3756674082254
55951.655758 20.2546652191711 2.00450802760226 -5.72624 7.029548818 0.262816559068396 -2.02286877162003 -2.26868911895404 -3.7149182912871 2.905675598253 -1.7565224189422 2.553811960568 -11.6501122096346 18.793823462962 -20.6885087375972 1.703193241422 -13.6384936080146 11.0614030348073 -18.4313701504959 6.6952253330041 15.7053914585815 -18.2186833912175 2.267164359262
55951.757039 20.5090524061473 2.34623148645508 -9.3533 7.041747898 0.238532676732777 -2.27523321184903 1.06101384371023 -4.850850286505 -2.9547615110547 -12.755667038035 3.1367254525276 -11.2142112895532 1.9643228923504 0.691837257643201 -43.143212155123 6.1851913396853 0.695892556640601 -8.2385007777998 -1.6738084033869 1.6996177424084 -1.4451553817984 0.208719307632901
55952.565228 14.4334989986948 1.99943545289732 -25.84709 7.031264481 0.263963884493404 0.00662752022379021 1.23918529600554 -1.16260830876 1.0993138600008 11.4030805233875 -1.5646600355378 -2.8893417674223 -4.92479296549972 14.6808791420674 -29.0658630740609 17.2107938011389 -0.7944315489814 -7.3918255305973 -1.2512665322198 -1.63976321066298 10.5960677830624 -3.6617987440233
55952.770209 11.9239204458836 2.19336083948926 -9.24515 7.039816255 0.270515078472528 1.42506361455181 0.112733845222726 -14.9358925704034 8.59402937325035 0.2932041451567 -13.6606808476068 -2.45211773200944 8.87985718935524 1.706174612513 53.814719793015 -14.3620311645529 -10.0066146450453 -0.51604162209026 -4.4823559765516 11.0885645371213 2.4851508648448 -5.7404021183411
55953.555967 19.0152535472944 1.8000186147775 -32.88221 7.023509873 0.287821682493541 -0.29458106920729 0.53671890319343 -5.6408664944204 -7.3835115825276 10.8799618652618 -7.5091228917423 -0.056856969297101 -10.5782946525754 6.32166273399043 -4.3413456506896 2.2388893162206 -6.7131760796149 5.7827212495709 -9.9190951467803 -7.19884336513283 6.03280832131603 3.8213077123297
55953.684678 13.9491526975275 1.87368405951589 -33.35786 7.044266492 0.272598657178604 1.55263266051911 2.9012661527236 -0.989672259361399 2.2338705467684 -1.1473668406917 4.2508253073019 -9.69570464956842 2.43142117221562 9.0079765594866 18.5594130670981 -3.4660576577625 5.1522905463845 -7.621863444681 -1.98990434039831 0.33764119716049 13.3774729600323 -14.9981909579324
55953.762997 9.74073451100954 2.52381076545601 -8.39554 7.041288788 0.265519572732194 -2.07217362683255 1.00240421903009 -16.2290333143768 6.84062831912568 14.5347562508807 -15.0053697801698 -6.43141816143929 8.91053634844096 1.9053605197954 1.2770481307823 -2.8232997486896 -10.3231284605442 -7.41340648724993 -0.0526811658224999 3.3430553636396 8.40127770314605 4.3117451445936
55954.554043 15.2373861120133 1.77648327860512 -28.14933 7.039451676 0.275467196226199 1.19853451414337 0.592834876683066 -4.0811882588258 0.1565724298381 -16.1181764709842 -0.918818745003101 -0.863920694629199 5.1543960409354 -8.98883336208756 -41.0657294369531 -7.3364507531198 2.3711555616337 -2.7561894417055 -0.687209972821499 5.2998150245522 -0.988748968729002 -19.4583484123279
55954.637917 10.6027128243558 1.63434611196266 -27.34229 7.054848923 0.283933310859118 1.19853451414337 0.592834876683066 -0.3224903771972 -2.92680832391494 1.64450987389187 0.690493327887999 -2.56863593252442 -0.929230516120459 -1.48190564604152 19.4766121606512 0.299689305508 -0.6457272701437 -0.4851358122443 -1.36172372475889 -3.26142515719819 10.3054893922883 -32.0383533321573
55955.55847 1.37071838481536 1.85917293119786 -26.22769 7.049091262 0.263555365986308 -0.0433856282578362 1.07827920945835 6.72835574351587 -0.62542851307488 -22.9090845191784 12.1413467604775 -2.46333029015396 1.05881048597106 -1.02576832475332 -24.5394215434448 -2.49947453849482 9.95711953714839 -3.91253846780587 4.07229533042004 -0.15604825687844 -2.98433118750519 0.23399188611049
55955.638942 -1.12606833015147 1.6072277020637 -24.63425 7.054097169 0.269445481932503 -0.0433856282578362 1.07827920945835 3.19591401130418 -4.09442959928441 13.7697115941753 -2.28485917511556 5.59311625964355 -2.5007094121094 -8.53836124531645 7.50068077824704 4.30220322647608 -4.60027893626957 9.04510755383355 -0.36923808600303 -7.0517042917388 1.85251313999405 -6.92199722030109
55955.732792 -0.0721391756824883 1.73964482140182 -28.12569 7.037536815 0.272520932327714 -0.0433856282578362 1.07827920945835 -2.06191479600794 1.43349808220702 -5.75949298247079 -2.45201886682079 2.61441822234408 6.54074181827352 -12.7770557062218 -30.5367542284776 -1.48688188949777 -2.10755762937054 3.63008116851254 -1.41467641576292 3.42310326352166 2.06923837973462 -22.3473471880559
55956.62463 -5.7515423424674 1.52700787227379 -16.29817 7.059857559 0.283652893592494 2.04556067998579 0.0192582904150085 3.38210813241858 -0.52257407850752 -1.69174884952824 2.41004295378808 2.4933312022347 0.3632446800048 -4.07811559648279 1.8783625773831 4.71994724219857 -0.89138038630486 2.68668234335232 1.82416789006317 -1.47284743622589 2.47375988048875 -17.4900028505964
55956.728966 0.754122086204469 1.85304621684178 -18.89722 7.058080807 0.292532539215829 2.04556067998579 0.0192582904150085 -2.03874087865497 -0.700711030017412 -5.27968950828696 3.70206545630236 -9.29817042807317 3.88466554461457 -0.288604035183498 0.577920096269819 -11.6688130303548 6.24043476719902 -2.42507783378087 -7.39775611575063 2.48301020331434 12.7670888794207 -33.5900736303343
55957.643719 7.58246914235728 1.98333586654639 -12.77927 7.066723554 0.264086681854855 3.49200139494834 0.21228250744808 -1.78023021656054 4.91325836216237 5.00976235437671 -0.99986055232463 -3.13945006413655 7.70013522905384 -2.58283443241884 -17.0933606818939 18.4561737238912 0.829133159249 -11.9378957517375 -1.79427333129943 17.0514250712863 -8.76206431048809 -8.69572364408948
55958.566838 10.1958804409419 1.86551400025696 -14.46986 7.067970953 0.267746355953589 0.787332274388075 -0.000676273302230024 1.20311669411002 -0.1558714479764 -26.3392547200875 7.17154358405562 -2.80739975523116 -1.88962022348962 6.09806973466008 -8.1870063327875 -7.83556047436295 3.68595147948418 6.52252111831607 -10.5604840887255 -8.29315806478536 25.164166275026 -17.0363959409833
55958.6585 9.38271180130295 1.94869709635824 -18.0204 7.054474885 0.263793956927515 0.787332274388075 -0.000676273302230024 -9.3621980599718 7.1235354555189 -3.6254165137021 -12.703966168383 7.5169685787551 4.53937412906137 -1.9449818058075 43.7094437371734 -7.87322218158 -13.7950413770664 8.05946776109367 -0.0568105923765199 2.05870340649835 6.8675938952607 -11.2013551481391
55958.717294 5.56503116803657 1.9555442480728 -6.45163 7.060022148 0.300502768734695 3.39300452928112 0.578778835023804 1.92399948256327 -2.77530190043969 -20.65046414937 4.80193534534596 0.92383157464646 0.28778589222784 -6.92672042416013 21.5933524071148 -8.54975974822119 1.93462719837929 1.84925388200259 2.49001305766353 -2.9041186637235 0.24495722874703 -13.5288651213799
55959.55361 5.76225542791919 1.96939354405029 -30.61973 7.066746955 0.283402673047598 0.00695009332566443 -0.590968994012643 -11.2470592506001 -1.7333997177634 -10.9153505731754 -11.0213929591345 3.14295692541828 1.9212777326616 -10.3826929347339 -27.9847260037412 -2.9997541545363 -8.67782861796256 0.28207168881564 -1.34146338947333 -4.88619214800313 20.6915262610964 -54.1893662497767
55959.641025 0.430210958518248 1.92053512494081 -22.65538 7.063473166 0.285171126087987 0.00695009332566443 -0.590968994012643 -6.9791216982981 -2.90489718020008 -5.20091753192716 -4.70395490067456 -2.58677731295621 3.73878240204508 -10.7406111755937 4.90226025411777 -10.0886243347624 -0.27929373783063 -4.22705368881278 -1.20088420115943 3.5784820010672 -5.39326191065045 -5.37622751154216
55959.722144 3.59394968068078 2.02742020636149 -18.00973 7.047998259 0.285602999267126 0.00695009332566443 -0.590968994012643 -5.44925437396227 -0.52556787389391 -13.0449425945724 -8.45736918902622 9.6289921805677 -0.42433329875246 -9.35837137445443 -22.9691609482945 -2.59230414071412 -10.4838638098532 9.73852128707889 1.01653687945442 -0.11095436197164 2.77703094797855 -35.5788227306032
55960.54986 3.13140432109607 1.75952408226599 -11.92084 7.072929624 0.290210749630317 0.115661955296498 0.427842038021718 -3.37574672086968 -5.54571444508985 -5.42678770991123 1.15369952162269 -6.75037667355614 4.62876830269787 -13.8195778177148 -1.3106056426232 -8.651494045713 6.400678991883 -13.3473162043604 7.05523202715183 -5.20034194742155 9.93355166056923 -42.4195287419075
55960.642217 5.66053572901487 1.76624557752677 -18.30553 7.06942199 0.295575774586668 0.115661955296498 0.427842038021718 -0.0373145992438602 -1.00261516744619 -9.43892519810852 0.90037791708235 1.53308937036733 4.70446162865844 -12.7117243507406 -5.9098984511858 -17.8222785701425 4.81082125383527 5.29190854576366 -4.08708258097003 2.89647488197154 3.72185511469568 -31.4934337318657
55960.718081 5.33131160504038 1.96208288696669 -12.68843 7.063436259 0.299836814042564 0.115661955296498 0.427842038021718 -8.96223702850393 0.33011647021831 -15.5392406300805 -8.57482269148716 4.28329015553789 -3.77495948960035 4.13851577447132 14.6420073014193 -18.8035015482914 -6.03529920008128 1.86570961502249 5.67534995669623 -7.38116478633268 15.0743894672356 -35.6522360734765
55961.571327 15.526823173401 1.84551656402904 -22.77679 7.061549677 0.27589330116944 -1.07620331046559 -0.822565016280725 -10.7670383526172 3.822445903867 6.744841165315 -10.6858373844418 -2.425105992007 -1.99960280066491 13.8422807246504 -34.1542809978944 7.0339891580337 -11.6807591963679 2.3582414492616 -4.8574585030889 -0.119781223663908 17.4898994120855 -28.2795658340011
55961.711425 13.3421466822559 1.7217746027888 -19.50346 7.063916561 0.277072685445551 -1.07620331046559 -0.822565016280725 -0.4277258799563 11.5472755140411 -12.0739175528652 4.887528444697 -6.15480698377122 10.2879678857214 8.3401793359197 -22.8603312322651 -10.1118576887436 8.87690980288199 -1.8578298994209 -9.87544645016455 12.5876542555543 14.9403240397555 -19.8534498350756
55962.542032 10.767056943259 2.27110026652047 -32.9225 7.077073074 0.277901469042547 -1.02711260945355 0.123929048682671 -3.1312193529469 -0.90788880469902 -18.025058598849 1.1712692665344 -2.42641519245731 -1.51240894793071 3.53760308732192 -53.2680795780308 -24.7138172223822 5.17998074122008 12.4397478795073 -15.6153068894013 4.31608931221997 8.52599498193452 -25.8486941963614
55962.633404 8.73908104742587 2.00492934311183 -22.8818 7.072069398 0.275540648722401 -1.02711260945355 0.123929048682671 -5.92075694779437 0.980848205629579 6.64130934367025 -9.48505199033283 4.57379980559601 9.93677657312202 -22.4507829441398 -29.8070572354541 23.3504228683516 -15.4800958641637 6.71058166144146 -6.23321426461213 11.2240841568561 -6.74408555519616 -25.1350229667555
55962.723134 16.6244651854398 2.35396902581524 -25.94742 7.064791679 0.276248760910435 -1.02711260945355 0.123929048682671 -15.6187220894053 -2.4915291394578 -22.0304938551384 -18.5278806906504 12.0059191011876 -4.9725775389411 -6.37459945162209 -11.7262972709364 -14.9896220304226 -13.5791384434395 -1.78538597837241 13.7300908672843 -8.6526844616111 4.3903466284666 -28.1759497742758
55963.558461 6.29910900059095 1.7956830943951 -26.39864 7.067309789 0.287576598876606 -0.738536091318561 0.215484904695886 -8.37846894489033 2.66737667961376 -3.0222032375204 -9.47759487289884 3.16124185259934 6.5673055187939 -10.6805743362995 -21.1271215669933 -1.8455901200918 -8.78026320180644 2.56028166523947 1.13790035168303 3.89932699169611 0.907382497248129 -20.2734164066217
55963.648526 6.2486389587469 1.57580176905584 -20.00819 7.070923161 0.304598167280514 -0.738536091318561 0.215484904695886 4.9684892344738 -4.95771010188277 1.42490142363047 4.33507331851045 0.71660553819782 2.41429571169033 -15.3122010367239 10.7539781337875 -13.1335453424903 8.01486554211136 3.74846114061346 -3.10373461285134 1.72370634643448 -2.00391359119763 -29.4279128742457
55963.70438 6.25986872220046 1.78895699158512 -18.69486 7.069429814 0.289820204107701 -0.738536091318561 0.215484904695886 -2.40142612663707 0.44869019659336 16.5444979411194 -9.33205942721193 7.90698045806869 -3.7347841376823 0.92721566656809 28.9889519590749 -8.40656890296464 -3.51509378686441 0.00491892505716995 8.24770173394138 -10.7247831923484 14.2080230078 -18.8606705094462
55964.558085 10.8316789549165 1.87741768734237 -10.55761 7.074878934 0.27955815831589 -1.82979622992032 -2.72505475516711 6.24760705615561 -2.0253438724981 9.5573709575942 4.24072229540709 0.5891268317691 -4.4920263626123 4.3765499375218 21.7757213224415 -11.7110958434374 9.74294774593121 1.4547474543918 -3.2748441603766 -4.76411458960031 14.2482875241295 -27.9542922141867
55964.625316 8.51361926303292 2.11872978505353 -16.86758 7.071358014 0.271158564638003 -1.82979622992032 -2.72505475516711 2.08657113603978 2.70481042644666 -3.37700885032832 2.88602244609666 -0.394324776738211 6.57914056953299 -7.48838455097005 1.9424398067605 2.55789489199655 -0.4972932441054 3.22855663763818 -1.6824597694418 10.4561654701098 -6.1907106486924 -23.1263342974831
55964.703599 14.2603608609725 2.50040167394569 -12.05767 7.069061489 0.278533334568612 0.931793193824753 -0.746938057030342 4.7793703931253 -3.3857453324224 29.7538131674561 2.1699124599561 -4.2513929929236 2.6590482642197 -8.26117467765308 -31.1925521846998 18.3549623450777 -5.5275471095475 15.5922140287956 -15.7410365162556 1.7432743413649 7.4373668526946 -26.2702247027319
