Time RV eRV BIS FWHM S-index C3AP2-1 3AP2-1 3AP3-2 6AP2-1 6AP3-2 6AP4-3 6AP5-4 6AP6-5 9AP2-1 9AP3-2 9AP4-3 9AP5-4 9AP6-5 9AP7-6 9AP8-7 9AP9-8
52939.735199 -6.34503668426495 0.538163636320944 7.360011 5.957779044 0.185696582630467 -0.88973585922069 -0.0916563570072002 0.00946599075856991 -5.8792433647052 0.566539764443371 0.7764050701639 0.734726389672019 -2.50870010499044 -9.64077321916506 -3.0874864794172 1.24067206284606 -0.266303480866831 1.76223333641474 -1.33870670853809 -2.17152586894693 7.5086558616172
52939.736587 -7.73686947696844 0.536326635009368 9.102467 5.956831537 0.188323691465542 -0.599226402589991 1.33654633039075 -1.12701058990569 -1.882320455849 1.69030547989025 0.00129751018786006 -2.38297062213793 2.94591308180362 -6.70148871476322 0.84046307536679 1.19007174217619 -0.0286306699494103 0.49225371048841 -3.55235937218393 1.91442102761784 5.78139517171244
52945.695389 -7.01774348551151 0.5423428593365 8.151788 5.952916895 0.184690887674764 -2.18023796746444 -0.54627252001914 -0.473742242710481 1.69123179902588 -0.935174308973751 0.12717372675712 -2.09591399692303 3.65986886791082 0.0978743798703698 -0.0181123397421699 -0.0445286913622001 -2.74123132548349 3.62164736000543 -3.44374264057477 -0.32639289216656 8.97803434492193
52945.696801 -8.74964359502697 0.515989265490924 7.643638 5.951890117 0.18508831442868 -0.679611248285749 -0.52354153333695 2.66048983400018 -3.616565867665 0.52839269946014 -0.66115957364557 0.0588395570410203 6.68300674418024 -4.38269469994787 1.98905533328437 -1.31842214471983 -0.389722827110861 1.22125216683214 -1.2264935832274 3.9273599484271 5.91429388824041
52996.641202 -5.36743300947738 0.619038225518359 9.358153 5.955934247 0.184301897713347 -3.905326209004 -4.72062821131353 1.08743210775089 5.86906037659757 -5.60736993560494 -0.27511485716053 -0.95182377503514 5.09265649179575 0.70623640601903 0.57686253372554 -4.4907196464432 1.60010011238185 -4.13898292948588 2.32739760755332 -1.25160622868697 7.39348688167527
52996.64266 -4.58302095004704 0.619740961031076 8.100969 5.959292452 0.180357689943806 -1.70265687741279 -5.35204167088437 -0.20103500189479 1.45714488562215 -4.00218385120974 -2.86738878280845 -2.46600377675193 8.20655285590946 1.09742866207495 3.47245159374283 -5.10397798514877 0.64626028752801 -5.50775490361378 1.84943547787986 0.145936298105419 5.09953757354793
52999.542751 -6.59344393648474 0.53129380048242 8.861354 5.951819229 0.180600116278196 -4.12137572239483 -4.90590029809064 0.43115141082063 10.5622234295934 -4.48787112275329 -4.33892813770167 1.4136469189056 2.29563263611125 9.8775682766318 2.36504371945503 -5.17972055674707 0.25968871817476 -3.74397059736442 2.61720665558119 1.09856979649405 -2.63969228682202
52999.544163 -6.74816348218775 0.496294662457545 8.261921 5.951812489 0.182329456877219 -3.27463112339825 -7.38424119436131 2.1626386964259 -1.87226578099245 -6.54856311465893 -0.89998087386091 0.00310986361852095 6.10821848922441 -5.71901664292533 0.62563959009542 -7.573040958798 2.16557205821075 -3.24809625644219 2.65448323948391 -0.0811564252038002 4.40217312266031
53002.542524 -4.01464600575765 0.522042052440764 7.239712 5.952346662 0.182674961828238 -3.72969243337443 -4.56239073111767 1.70664644500904 10.7336893921716 -4.07708528881962 -4.64068004987629 1.66916806804953 5.19585029930389 4.94291581853595 4.68943935296315 -4.84228595215935 -0.40583065952436 -4.54857042257955 2.71295429287678 1.66082524558965 5.46890097976522
53002.543936 -3.98688835969833 0.533570634951827 8.343058 5.956416185 0.184740462908556 -4.32467269039667 -6.28599574631748 2.986915960127 1.50211230297239 -4.29829867141768 -4.18483593585037 4.08623804547393 1.93506266696124 -2.22831580018498 1.24554015600861 -3.11076295940624 -3.57281189000495 -3.04522601980968 5.78573535283131 -1.9112972746647 6.36736660611571
53031.510808 0.488917026384147 0.970329494510147 10.774126 5.96205945 0.179435219140365 0.322338678630154 0.322338678630154 -2.67181022734989 12.0170420054769 -1.69620194217689 0.230154309618119 -5.28939417092876 5.93122669832315 6.19045922508518 4.55637642627501 -3.76139459489335 3.42115121318356 -0.72775716917477 -4.22478496476984 2.42884986588448 -1.78554734065406
53031.512336 -1.73808616707831 0.752385881829252 8.431221 5.955979866 0.180470035633667 -3.21232047810274 -3.06656258748188 -0.63269104718691 8.22095153304562 -4.95123746656083 0.98903894259785 -4.7241562912126 8.40779283403386 -0.35186197578659 4.57901224966191 -5.91406281293036 -0.74025757561513 4.04691316135408 -5.52991237984633 4.25188396873976 1.72499491119325
53034.530877 0.169444618845921 0.502425346972485 6.46359 5.953953638 0.186610876957706 -2.08328758724619 -2.99764960784011 0.741893973545092 -0.73240447880192 -0.67754243491645 -4.04562388656361 0.82301333990714 4.34199594906368 -1.59013221218405 -0.4028197648475 -1.4427871555588 1.55621724948045 -6.27802849321274 2.7758411484933 1.65129229308273 2.79852779227755
53034.532289 -0.665559384589049 0.495636019352823 8.452353 5.955230852 0.192215059203623 -3.07965940799503 -3.89012544829467 0.20231041528127 -1.95294730683684 -3.01297226595969 -0.94878098014888 -1.64020006527588 5.48018179079823 -0.94622804177425 0.92320005976417 -3.99696323277894 0.0400227317286799 -0.67465700484486 -0.0561691866367202 -1.05912483416539 6.36116718311731
53040.515269 -3.3924231418688 0.824725390558232 10.718422 5.952047347 0.15955717746766 -2.40149861824617 -1.61734642924035 1.8885764315964 8.8459923450079 -3.64521124604913 1.28280880184782 -1.11469523298426 5.61948812047871 15.8886610509285 2.33073412138124 -2.92145366789674 1.05150855556617 -2.08719582989665 0.15720521530092 7.94150967255 -8.14516723753528
53040.516751 -2.63774258768877 0.741746531272831 7.467655 5.952218434 0.16815012708419 -2.72785365584276 -2.53832607047921 2.04611239338755 4.42886642367803 0.010836710660694 -5.72143832687908 3.80135456014514 1.66327949440878 4.55700783372341 -0.840400046881282 0.900531787765533 -2.92841859269056 -3.0965795567793 2.33204750882513 5.49838246040415 -2.72765481484225
53191.905186 -1.87273267977494 0.565783194179343 6.016827 5.955821645 0.177952743462713 -0.647359919844455 5.38800906424987 0.204868860198809 7.69738897980042 4.38884724875216 -0.747661669461801 -1.04941987071432 3.95672826696706 4.66227967951343 2.00646685779373 4.13666764588418 0.922954227269933 -1.2662084211821 -1.25434332035519 4.2659917565356 -1.1094903927577
53191.907305 -1.5807051177413 0.563225547003614 7.937184 5.95559553 0.182253937324836 1.30922235025033 0.13527347156934 0.14761523271436 8.5137880990793 -1.51517610741172 0.18120519954785 -1.31752121164352 3.39184422773686 9.48571893927108 1.90841216529335 -2.14892711835222 0.68086531246725 1.31849370886983 -2.60148930485049 3.441997245122 -0.110915835193209
53263.889296 -3.91061315875901 0.357987449822205 2.149154 6.078085541 0.173877222987273 -2.07494690952967 4.45946269753906 3.63603389404773 13.3409581353981 2.2547070915821 2.38890879016043 1.33072047728989 3.12560145274567 1.2121491929753 7.25901638027953 1.48601032153492 0.6922203255358 1.67593128708105 1.55371646699887 0.349741537128683 4.11590060120928
53263.891461 -5.97972629749447 0.373582678584048 3.755141 6.071157773 0.172116245368391 -0.57935486268551 3.84338443364805 3.86081249848471 7.83487131519371 1.37284100243569 3.33456206135102 1.64162827596847 1.79533539192987 -0.738374560852399 2.29857805909936 1.08929918676477 2.3162346458951 1.37220733531554 2.09957245907907 0.08514838121227 0.96271282839047
53272.797528 -0.864237000539567 0.441303007356395 7.663223 5.963990888 0.191710604353446 -0.405092314502759 1.77412997715276 0.797388417412238 -0.30753733367497 1.34203341902603 0.916575866457641 -0.266734458650236 1.55139306763241 -5.99015536932179 2.19020629516507 1.03688007982187 -0.33856377391779 1.00161326749243 0.401593745646915 -0.640817386666774 1.1169303829667
53272.799692 -1.18297717437773 0.422851123828892 9.006082 5.968426799 0.191736545107633 0.19562758397144 -0.48896137294099 1.04194173620821 3.51599164973045 -1.4180160730751 0.51734130608494 0.633529501431409 0.407106875974507 -3.77195356523287 4.68659030335516 -1.55231785722688 -1.85417411171677 1.52793390948847 1.65325025429133 -5.43252621704165 9.7503917709297
53298.669479 -1.63678531202213 0.490607502662109 7.073024 5.965370591 0.182602592274621 -0.099349093816292 -1.53916322261762 0.92147224736756 0.885606042399277 -2.76004899085015 2.00479901301756 -0.97122580910521 2.27944126739944 -4.71845097132849 6.13060954840284 -5.14654681434682 0.50401160826103 2.70204304484085 -1.84847937767415 2.02517317589521 -0.8479228291025
53321.69535 -0.172645225741258 0.343870849297849 9.589665 5.966569172 0.191046277672978 0.310534150521441 0.434801370959528 1.73008784144238 -0.522715059340619 0.403697548048467 0.275087768303534 0.351188594258989 3.04699205306903 -0.343661314173818 -1.90023666854791 1.06060825683008 -0.089683293567201 0.844903124044924 0.936431748588923 0.25748823072896 0.80646452653579
53321.697248 -0.324586319751567 0.350030458807833 9.683401 5.965519754 0.188979388716443 0.876407930327287 0.876407930327287 -0.15160772383279 2.41836691079962 -0.17463811004288 1.14697324523543 -2.25342602286212 3.72537751721131 2.9575772003021 2.15763096628651 -1.30767275926916 1.17650714546263 0.907391931690053 -2.66568798923775 3.50818354379438 -1.49416836459732
53321.699088 -1.0891589897887 0.350395303071734 7.889304 5.963091984 0.189295679630151 0.71329008792723 0.71329008792723 3.06633208962837 -1.4148629476409 0.15514816249822 1.6823575699785 1.84336277809007 0.92125016135933 2.78518261153948 -0.27303157525859 0.43091766699008 -2.10929188069001 4.74775326843364 0.98588377983134 0.50334453359091 -3.33273759616123
53321.700928 -0.586604851360484 0.374575487239715 8.620134 5.965709027 0.187185545940055 1.50175278325668 1.50175278325668 0.18715103000361 -1.4236808083489 1.48683215950072 0.579823824619472 -1.28196016412581 2.88392056122734 1.83898527089087 -0.24309509907205 0.867683347426132 -0.683075652757762 3.10640016675601 -2.72821432593984 1.72501165969074 1.49149513671415
53321.702826 -1.05874950962622 0.404725547373073 10.248644 5.964706048 0.187750511828114 -0.35004719288929 -0.00947717428264006 1.08114181776632 3.00088694619411 -1.56660621132415 1.89562935410054 -1.6268469580187 4.33375884075668 7.11296592545791 -2.41910452659356 -1.01921044733838 2.56945876600915 -0.168004411147586 -0.932276651566764 0.961105006033881 4.25544417649778
53347.640242 -1.02207651590888 0.406170726955606 8.442492 5.960328998 0.194698460784757 0.669073255401271 -0.795501437453042 1.8612230056673 1.36517300026865 -1.98177239184073 1.75981512586889 0.667561868281048 0.863911002051005 3.86113969527966 1.62352207472271 -2.45467944628198 0.22176312825634 1.63555269258379 0.119274796468393 0.210609829988945 2.82707724558331
53347.642163 -1.0461163271649 0.411911855092716 6.320816 5.959246942 0.192166625474245 1.86208007408673 1.86208007408673 2.59555902019254 4.36137722336244 1.19950278078499 -0.328589468706006 3.27736286765147 -1.27237840110866 0.0204505063387206 2.67288773428301 0.818602713392982 0.196590449569494 -0.602169676713146 4.33602528851365 -4.17081127835024 3.91960046696179
53347.644003 -2.63725387091477 0.36507278978645 9.405402 5.958010538 0.194096503256041 1.56512801640885 1.56512801640885 1.30117771719479 -0.71552187464457 1.09241053366845 1.19433662591205 -0.24086498041876 2.29575587807324 3.70149469137654 -1.4381578007684 1.57236774789338 -0.60054784826968 2.14244519220118 -0.17818171245311 -0.78527615958561 4.00514183898685
53347.645878 -1.40650697849987 0.361217103478623 10.134913 5.958971806 0.194660986798889 -0.01247277312373 -0.01247277312373 1.7458491975836 1.0545230421413 -1.14589451369136 1.78656722581489 -0.75598912691967 3.99354213469019 -0.1745048892301 2.74582554668936 -2.66664012996737 1.18279236705268 2.0082660387064 -0.460673780067132 -1.05299470421005 5.97200219320279
53347.647753 -1.10803849415869 0.370047182474863 7.057931 5.959748043 0.194415873451568 1.36365951628188 1.10758759552437 2.23563259259315 -0.20393187584831 1.01238968498273 0.25872454996688 2.4221199988126 -0.750673406230021 -0.901281470002016 -2.71790859469399 2.1149005970909 -0.37332133402841 1.26558530174648 1.88341763827704 -2.57962346948007 5.48105839185219
53541.930555 -0.241238800861927 0.482442420405569 10.974846 5.966211949 0.202931186865146 0.936399782122175 1.24439848860758 1.37229671113251 8.95152265482557 -0.867589643260303 0.921472019994269 1.55158774855617 -1.43626189745891 2.11234790241557 4.44676532751631 -1.0788868220485 0.21950103038203 0.58270471430012 1.4383683743643 -1.97728522319504 2.85653324673839
53541.932442 -0.262471412958955 0.491084402359445 6.334792 5.965000908 0.20040821125528 1.57307991875819 1.57307991875819 -1.60208183416969 6.95124611664649 -0.03739862344044 0.625308030539395 -2.3360823627455 1.04634987654458 -3.73565674995675 5.12511938495217 -1.12535523750678 1.15877099395661 -0.00822448821286104 -2.26064734243773 -0.26227150415895 2.34126388989185
53541.934352 -0.697869537442873 0.491803069329049 8.544801 5.968310078 0.203736577274826 3.70547151103545 3.70547151103545 -0.475411593070013 5.28698199741409 3.50301082707717 -1.43184776091366 -0.971190888741259 2.72426158936929 -1.5002053124289 3.71086924671917 2.53754589296984 -0.639066709833218 0.357588313912472 -1.38115176664901 -0.4169041584326 5.92912571052994
53541.936099 -1.12657678090383 0.45400080197005 8.992619 5.966350645 0.202649021346284 0.74295287043686 0.74295287043686 0.559686678587692 9.73051955931225 -1.31508210972999 0.479116951523032 -0.869240558910862 2.80236869242278 4.73202217202162 4.03417890377858 -2.37742075531126 1.22903808753165 0.84846753809529 -0.248991747255656 -2.99373127645434 7.71110562804477
53541.937963 0.908875783493098 0.458015930926778 10.099044 5.966489387 0.20116781303825 0.606450197807454 1.59203574937121 0.33439924997485 5.24941214028174 0.631444427978827 0.0100582258805599 -0.640242222462154 2.26907940927391 -2.48148790491981 3.72767916406039 0.77770428220872 -0.49841369095713 -0.649662384859066 0.654648228604316 -2.02114221393919 7.13564210048791
53600.829335 3.62253278118381 0.528132493128789 7.035524 5.965589326 0.197469253336677 0.8626667865297 1.50990275852257 -1.38651048057139 -0.15054707206189 0.70929977148144 1.53197608696018 -2.40445910524147 0.75008079029308 -4.89869924915398 -0.62410688295088 2.54872603721171 -1.46142564317152 1.29445237117227 -1.68425726238349 -2.66526050604389 7.42599290972717
53600.831198 2.94349646544981 0.606873078555551 5.954823 5.968201804 0.19782129297403 -0.46791075754512 -0.46791075754512 0.56093545970864 2.52355154369129 -0.54130423312676 -0.73215664599847 0.46561193972975 1.02597867974627 14.7740250863421 1.68778061790825 -0.96438662604587 -1.07798841672379 -0.75820228751489 1.31456703883898 -3.85896013269677 11.2987827460395
53600.833097 -0.0822509644152994 0.476358352870676 7.653957 5.963063509 0.197474435092263 0.404230411480141 0.404230411480141 1.58361849580849 5.14908270323858 -1.29835729452074 1.38009801182637 1.12023693529121 -0.41462970828708 1.44194502712181 4.30619035086447 -2.19882648008426 0.446260959097579 1.05230838572136 0.659258732976825 -0.632065176326946 2.52012086276316
53600.834937 -0.522225477998984 0.48839976910641 7.177646 5.962353395 0.197278555716156 0.049581992280454 0.049581992280454 1.97968646906943 2.4365033923964 -0.456951488544736 0.101469790774176 2.32158045629149 -0.928200212951847 1.78406956797708 2.79582445290817 -1.97402239584495 1.3281295054642 -0.392706447178057 2.48184932658197 -0.795398872558836 -1.45115553698963
53600.836801 1.15343786097128 0.491986696068271 7.183726 5.962638327 0.194159962496748 1.62142638015457 0.117603727234167 2.80793131444118 8.17649452609839 -2.95428246190353 2.94569279121403 1.20406181514507 0.54934835600366 6.53965426665666 4.83596966865741 -3.89580134912457 -0.501298637957523 5.28713060337421 -0.49045087853456 -2.15606201478106 6.97633983726986
53624.806621 3.00900778493375 0.502440560772192 6.193647 5.977741264 0.205959281454349 -0.868405896055512 -0.41990958749874 0.20431691729335 0.74706724868473 -0.08084550597991 -0.86617151684855 0.34489961335393 0.59295417843224 1.04081920086518 -1.4346413666189 -0.0234422584602201 -0.49153472288056 1.24703001156607 -0.47333216334227 -0.32850886299389 1.26275545957838
53624.80838 3.65526359348515 0.447167881089008 8.740257 5.976938342 0.204704121040565 -1.19462956995659 -1.19462956995659 -0.0491081180064801 -0.207701301100149 -1.76867604300796 1.11185549398131 -0.8235896301175 0.65424538532459 -0.45025578168851 -0.53022397169782 -1.86579795052506 0.95190995268157 0.69011758488878 -0.32137159516258 -2.13749709515413 3.48989072000026
53624.810232 2.54190431976913 0.447427248896327 9.812926 5.977106097 0.209646263910131 1.0883663364717 1.0883663364717 1.25085195405632 1.24869551024005 0.35710340852967 0.90855662551941 -0.15596766115293 2.38202940898337 -4.92114646084609 3.68245318089359 -0.38040380939924 -0.60721544336617 1.56294064876304 -0.17637545556718 -0.971002623003 6.26430100070009
53624.812084 2.36151942230623 0.417678404795423 7.521706 5.977154491 0.203810228100777 0.2475438175386 0.2475438175386 -2.34039196939523 -4.29715764545653 1.68802027456028 -1.15577145812752 -2.8956795587516 2.57879000839988 -5.12387408405038 -2.02960611294091 3.26218480390374 -3.44027856883326 1.22267166344131 -1.82915359442568 -2.01739343173126 4.75462732890147
53624.813959 2.35098381068269 0.405562900587428 7.093275 5.977286364 0.205261118371848 0.12945183628466 0.87516611425268 0.2337111165312 -0.54916818737652 1.3658562998189 -0.71335722822339 1.04714554471766 -1.17829868226788 6.64529188720114 -4.04966991465611 2.20349276243914 -0.16340738619906 0.25073673177547 1.61456616734365 -3.65274107843798 2.20948809264308
53636.810692 2.31235650514993 0.5756510831981 10.179006 5.968456163 0.194243506413627 1.22218556737169 1.22218556737169 0.20180154940469 -1.90027005110366 0.44521315735937 2.03978073612247 -0.74194431636594 0.0414325667125799 -3.99640054829253 -2.25748957783897 0.600795670139038 2.7638592268873 -0.39586459044679 -0.74415517574738 -0.23728109815744 2.39512856979204
53636.812463 0.223539029942938 0.50586050778168 8.379633 5.965208585 0.196441819662627 2.36564491823968 2.36564491823968 2.47519454946732 4.48963654326027 2.89724559234675 -2.48401220856853 3.20661628671063 0.96836918053342 3.72468374511775 5.01156058770522 1.64607580366685 -1.43919905199306 -1.51969768734444 3.56931271073274 -0.80879857812029 3.9299289123171
53636.814373 0.840678821036306 0.574582533630175 12.925478 5.968267569 0.197944486169055 2.08874414468112 2.08874414468112 0.11782518588322 -2.08782473324808 1.36367366341563 2.00603970331813 -1.65964593923949 2.02949313706127 3.2833586732486 -1.030911487432 1.95246044536263 -1.59016556852278 3.81984761196537 -2.25669082799879 0.00939828515624197 2.67853301748563
53636.816237 1.692023941366 0.540927573477623 9.907307 5.967773758 0.198054305572433 -1.90976108933854 -1.90976108933854 1.93333560357177 0.1980094012214 -2.04543156068923 0.182854927997341 0.019667724148175 4.33918901968517 7.54674627826036 -2.76423177458472 -0.90577549017756 -1.46125172042051 1.89037154333218 -1.20672449032455 3.83858824565232 2.20375472241989
53636.818123 0.889324995357976 0.535865225744744 9.709888 5.968959056 0.19489248841986 -1.35704394055697 -1.35704394055697 0.447993100465728 -1.5997406620147 -1.24770113531744 0.325083036567421 1.82857719868838 -3.5788593745885 -0.28274592923782 -1.2091952311193 -0.948216241025485 0.715068548438645 -1.01696684568717 4.01368008478917 -6.4809193414453 1.30297736149291
53730.610307 2.78219187470736 0.385023268261931 11.689806 5.975431829 0.213940454211719 1.23338130995479 0.46087240025466 -0.26113324757865 5.45562048583024 -0.18452916530418 -0.6920505957422 0.24514201424553 -0.46166500031157 3.55577670091667 1.81328997148896 -0.55532997445426 -0.44753331711787 0.92642315784084 -0.34871253502051 -1.83767303362597 3.41818290496806
53730.612136 3.55480127022883 0.374270967178457 11.268927 5.976272868 0.212166240660961 -0.42203698136459 -0.42203698136459 -0.81611146072051 -1.20985666992804 0.55614592068028 -1.3683255023229 0.21474697236461 -0.99389471328883 4.03540822921354 -2.82347640757497 1.35187922433975 -1.37392897737557 0.24576842560852 -0.56427976667698 0.79994153930631 -2.1095924577914
53730.613999 3.64014545362741 0.375785737623492 10.629725 5.976732915 0.213736599341804 -1.02332636063627 -1.02332636063627 -0.06089320674098 1.64112006685257 -0.78485165406095 -0.99706019597973 -0.0138984299220501 0.97794976777532 0.69653888790029 1.13639802828979 -1.44502318260859 0.69208634329324 -1.47619346229929 0.48600568743364 -0.3878482478973 1.8223650011995
53730.615862 3.56175542650568 0.393972047424921 11.707711 5.974520729 0.214534320337771 0.69690303251347 0.69690303251347 -1.01163668189147 1.20718276228339 1.6816811364192 -2.21897599542595 -0.34250792938575 0.82208005815428 -1.89609508435434 0.45403137226643 1.66546221480345 -1.4297031169558 -0.2073598237626 -0.63807631188706 -0.61361837182874 2.91871840273634
53730.617726 4.09043782481781 0.387936830503926 11.456483 5.974052765 0.214059101312764 0.724139730448738 -0.33458239784519 -0.57422478993206 2.98387654790772 -0.98551454409704 0.16733403929421 -1.1473704222965 1.19139062453463 7.77147438672244 -3.72201147826371 0.43770647395061 0.86927463634961 -0.65459620421034 -0.78224980206746 -1.21971403737141 5.22766731739136
53731.599646 2.80328960873012 0.324507583456281 11.975092 5.972649109 0.21255935903584 -2.48852004951636 -1.443870553051 1.04919844766728 -0.96967480056654 -0.53654666078034 -1.36166309689444 1.51119546018954 0.44452881036234 -0.15652209818243 -1.03474569262157 -0.59447014573774 0.74663617479795 -2.38578865470952 2.66953994780307 -0.30376249273076 -1.22656294675772
53731.601498 4.03952078932666 0.323538172236435 10.250494 5.971687437 0.214447446124562 -1.27799457820464 -1.27799457820464 -0.41455094875347 -2.79316543566572 0.25064557392644 -1.88417551253489 0.0286216055256401 1.09855733166469 -1.65242176066317 -1.9971600274886 1.28233228542009 -3.15822710177188 1.25486321519054 -0.01445584185482 -0.45330346515661 0.64768735484146
53731.603327 3.88472682877154 0.343293715280499 11.527537 5.97369139 0.214300936522884 -0.37807799141332 -0.37807799141332 -0.48996761801047 -0.74317402102445 0.0394579864890305 -0.51289082932812 -1.02377386994228 1.87491149514643 1.81869010335734 -1.44715271085829 0.23494845794175 -0.73349163044506 0.99924436646979 -1.35106666824501 0.93204197843135 -0.0313355082315203
53731.605225 3.27709936966523 0.329987040145848 12.061763 5.972512982 0.214336810744403 -0.50275331733217 -0.50275331733217 0.30555054710318 1.23090663688789 0.44004990572483 -2.20805371048757 1.50196847235391 -0.41171656438026 5.83751073715824 -0.33559843711004 0.64321489378096 -2.61123360370311 1.03922367885953 1.33281292813421 -3.44722817072759 5.42722428703634
53731.607088 4.27381043068554 0.330942226485458 11.255717 5.972848561 0.213671647056007 0.244354283265619 0.69677523610351 0.360057917047079 1.22791329287476 1.21043286158086 -1.40815378779988 0.72196885367409 0.73705553539974 0.51755122097376 -0.40084523438236 1.69885062558397 -0.41542393884708 -1.59255755979236 1.60046386786827 0.29431256609115 -1.41020119868124
53732.56261 2.32427183438358 0.345303402970286 10.000413 5.970094385 0.212833012083261 0.462460773080147 1.37342847938274 1.04175269243474 0.625883159204385 1.29256318234605 -0.07855769501752 1.04439185368365 0.0852679705704702 -3.56079346834822 0.333027526169072 1.80268046162862 -0.48708702216677 -0.0656432417013399 0.78898042756461 0.79028016620836 0.28042875969983
53732.564438 2.84051790555558 0.34100871836192 11.541691 5.969759571 0.21127821610025 -0.0460672808268296 -0.0460672808268296 -0.99796390236299 1.56024992223295 -0.58794384873465 0.44279116616298 -2.03664930684985 2.09522853455332 0.26933599372493 -0.34073882894925 -0.38892074781235 1.78492046474714 -1.94425415627149 -0.38307825539462 -0.84606452920339 2.56183303363016
53732.566313 2.88477078716589 0.34764181546906 10.48461 5.971646595 0.211944062461337 -0.38434342116678 -0.38434342116678 -0.86844091160985 0.13252685623466 -1.43613014048094 1.9122574234801 -1.36625708089354 -0.97464729480465 5.72229632396397 -0.86160229728206 -1.35064404598129 0.94633377270108 0.8908703139355 -1.30669335503814 0.64365386572909 -4.24708552117506
53732.568176 2.77367360824805 0.340063126617917 10.811281 5.970485381 0.211558834005037 0.87388662593478 0.87388662593478 -0.70076023674667 1.37307969816859 0.62759197893476 -0.0545864398733498 -0.26254158747968 -1.03788547601254 -3.47822553702133 2.06818639822035 0.26004260370057 0.7497283934757 -1.49528891344867 0.45826656966128 -0.92452925856921 0.00234591063397005
53732.570028 3.17829185904925 0.338046844587729 12.180131 5.969940839 0.214207058175663 1.34281246946999 -0.0834376153268499 -0.73187350766771 0.80492455603564 -0.81159724085054 1.08074088520727 -0.20609280373606 -2.62079744884274 -0.64473988378638 1.59372642612361 -0.54654236455749 -1.26182594958627 1.81273269111707 -0.85075815896151 0.73557054531834 -5.53529982308668
53766.556521 0.629163595666882 0.361933306403333 6.644262 5.968514273 0.206061124126289 0.811132410529002 -0.431819002211631 -1.01856577069642 -1.97944217847934 0.673849795906031 -1.39576299315305 -2.21978877865046 4.46681040170232 0.438360053614171 1.35379392624681 -0.28179466274912 -0.677214174220256 -0.815608329617013 -1.82280646389241 2.67869899508138 0.922173820261579
53766.558396 1.21279104497687 0.373147137266707 6.865748 5.968396426 0.206287467320077 0.622685627771444 0.622685627771444 -0.779245633892244 1.03013624338337 0.07341182001001 0.66846953751418 -2.06779973086923 2.34394180436056 1.23595385465045 -2.04677465824307 0.951446503927335 0.37976174576831 0.5288426301212 -1.43409105481894 0.33936577146972 0.149295980333752
53766.560282 1.09337172389813 0.375216790993757 6.83974 5.968814033 0.205974409598459 -1.06862869120581 -1.06862869120581 0.780693390303036 -0.67046588451196 -0.57502625899025 -0.692549273845809 -0.257398076483974 3.23185503708487 -1.66143148685233 -2.42594252140857 0.323691066017534 -0.45561970520804 0.067744589266432 1.02480996557026 -0.915391668923839 1.88491874803141
53766.562169 0.391577828373869 0.376664296627659 6.431284 5.96852737 0.204353480114926 0.972691299059395 0.972691299059395 0.675399188470675 1.31969772771811 1.34537732617396 -1.1429057695902 -0.108114869116237 3.09819739095334 3.54406731900914 -2.15842280164869 1.90586924245805 0.597145355104935 -1.71070306731806 0.63569627841937 1.45704128271313 0.79410599083424
53766.564044 1.34627593514716 0.380925277802446 6.173647 5.968266144 0.206322587189795 0.0985026801653542 0.845054033734949 0.04523751479995 -1.13629464217005 0.644539008092614 0.76508548153083 -1.80805494535839 3.58273671811507 0.73447793009172 -2.81867120306055 1.68688737843404 0.32629947275892 0.14446614420725 -0.57819230839274 -0.205930965149825 2.95706045784449
53987.913221 2.49134136618573 0.369063952879921 12.354011 5.995695224 0.239678696920223 2.86722318330825 0.40232682110615 -0.20353824110867 1.96172852206718 0.20732173026589 -0.33394579420765 1.27334389718564 -3.25233328271496 -1.39910178715094 1.2917687462906 -0.17925311451872 -0.40603528033118 1.04537611505347 1.84717029063358 -6.24421568602926 3.36611216067228
53987.91535 3.53204681147607 0.358014698744895 12.891643 5.99354995 0.236388091691412 0.99770243472097 0.99770243472097 -2.83302941778041 1.86180568076056 0.76196225574357 -0.2204169588567 -3.24523104291664 1.26929706093684 -2.2539257280282 1.19453785549355 0.37941429455684 0.50798423217489 -0.2226794365182 -2.61867111598921 -3.39203890557898 8.39763905209925
53987.917469 1.64585895535373 0.375461783198012 10.772662 5.994319154 0.236042953718995 1.91959105212709 1.91959105212709 -0.88069123242697 4.04324742238821 1.69244892732766 -1.0261845634765 0.49982438931836 -2.20642814197356 6.76649054200191 1.35407947041582 1.14755151319964 -0.09210274386739 -0.45172434487779 2.02538100080082 -8.05930436443344 8.72992737992181
53987.91961 3.88551999231274 0.388776183917715 12.395653 5.994334099 0.239316324751358 0.486540988239829 0.486540988239829 -2.73634160756226 -0.820326754208979 0.71642923618449 -0.135157363159609 -1.01992889829804 -4.06100012780358 -3.83605838662712 0.63339928737313 -0.17386455669791 1.76042504847474 -1.4526858761055 -0.0709294889138805 -6.21624609760845 4.87611031411426
53987.921728 1.71058997073253 0.372469963078363 11.916929 5.993381444 0.237296376406652 1.94111078825262 1.94111078825262 -2.08011281713774 1.7192959459189 1.34504551901317 0.50626638140855 -2.14784160108358 -0.403224650375972 -5.53130038432749 4.55811221718548 -0.33566198516438 1.41201689088653 -0.70751999921169 -0.74763264170143 -5.37368658452965 7.88397019906558
53987.923904 1.18467573358884 0.384781282933735 10.344952 5.992191982 0.235954265141505 2.74002349464517 0.44849881075 -0.872560878098413 0.191432527644699 0.83517698601753 -0.78678971643236 0.19139164238169 -1.71133891718766 -2.77897812070645 2.1523008989666 0.21608871916971 -0.4422829135738 -0.597010389128044 1.08081095082232 -4.75682254985601 5.68645280096925
54046.631419 3.68789688179561 0.333971796127294 13.004679 5.99985121 0.251116066143499 0.063682139430348 0.19179768768046 0.56046648754982 -0.16143845570027 0.50505762344386 -0.53765807789299 0.30910676550514 1.24606344050035 -0.10641873511315 1.02040033785851 -0.14499430289813 -0.0211595503519897 -0.22977450373279 0.98097063456172 -1.74687054685205 3.47650313135569
54046.633572 3.25649577898604 0.342780889262439 12.93627 6.000814363 0.249796245204422 -1.21253159607438 -1.21253159607438 0.87114401325582 -2.86290379186649 -0.80101837791963 0.30362966398523 1.04023001103608 -0.76075910000317 -2.36352445103427 1.04676602463922 -1.3703975352722 -0.71365403789266 0.90843852477752 1.42958969675851 -3.55262448151548 5.13275823267844
54046.635783 2.94870362289648 0.343856283745834 12.252007 6.000439372 0.249792291184988 2.64709018994571 2.64709018994571 0.98971438966925 -2.13826696540982 4.67105090628448 -2.97055515663033 1.63930143598759 1.78322021209805 -4.10546685648201 2.39842135247338 3.1768288837809 -0.73228836547311 -2.17559663027081 2.18063761144567 -0.80376651676219 4.59665653838241
54046.637936 3.94522470954162 0.357228468606827 13.611884 5.999658644 0.251767420054729 1.86948604505551 1.86948604505551 -0.86340816328599 0.41326226501771 2.41506800904842 -1.17559701137909 -1.40594799852067 2.6441763755772 0.41436120482084 -1.70653204336776 3.12709739301492 -0.58136952895833 -0.422737270760179 -1.10092117595009 -0.81401744526174 6.26391958884301
54046.640042 3.24388379493453 0.346199411589883 13.653244 6.000454125 0.249786924024041 -0.82470364739901 -0.82470364739901 0.34553853402509 -0.0999807488177398 -1.14599063860227 0.64468814496632 0.29280144026484 -0.600811704883 -2.76000675235433 2.45862912215136 -1.93110161114867 -0.7389705793795 1.91599884256876 -0.15160505275063 -2.86467664304188 5.57371878385099
54046.642195 2.79365073709129 0.338182846720606 12.815719 6.001464264 0.248584800807409 0.519767171524463 0.27698082914093 0.16649831294144 0.72038229640932 0.28452252541974 -0.28642926488827 -0.70536192320726 2.44629094510625 1.71176627680679 0.0423980755965498 0.0266977497371701 0.6505992123351 -0.84400899640415 -0.48671733019037 1.18597711982818 2.1394506957701
54124.53433 -0.439107358679249 0.426262714270963 9.22261 5.977571478 0.218263626137602 2.43107317794984 2.00175548012399 -0.325923404117564 -0.79973388967236 1.58533555640368 1.05417084194554 -1.51045019402066 1.7323300116332 0.810408671993965 -1.4813615320484 1.78467577463782 -0.0272991069177579 2.14131011031278 -0.906286734687338 -1.91107736406474 1.44643557539297
54124.536414 -0.702997747028744 0.404104355383495 6.880701 5.976840711 0.218925139915146 0.951096172684781 0.951096172684781 1.11767328892773 -1.38424209992776 1.77104951664815 -1.03349167764033 1.26939670996599 0.803131614704562 -1.93551667548101 2.94566803817669 0.510416986762202 -0.701152379394095 -0.575491170318989 2.0722974996039 -1.0951175164661 1.09873329959758
54124.538508 -0.264740479143016 0.408835955193825 7.311842 5.976949316 0.219906794647168 1.40122442098708 1.40122442098708 -1.43542161110915 -4.30277511152579 1.56848502118031 1.21361158723817 -3.18269613180354 2.96022836791892 -2.82705968713949 -1.34244155524154 -0.02946038076757 2.79860246629972 0.734409567731221 -3.61701444106049 0.8318418977591 2.14856964584374
54124.540603 0.968492808762768 0.436994779637485 8.664786 5.975986956 0.218772169309128 0.00961026630234008 0.00961026630234008 -1.24568580783512 -0.90006161175405 -1.21213207946525 2.56620440946844 -3.17581280014948 1.8539341449397 5.23067797853423 0.77287397728336 -1.21478251979606 -0.438914654458109 2.30445717671445 -4.08525559943963 1.95514186901841 2.90493380923287
54124.542721 0.344211296001231 0.457305452731157 11.087952 5.975798205 0.22038628060891 1.15697201802915 1.15697201802915 -1.31322764419712 -0.271059438535927 0.384896116801223 1.50396343390142 -3.17279390506705 2.92882289740246 -1.86453066876131 4.95875883387124 -1.82571761788601 1.36171197203699 0.0926182650995799 -3.34403135192703 4.3503173974902 -3.97920124392003
54124.544792 0.600323331494734 0.471053161304294 9.198852 5.977356407 0.217905957273124 1.25453926815166 2.36295824791576 0.92811707991817 0.62656354861175 2.21618171563263 0.05139237898358 -0.892902989591582 4.38629316981352 6.25127725252571 -1.7952572876887 2.75111098097898 -0.914313341768688 1.64947804058796 -0.758630481465576 0.782120945110996 2.96228485518815
54133.573591 0.751798883770202 0.463397846397592 12.294435 5.987260344 0.223028506253139 1.10641089575112 -0.559228162941115 1.88788877203957 -1.00119816398642 0.235489431150038 -1.09316287886614 2.13490555824703 0.55945012176996 7.52245158072294 -0.442940626176645 0.403749079254365 -1.79885407883348 0.169681887777286 2.76667905044757 -0.31338997327879 -1.3550496717547
54133.575662 0.34060924725284 0.461545671151565 12.431683 5.986486677 0.227013855928034 1.68101672956133 1.68101672956133 -0.539382931048703 -2.53524858120919 2.45655431549201 -0.591902326381649 -0.194503854166708 -0.196222145955434 -1.97801908497038 0.959001498198241 1.40776860227139 0.451851026772359 -0.832767082247028 0.844438432523408 -3.75308170243276 5.12308672466475
54133.577792 0.796492251283512 0.461108158236274 10.980633 5.986692324 0.222954629571806 1.20793946920378 1.20793946920378 -0.694318417411636 2.16487952604052 0.805448499815872 0.03463697805969 -1.57519934231692 2.06176587243627 1.53276786841642 -1.06830515105498 1.95801574046988 0.60806023177073 -2.07683820061418 -1.01364312362551 1.78880413586596 2.30748962213924
54133.579886 0.470405682990401 0.492773959332214 12.744342 5.986875757 0.222413846874221 1.04420676567527 1.04420676567527 0.747948589159056 -0.113867854489749 1.61925980417423 -0.988343175582435 0.55324097018631 1.49027529551273 -3.02026798323614 2.03220332346741 1.32007822945599 -1.7080257142342 0.595100381106423 0.565748436714202 0.458612748510243 0.5071371139426
54133.582004 0.259913488387436 0.476908171743886 11.524275 5.987750587 0.224444978935224 1.86451686307234 1.86451686307234 3.64148341057368 3.4378793697035 2.64135333087623 -2.4463633697493 3.53973060301562 2.79741776913867 1.45822285408759 -0.41145146940646 4.46910882243594 -2.73391088906967 -1.52683652148671 4.34595530632232 1.81547531671879 0.450785882437231
54133.584052 1.33139470098189 0.492697954044032 11.553303 5.986669458 0.224369132201757 -0.369265746102969 -0.16718229009333 0.79498343812637 3.50663380494371 -1.24975417135593 0.84867434604774 0.31809197512219 0.24366513160974 -3.37844554308579 6.2551683295664 -2.14315058570153 -1.6486909404322 1.90880606266498 0.89312670447026 -2.40026010988649 2.87902411523485
54134.547498 0.134490397317244 0.353823992845101 10.72701 5.985047569 0.227740515945135 1.08890981292054 1.08890981292054 -1.97100001537549 0.301139162395014 0.684032224974019 0.646632300459625 -2.99688279652349 1.76680775019288 -1.79317878059129 0.728561157748654 0.0685238048724627 1.74836714442621 -0.935289063961136 -1.96618506680662 -0.50186947647736 1.44807150161052
54134.549662 0.0666242318834935 0.358340108687676 12.025228 5.985614035 0.226437401983655 1.01271825133822 1.01271825133822 0.355146617929217 -1.5443354309748 0.219116266544537 2.00048174567878 -1.12650014670963 1.33631490928429 2.44462102938271 -2.93709233260474 0.7434448558771 1.52064474988736 0.851039444873405 -0.441742800541798 -1.34460530349862 2.6418287459411
54134.551896 0.57303762252335 0.356871534372811 11.910792 5.985003571 0.227095871326483 1.5837177173097 1.5837177173097 -1.12029004022732 -1.49112599597292 0.775117124723279 2.01889255430944 -1.54620829803915 -1.22319246036263 -1.53778463964973 -0.20828028341214 0.834613696596837 0.845489772293956 0.94630188246389 -0.0115082762379601 -4.56655624286592 2.23584149347477
54134.554106 0.0794124466199946 0.37518776584224 12.096358 5.984681613 0.227257024473026 0.181869422960034 0.181869422960034 0.33907519319778 0.795015894746825 0.262601932598635 -0.419918934674399 1.1197362550549 -1.41986048475981 7.81425545269009 -4.0952156073764 0.880688850764178 0.763970923545108 0.094371252022984 2.50985333967403 -4.61304693563575 -0.3666490524903
54134.556317 0.197639854786587 0.358133502195145 12.004375 5.984961334 0.229704314411988 2.06422891037798 2.06422891037798 -1.10395892892265 1.1886678005952 1.26725902110439 1.04368622874053 -0.743347933654223 -2.02725912293908 -0.0566699990878199 1.62445554158469 0.947011011518591 0.856703474307006 -0.386069281317761 0.774652944768771 -4.015002510896 0.98146702662175
54134.558527 -0.111975262916672 0.371872289605028 10.356736 5.986014031 0.229983729878973 0.972805229933819 1.26301312613387 -1.19798697633246 -2.16785396769398 1.79743564643084 -0.23502666096372 -1.42657030436961 0.800717932499411 -2.54616097811382 -1.74000051654153 1.57811477350437 0.634728941201979 0.381342182840638 -0.922090952908134 -2.32941785183262 2.79753255679184
54310.896091 -1.89409965426913 0.331373818796694 9.365775 5.984071929 0.227146463433454 1.35657379208347 2.08806873613513 1.86226518179738 1.89113393872624 2.07431384035693 -0.67907764892811 2.75528588643755 -1.48549741663844 -1.62288555059642 0.762107443394 3.03126567126574 -3.1104967983496 2.40901768156421 1.81855870969771 -1.28151954813626 1.31329121541898
54310.898186 -2.43943205118623 0.32806295979745 8.90754 5.986034781 0.229347325708982 0.5922184090846 0.5922184090846 -1.17331224082559 -2.95284548563666 1.48309554975321 -0.59034754310505 -1.08231756339549 0.48552829166356 -6.57776323946071 -0.78927118524193 1.16997497865887 -0.84677291965263 2.01580991618663 -2.18276525078022 -0.39939991519184 1.40916739945267
54310.90027 -2.24865007896248 0.33103877404627 9.728215 5.985016289 0.227117050265358 1.74392878671068 1.74392878671068 -0.1449492914171 2.38015771239824 0.76823944923973 0.93189214384359 -0.70843891025112 0.33624219046289 -0.45441752955698 1.08835791532002 0.70446905375227 -0.1770310900145 1.87812037442273 -0.98340473154474 -2.29199674572522 5.44799191567882
54310.902353 -2.75330731047852 0.330992127284223 11.034296 5.986653119 0.227483633888504 1.05961276543077 1.05961276543077 -1.05687877036695 -3.05687424942114 0.97879372718789 1.28443885684007 -1.67332916191271 0.0305079482243804 -3.65559395970702 -1.87399616458583 1.23840967724769 0.1424974743096 2.0587450274303 -2.71575564878519 0.22197729056382 1.3216411003903
54310.904483 -1.73367052571264 0.340154764404736 11.338701 5.986296526 0.228352939484731 0.3811780943208 0.3811780943208 0.39069301692801 0.15471379436458 -0.21828762525409 1.06206371335993 0.18603291765892 -0.733605691194 -4.90604926530791 0.51009458998475 0.26757828851067 -0.6856297112196 1.76491322484347 0.072091032930085 -1.27481825237412 0.48435813121633
54310.906566 -1.45199882423171 0.333905244536637 9.243937 5.986749324 0.228471710692496 0.39627375455225 -0.3932286955433 0.32394318112998 0.43982393247155 -1.26793943808849 1.46472463444676 -0.804295197094353 1.15471873649303 2.04014980534828 -1.08205459478582 -1.18083093116943 0.79049353956722 1.55773925190591 -0.829241655715638 -0.92266103316915 2.38622856286541
54339.769182 0.952520438714579 0.462575485366055 9.920028 5.998232243 0.220319562067513 0.189544053474152 1.30020224504892 -1.55712456343512 2.11626287604863 -0.04185035099219 1.72153444814505 -2.32932294091332 -0.0039960206975781 0.352225893819998 1.33344611789261 -0.12061878467428 1.80709760772505 -0.99052584413253 -0.586058793412688 -3.88154470833748 6.03258672509782
54339.771184 0.322796082748386 0.474753456187285 11.95029 5.998765458 0.219470041705352 0.717435876955129 0.717435876955129 -1.75233775894226 0.953291357593194 -0.627826423158701 2.10988478134787 -3.62902850869146 2.27017303030271 5.03942258013185 -0.194104514846771 -0.826113152668512 3.10975016659677 -1.97881039900732 -2.25385588461036 -1.67748667789562 8.93779678723815
54339.773337 1.0219249353879 0.500839042254329 10.389135 5.997874252 0.220546468237659 -1.08889202162591 -1.08889202162591 -1.46372106015325 -1.8921288463449 -1.54991611609469 1.47764143214137 -2.33829779604096 0.502776994120718 4.30664507361131 -1.94070518693184 -1.14876105922175 -0.318874228979203 2.18626080273829 -4.06925112555776 1.80663317011409 2.38516551084779
54339.775432 0.841480711816384 0.494712328218246 10.623992 5.998482578 0.221118685452863 1.43209132793024 1.43209132793024 -0.262486943683278 1.50405064241467 0.52162844131333 1.14923892227144 -1.98798182462414 2.86321168717381 3.0157801674029 -3.21250313725679 2.09258743749336 -0.010371471479534 1.36102748904534 -1.40273406767879 -1.67248571884099 6.71941002361695
54339.777527 -0.420926577875312 0.498380984694107 8.991213 5.999349504 0.221331716134972 3.14834154892639 3.14834154892639 -1.36199796538899 0.32082075639005 3.05730302298182 0.0592749788297889 -3.00553265672617 3.92079429066265 -3.31676176354153 -0.94984737717303 3.68583916030575 1.21163304919462 -2.01414847400349 -2.00441944259455 -1.91939362692103 13.971997282073
54339.779553 0.752649664853179 0.520082124707056 8.540653 5.999634144 0.220907913617682 -1.1969393080917 -1.1969393080917 -0.944790588690225 -2.7910662844718 -0.582903630887803 -0.195807474736612 -0.75915274955558 -0.235427999574902 4.84485248095212 -3.11292924599053 0.983987547648086 -2.23489417848965 0.98335089534197 -0.363541593245609 -4.31814725990036 9.96479920558562
54339.782261 -0.288598952962414 0.497320848095226 8.437776 5.99881167 0.220138232042378 -1.69259596597479 -1.69259596597479 0.387334403857935 -1.09683467998839 -2.0164520605118 0.952293109333579 2.05066660753518 -5.0514680059384 -11.9770321239008 0.749692646820681 -0.119217686585613 -4.36215525077193 4.4487587847612 1.62232131556401 -5.88324921200837 2.9608747640361
54339.784333 0.443674319265008 0.474456565424244 10.424676 5.997665652 0.222725763892087 -0.523382248294927 -0.523382248294927 -1.82336098560362 -1.79655355619146 0.239681465511837 -0.776987171102284 -1.08259623312188 -0.959001833319384 3.42480415619041 -3.97645441390743 1.59294884644324 -1.55113392233773 1.07573672598536 -0.913824200999201 -3.0939644611451 3.03769491607029
54339.786382 -0.108754562166513 0.478526001701929 9.442723 5.996023913 0.220698898466375 -0.443236774766906 -0.443236774766906 -2.71221275152567 -0.781935477626175 -0.939207238042519 1.16703814911581 -5.59051146464773 5.57982313602113 -2.40771602902003 -1.91276914998413 0.40661116254087 -0.488873452355349 1.07917835413886 -5.381923669743 1.48806758032106 7.56849177471304
54339.788396 0.378884227902777 0.438862952512722 11.125665 5.995798182 0.217689660606175 -0.968856709920628 -0.968856709920628 0.276788020461378 3.86759313415114 -2.3667583501236 1.26961174244885 -0.254155438327525 -0.113422738683573 -1.55840558944813 2.26957219864617 -2.88404696323391 2.20922117680988 -1.151312795894 0.817009612634037 -2.44218367848107 4.13209632976713
54339.790433 0.21895017118088 0.481396033744145 12.552897 5.999699028 0.22034768157771 -1.32342880192361 -1.32342880192361 -1.29350800297776 -4.44392057743196 0.171548604586473 -1.24058022084641 -0.826320178887423 0.23012431828281 4.72346253104122 -3.7934716539632 1.27260836871645 -2.02185796746418 0.230413830302563 -1.14697378659526 -0.36102856519326 3.07324415974908
54339.792471 1.12340619647886 0.466359438052754 9.311337 5.996735367 0.218022793032493 0.292556764678548 -0.87518450636815 -1.75168666217561 1.90397465601802 -1.34979136871222 0.23057939217367 -1.41912248593733 -1.06498385122189 0.1109840726436 -3.90650260590203 0.821024983673593 -0.378687614415221 0.492180171615611 -1.3072203188594 -3.32497375220967 6.23771073217077
54340.900658 1.21397887539542 0.341359195907851 11.915726 5.991505621 0.219637130090883 -0.266113808530712 0.2639178450146 -1.76366949538476 -1.52826822085413 1.36371737957188 -1.52823797468193 -1.1829844401502 0.376682739988246 1.60172692807567 -2.52712974549964 2.15651063605575 -1.43052432186609 0.11992603913035 -1.45427282232239 0.19553801276977 0.0362750246992306
54340.902637 0.113183708199183 0.324550482089643 11.487533 5.99040525 0.222143594541181 0.279369408938151 0.279369408938151 -0.778088640407079 0.575494306664424 0.287848693613022 -0.233305072091748 0.214810947992143 -2.1930600431717 0.938855613008137 1.14819959822679 0.774394472673167 -2.9358222663668 2.37632998494483 -0.173905368126928 -3.35081001055138 3.63897473233441
54340.904605 -0.0179329368588094 0.321071659765081 12.476305 5.988693019 0.220177427407166 1.35338273596217 1.35338273596217 -0.581371028122897 2.48359305992718 1.4406703818845 -1.10279996712112 -0.218533285721312 0.410606970661576 -0.17858043964545 0.522861974213738 1.97251979812518 -2.58555911642608 2.35756569647661 -1.29128241721614 -0.412545111637054 1.95948952642682
54340.906596 0.0991224753548472 0.320492830204957 13.138631 5.987305431 0.22127259194954 -0.656059509414265 -0.656059509414265 -1.09523687866016 0.18640583301095 -0.859271225012797 0.317059486378166 -1.64923483144117 1.00622642280064 3.66960319927538 -0.296303888748714 -0.927153239808022 0.107702046091213 0.246753326065779 -2.06688368983323 1.69214212160275 -0.456188875880161
54340.908575 -0.48903327063128 0.3226617457708 11.506454 5.988615399 0.21948756664071 -0.086823632328391 -0.086823632328391 -0.590136301813808 -1.05116991800271 -0.00390231739485902 0.247529978977991 -1.20600607630935 1.26656938937139 0.32075459897702 1.56544519459011 -0.61538473803756 -1.39450367188616 2.02295806735665 -1.99664901473781 0.849897265674655 1.18388745351891
54340.910566 0.950127099237415 0.31307173303236 12.924754 5.987305739 0.221105559973511 -1.55975008941694 -0.71157973839556 -1.95544820851771 -1.70014764218885 -0.22029439993426 -0.294239938662508 -1.46472826770812 -0.883600535340282 -2.25783293230792 -0.33187739320267 0.2755532123064 -1.6355248074143 1.03864936087231 -1.53547473032002 -1.23103199484228 0.5998071932775
54350.865456 -3.44101155800973 0.391083354570059 9.374833 5.977994051 0.213971683025068 -0.14769799418845 -1.83471324687337 -0.88595811593658 1.33232706349147 -0.09328071807023 -3.76392563432811 -0.19136586566484 2.56738669636856 3.34422059362218 0.26303341518146 0.28217728099152 -2.67989589118019 -1.76451133381354 0.32765503205395 1.56081914202672 -0.100579577826819
54350.867389 -3.8844619417297 0.446230660267315 10.614887 5.978962632 0.210111021760214 0.13057768639058 0.13057768639058 -1.55981964419808 3.47219342318033 0.0458663477691204 -1.09180072807585 -0.73499741076537 -0.76369810334938 6.68505610459013 -0.11998655117219 0.55217623898912 -1.24118301009592 0.14410288593793 -1.37911092046501 1.36131088124396 -3.0554890417564
54350.869438 -5.56830999949798 0.59160560803709 9.707769 5.979830881 0.209606172255117 2.62260375321494 2.62260375321494 -0.981931538359579 1.85551914299227 1.53203355853121 1.37049844960928 -3.7012159397409 5.05261515784678 -5.66902954400879 0.4939406606483 1.95323063613644 0.93998735424933 0.32609846720809 -3.18880640364042 2.23065462067458 2.85837725861266
54350.871417 -4.17611749682926 0.499080650727406 9.786082 5.978414665 0.209156646816938 2.87620456960254 2.87620456960254 -3.97121057380092 1.10448468058591 3.70423048744107 -1.90652049170644 -3.38806190725655 0.6842082914885 1.23560720926709 2.69217624228806 3.27446045086085 -2.71757010234163 0.61843512749493 -4.02393488797915 1.60305161712142 -1.61876503256257
54350.873408 -3.23557996756221 0.464504735869895 10.923382 5.979584175 0.213765105938421 0.81343380220624 0.81343380220624 -3.15531105876606 1.42393441161394 0.72824696671191 -0.33506899836561 -3.91499374952583 2.20362511940515 -5.16723732384967 0.83136455532792 1.25816599704191 0.00476790341299993 -1.31520345086721 -2.46254705183222 -0.17724368667235 1.19026080546553
54350.875353 -4.20032092829517 0.429310528276723 10.736688 5.976496979 0.211632984608199 -1.24978288611545 -0.0660697338843494 -0.8084957268296 1.52337561401107 -1.22912241839402 1.61687490989603 -2.97591630751299 3.41893782145513 3.538539393373 -1.80093641451762 0.18258369499187 1.08383653268685 -1.11969666476024 -1.8050556856294 1.45582587643986 3.16236325771155
54364.674855 0.331649010355341 1.02067385039698 10.989562 5.999283748 0.229825795235106 -0.0676360413932968 -0.025588734813441 -0.975547574382348 -1.63798907654142 -2.27824192912634 4.41502867750248 -3.82227698675052 2.1750831232403 -7.58820006274813 2.78499484150384 -2.21899267777214 -1.82637518017942 6.6081235208269 -3.20420100827049 -6.2800345892112 11.4866245717428
54364.676962 0.124894477400254 0.819051937873662 8.726152 5.996645101 0.226134300534533 2.03466105453078 2.03466105453078 1.70553989093677 2.43296660877634 -0.0892133775356201 3.04502158120638 -2.29695241007146 6.20173764264267 -3.47203345621932 6.84628285715199 -0.316602456587218 -2.70685901634133 4.26972347830601 -2.20894353321846 4.4180635318589 -1.07168504011953
54364.679138 -0.919495798744956 0.878880099580658 13.017173 6.001600726 0.235799190402752 0.0862663722032899 0.0862663722032899 3.02477714206507 -2.28923260255292 0.51872189425763 -0.10831976742117 2.94004066753506 0.30166145231364 -15.1968060907425 0.19138749488112 0.0941990190515503 0.22478348548389 0.963084387706216 2.95527769914935 -2.1307785335024 2.99554691383418
54364.681129 -0.538084090466339 0.967824028365903 7.890886 5.998853523 0.225120796979562 3.00774844310206 3.00774844310206 1.02665122023694 2.38919615714274 -0.93615515084484 6.26017142766072 -3.47967840513463 4.08239606993574 2.59274510305393 -0.36471536373983 1.03919532394416 1.79375037934157 1.84796777748973 0.10406281335794 -3.09223079765594 5.09485266167594
54364.683305 -1.82314054271718 0.745900477661524 12.9246 6.000275117 0.230367803300041 5.97166587377123 5.97166587377123 -3.37226899796751 -2.52529132980657 7.15688104791792 -1.33849205227926 -3.58484139769833 1.81387238132323 -6.72717439184989 -3.81405701984767 10.5853666464485 -5.39855162615459 2.35597319010611 -1.92644895345366 -1.64972689969357 -1.43213296295399
54364.685377 -1.23754775458498 0.810919580929367 8.326308 5.99729494 0.229042984712788 0.104252257760622 1.59561944467585 -2.054082076055 -3.06899758327372 3.94254160960362 -3.25385710424916 -2.06977974680176 3.28723895102345 2.52357822590361 -7.4303973348604 7.07588893888408 -3.94376712035391 0.27322754177329 -1.93341763484792 1.75317000611702 -0.24551029561485
54384.79432 3.00245065373718 0.476244793915429 8.163189 5.995989156 0.229485789951438 0.372047439542996 0.30866127417868 -0.96521417509937 -0.20257156202096 1.80152076820356 -2.71000305513886 -0.0701260994803199 0.87851702019964 3.8167115238389 -1.74120227347674 1.49895529935882 1.60629823340485 -4.60030971624633 0.64430924826117 0.26650460719072 3.21963091552077
54384.796577 3.01250013666794 0.503257305812551 8.287265 5.995050912 0.228610667884601 0.34091233421198 0.34091233421198 -1.39886225980882 5.2871874778682 0.41923253176559 -1.98838177365005 -1.83805504172758 3.26609148933834 13.3372179916911 2.09631842476831 -0.249112937871669 -1.32149370952825 -0.49309375232609 -2.69061618324261 3.47892084843213 1.26235819675255
54384.798788 2.26594750035855 0.471772783502792 9.43283 5.991613822 0.229254476130275 0.74168720824863 0.74168720824863 -1.87630544370247 0.452036123229 0.78858661109158 -0.23692335006189 -2.28534308014474 1.21797453584659 -2.27824453274215 2.17607089947678 -0.0557485995121603 -0.26903514306489 0.48399269279465 -2.92213347528695 -0.426727797642585 5.69360981142392
54384.800975 3.49611343162213 0.474672463176785 10.491014 5.992407802 0.23309435423091 -0.11603061421904 -0.11603061421904 -1.016353199528 4.45094406310815 -0.19847153837857 -1.37336228931496 -1.6801188416156 3.01300686575725 10.1802947566669 -2.90006147484966 2.13588900915079 -2.7790654226701 0.74103159294358 -2.54455403273176 2.21819322512929 4.24768756256046
54384.803186 3.08072319325221 0.46437037714891 8.931899 5.989264937 0.229885685454828 -0.64756259645739 -0.64756259645739 -0.6454685295729 0.42385728500306 -0.39375205566945 -0.60853730959289 -1.87882294092888 3.59750827148486 -7.27379873649676 1.81199413093312 -0.92279654154363 0.03233529910373 -0.22953061313514 -2.73877562991678 3.29786505741715 2.67431985786621
54384.805432 2.51829816983939 0.478229588563861 7.329305 5.990644307 0.227528955220697 0.69306415831885 0.69306415831885 -2.09627391219017 -0.86182325500193 1.99616564967865 -2.08357535378443 -4.03256489704962 6.79197009845364 5.83100197007113 -5.36826324655757 3.47918741282008 -0.0680455951596901 -2.04637194497478 -3.90956613839171 4.84041801739676 2.88259516277916
54384.807943 2.36642563968752 0.472915247439646 8.345516 5.993725754 0.228526527889335 0.32805915425341 0.32805915425341 -1.56470550770509 3.9277344180869 -0.03366109692251 -0.67092644064398 -2.89596273497729 3.86661066989035 10.4232315024606 -0.39221901055286 0.54411907371188 -1.37731502575372 0.75688928074333 -3.34045377504919 2.07558505974037 3.57850636846923
54384.8102 2.70656558938577 0.475622510783004 11.242899 5.991108773 0.230042297174097 2.88995191759768 2.88995191759768 -3.04577017860161 4.08230653118093 3.1425427877327 -1.8450236068414 -4.34236186477333 5.04723955863788 2.63864711873633 1.78492805424477 3.09438764699242 -2.11979317437653 0.83646331912012 -5.33477906517896 3.88348908782642 2.20128310803767
54384.812342 1.97997043893366 0.487821326211694 10.253613 5.993095523 0.229329845562725 0.73368981647144 0.73368981647144 -2.15326949017719 2.37469675518747 0.87276578785464 -1.06345546106761 -3.60635626322765 4.55523321535962 1.19141439927166 0.80176989019696 1.70155177905577 -2.40094565765475 0.66900961902696 -5.03484829465435 6.5275433458245 -1.23763659323582
54384.814633 1.78846934179638 0.497521977933759 9.361589 5.99124635 0.229214644147391 -0.65719615077398 -0.65719615077398 -1.40628821559484 2.31655634207439 -0.86145830507088 -0.40643150392953 -1.77672471498852 1.29148253761062 4.99544129732001 1.12132179268671 -0.75981048148742 -0.74716355399082 -0.3710174369928 -2.96909656520354 3.56308565598321 0.67489584676083
54384.816809 2.1389756224117 0.462905656303752 8.944518 5.991635906 0.232657420732553 -0.105761821646518 -0.79972088743249 -1.44890631447357 0.7726532600182 -0.0261891880223502 -1.68355342923863 -2.28626397873405 3.83362691849833 13.1784620939314 -2.04092686764896 0.40857711846455 -1.40209553654582 -0.38140383624343 -2.70842116600838 1.53102670320189 6.35242044813941
54410.614413 -4.74461602740477 0.349912490528362 10.480129 5.984899893 0.223829141181073 -0.977004662807145 -0.0145225455434002 -0.93765240846576 -1.79029968241311 -1.13257673141107 2.78807889293458 -1.92031411172064 -0.79104070846929 -2.9883852519373 0.39178224018923 -1.71845160580499 2.5111477166306 0.13254229392427 -0.95264518476273 -1.89292934667493 0.33873641203618
54410.616473 -4.32665731770421 0.344629324773497 10.4666 5.983664645 0.221867850610244 1.41030178713376 1.41030178713376 -0.90521730598484 -4.28899558575352 1.64572454291293 1.15831810992101 -1.08792272642617 -0.864257600104829 -4.67954418382299 -1.76295917198398 1.56659189894052 1.21215091968074 0.28110898517664 -0.75208389982211 -2.23511430298004 2.26915095257712
54410.618579 -4.37733222486933 0.349035122561988 11.921833 5.9846321 0.223414511279105 0.0125256722862304 0.0125256722862304 -0.954309543598851 -0.24119780148003 -0.45073100014716 0.95962010868995 -2.05028428927797 1.55434731689512 1.7850156991708 -1.28592193911569 -0.14222425190296 1.89892603129099 -1.75347539824983 -0.73594292275299 0.0127617865284098 1.289301338526
54410.620697 -4.3066981236708 0.358796488872444 11.464768 5.985795766 0.223376872180056 -1.8726797578614 -1.8726797578614 0.49013894939276 1.7988710810035 -2.94904197609355 1.32802220195048 0.17229058916123 -0.72357808383545 8.52805569853015 -0.87563735352649 -2.49608368971221 -0.18171006920182 1.53555825974125 0.40543338130402 -2.17264898875401 1.68666449253006
54410.626774 -3.75356108054201 0.389951735606889 12.101965 5.986678839 0.221751313574764 -1.61751034443197 -1.61751034443197 0.20192855307901 -1.54561555754762 -2.6341112567118 2.45492252346738 -1.27286983875594 0.80082920455126 -5.61035899283453 0.17797428546946 -3.51179487542168 3.42184780532808 -0.32277543630375 -0.39744210674723 -1.89933873789271 3.5801850073769
54410.641125 -4.42217258414443 0.345563406485682 11.433865 5.983792903 0.223679869480429 0.82015521125494 0.82015521125494 -0.45976030251499 0.23488064227719 -0.17775466573765 1.81324977808828 -1.23553905885334 -0.20570503577255 -3.7191472836084 2.04419565456515 -0.62377550778917 0.61336819646594 1.05881568319345 -1.45308394783874 -0.0723256233123299 0.88991012684745
54410.643197 -3.99364213602796 0.360269819707335 11.000379 5.985166587 0.223925748860417 0.85169963359889 0.85169963359889 -1.64253422748332 -1.05206088038315 0.44851328378236 1.15006638139522 -2.17946946720208 -0.000462543514629488 -1.99445298301557 -0.11831852451491 0.110462754679941 1.85907647279091 -0.8263078574792 -2.10202426319408 1.14232824040231 -1.33690890196626
54410.646287 -5.01249929051665 0.336721649795407 11.304554 5.984192312 0.23581502022393 -0.02654562430605 -0.02654562430605 -0.37048448650398 -2.20816866612538 0.0826512227646798 0.61415799243795 -0.76971048730524 0.25885871192607 2.40210857493583 -1.89042286646226 0.62785981160211 0.79058748974364 -1.37957069960667 0.78394600602865 -2.44532313279484 3.97703048644728
54410.648428 -4.41101987999696 0.349643341864271 10.630897 5.985256973 0.222831930815011 0.5629173970718 0.5629173970718 -1.20384321329691 0.66468736923007 0.16960465304386 0.49572145096198 -2.49220530500201 2.52141453328004 8.11374142600614 -2.67313413980514 0.77786604986017 1.16598698413446 -0.94173214232461 -1.50310632274384 0.56855188345321 1.15880955600169
54410.650477 -2.9697530115096 0.352914941308715 10.019018 5.982176192 0.221505431887734 -0.63224037912064 -0.63224037912064 0.97431115755544 -2.46560381590202 -0.40098349244569 0.4808922919173 1.19884757576625 -1.06592465467388 -9.28029413839937 0.33971408988412 -0.77445544934819 0.41600729662239 0.79805238768178 1.03786989632701 -2.63674181612722 3.66202618745539
54410.652607 -3.67132231905362 0.342736348197977 9.748365 5.983361357 0.222552582918845 -1.70782985788226 -1.70782985788226 -0.669942825772299 1.87707225980859 -2.29196940480204 0.384244268834609 -0.650093294507379 -0.480659920876381 -2.86241077954083 2.27545542116577 -2.1562175403953 -0.24910841932013 -0.52772435757531 0.17385919886452 -1.52854236345494 1.98837214456474
54410.654678 -3.35840046365767 0.340940681669706 10.914691 5.985091648 0.223144612575127 -0.52374454451923 -0.52374454451923 -1.82832077200526 -3.71530904623575 -0.17658478448826 0.77740122084858 -2.12383192786986 -0.17482730371914 1.48535828816813 -3.59479458649716 0.70627398795409 1.05721087306838 -1.23097625594999 -1.57091998484839 -0.33521181195347 1.83230804828543
54410.656773 -4.37518273442473 0.342789527817241 12.059716 5.984478874 0.221602195133363 -0.37519804712539 -0.37519804712539 -0.70014748009082 -1.25190982552334 -0.397756445310891 0.516734840400431 -1.05541802506177 0.26494063048509 -8.78549899674095 0.87627959417296 -0.410930193512971 0.61746300423027 -0.50477727114304 -0.671392899144189 -0.446343950732451 1.75729881900715
54410.677907 -5.61514404569502 0.341581549472278 10.777151 5.986077613 0.225879661281329 0.0216984103539302 0.0216984103539302 -0.8567119651407 -0.0986628679805799 -0.54905804518572 1.11471881469738 -2.07647345993134 1.70030011963151 -0.71046259383143 1.65058293702511 -1.74347969782725 1.78082323805857 -0.21119337609321 -1.77652922015302 1.39741886013307 -1.48316502100097
54410.679956 -3.70829739836942 0.347718328552042 10.765949 5.984940007 0.222231431792022 0.0668123115000099 0.0668123115000099 -1.44216504160536 -1.01385542555393 -0.43562056108294 1.32379885075685 -1.11140112212766 -2.28494098987348 -1.89560909399961 -1.37369452148429 0.65205607042793 0.24547145958216 -0.0632730009895499 -0.43700695516603 -2.73228342691311 1.94702065982957
54410.682109 -5.3014267953296 0.343394783644864 12.399594 5.986136523 0.222669150209376 -0.11463089931413 -0.11463089931413 -0.70627056905508 -2.350417549395 -0.12675754896707 0.897013594305959 -0.20798537520814 -2.21939988289034 -3.30375346766918 -1.69771999318326 -0.31584439144108 2.42851884239957 -1.23560624480342 0.71787799451831 -2.75768944112092 -0.31308738603335
54410.684123 -6.2076219183702 0.336340471056905 10.94579 5.983857448 0.222134007786376 1.28420646145487 1.28420646145487 -0.170705885312009 -2.55335324202288 1.50999159791233 0.55518058145884 -0.37372351668959 -0.14580603011903 -2.16795405393117 0.559439589056979 0.531695700405081 1.4037103592636 -0.75693754261739 0.4089866930955 -1.75444764542094 1.77488139450099
54410.686252 -4.5176014574482 0.36438199692787 11.224199 5.983508945 0.222746048666253 0.190975831684789 0.190975831684789 -0.379009686512529 1.16984728642896 -0.12550122302126 0.15789317607625 -0.82134904917283 0.87828566578701 -1.74924506424985 2.28035165741933 -0.5030728826787 -0.54961589600566 0.47272077056928 -0.33452666951099 -0.0747953714291301 -0.6656715189438
54410.688324 -4.39514387116181 0.346490606013807 9.899198 5.986040135 0.223307933161387 -0.0532657691675595 0.65848921318792 -0.86049660606855 -5.53178890937861 0.82475759836318 1.80423132259054 -1.34137167084991 -0.88016933465202 -1.6378567452476 -2.48996654293377 -0.233523679528339 4.02578038131693 -1.54895302848356 -0.76354794375744 -1.93558971176927 2.94618825518358
54438.588961 -1.80417805514308 0.37217551949805 12.426483 5.989410595 0.231294955306449 0.0851469037681535 -0.56184602413786 -0.2125012069028 0.49683519689166 -1.27546402980902 1.14411893104626 -0.82107766791345 0.19144845519442 3.91403179950857 -0.602159516279384 -1.86301710272834 2.67499920319074 -1.25107257985327 0.36631013232623 -1.92030174646851 1.62232628326178
54438.591009 -3.13143857061927 0.389335844325785 11.273781 5.989949691 0.232653553696745 1.11089075892771 1.11089075892771 -0.71004142590797 0.25900363695536 0.66720106791412 0.7390633399736 -0.77260730759321 -0.69381594671128 5.67883798899722 -0.30081519107405 1.00211029018244 -1.457730542551 2.26785217646648 0.05005899642444 -3.92248479099295 1.70640941212218
54438.593196 -3.15812674234015 0.408082884919908 10.95569 5.989954304 0.233493443943966 -1.40388120468357 -1.40388120468357 0.59669415880016 -0.88063050084801 -1.8361178085206 1.11836191086818 -0.33331500909883 1.01504599116998 -0.33058266829675 2.40793786431376 -3.44636329593717 1.76227354258086 -0.40015227738247 0.23459982191638 -1.00830170686157 3.07900628878502
54438.595268 -1.63197354339594 0.39772055386868 9.865555 5.988702819 0.234236724239807 -0.56239670275591 -0.56239670275591 -1.09878436721056 1.51962712967705 -1.0584095377188 0.3626130665246 -2.73108369473805 3.5583403486436 -5.65010490181558 2.15538948005243 -1.80745918861586 1.02377410658551 -0.0817251532725001 -1.26669444843167 -2.03350939602365 5.06544001814838
54438.597386 -2.57190914242245 0.432866725916415 11.258446 5.990788152 0.232906368094838 -0.71569834412822 -0.71569834412822 -0.81044699438199 -1.07473149814226 -0.73397777370544 0.42083444579905 -1.71268343121509 1.73167800707311 0.63871286882921 -1.49396006909278 -0.30295065011363 -0.72310647353276 1.76976437105105 -1.26088856265109 -2.82988723511267 5.7002008353243
54438.599515 -2.17806838887176 0.427300208085807 10.220234 5.990400063 0.234793544530481 -1.20710419451779 -1.63749733433394 -0.61334922822856 3.55703879628502 -1.75588350296359 -1.07757985083842 -0.0825855931267299 -0.09352333094879 -3.74487267966007 3.8650200086101 -1.63164735311385 -2.97703136641316 1.44721602869668 0.52761020587825 -4.28393758135312 6.14499817317315
54465.592793 -3.7461028664895 0.363436309568042 9.802052 5.981670853 0.220958325790979 -1.51731870600374 -2.87822368794766 1.35599433570163 3.51036221986754 -1.90305281163698 -3.14608146310913 3.20072624392016 -0.95189849302032 0.99926011199564 1.87669098337141 -1.43774604271004 -1.75758558255318 -3.05661775067837 4.70884262696831 -2.06111874024847 1.07428728011408
54465.594887 -3.31655667754826 0.357175641841114 11.700332 5.982269576 0.221786971769277 -2.31652526120637 -2.31652526120637 0.67303503556337 -1.66383116263661 -0.62568246027422 -2.57740301519576 1.02798584432538 2.13747731785795 -2.47463996998201 0.40895982081289 -0.70334193328488 -0.72205661816894 -3.09668350886073 3.01883156052027 -1.44859975049382 3.27751737935665
54465.596947 -3.82709323717323 0.353690894148474 9.681694 5.983602356 0.221513191783795 -1.93352390051673 -1.93352390051673 0.99873383724873 0.71208016223631 -0.00950338755699986 -3.88857030973197 1.27659652917649 3.86271903919317 -0.59933334060062 -0.87591967357373 0.9363816257633 -2.54769206061383 -2.0224202600825 1.64641338959676 1.16950440892281 4.82482806853374
54465.599054 -4.06593841367179 0.344540792695185 9.404402 5.982587002 0.222498344322461 -2.99164629191857 -2.99164629191857 2.07080851568509 1.52280858620875 -2.15808103748101 -2.1615880738642 2.95200590139755 0.37402536392934 0.12391961525592 1.44222190949084 -2.46751519320144 0.68921983885273 -4.32661525741844 5.0568804896281 -1.90281561052489 2.66274766490776
54465.601114 -3.15988665892399 0.35064774360795 8.383616 5.982931355 0.218712206972071 -2.75299241818044 -2.75299241818044 -0.4125350561724 2.96933135832946 -1.59074094327829 -3.30151742981811 1.45305753785703 -0.77010765310717 5.7784968414695 0.044600189888224 -1.30622455131492 -2.1587494507843 -1.10340381144703 2.1005154020764 -2.56753383510525 1.36413002143921
54465.603255 -4.76532746914437 0.356605043874461 10.784304 5.98256195 0.221628677158649 -0.802594011341791 -0.802594011341791 1.51607204018768 1.29904714044017 0.48134009626771 -2.89113455196446 3.26070032282361 -0.96304208679275 -2.09867139871451 -1.46623314432928 1.89223849943389 -2.1801415031451 -1.26900406988683 3.71551563985773 -1.44494232259575 0.38349329384463
54513.51356 -5.1137436378266 0.427731278438225 11.258 5.986378727 0.226186645525091 -0.405847903196479 -0.28340118257464 -0.33959771127272 -0.66809086603715 -0.279539707072241 0.222737186185761 -1.47798958533408 2.56705490766276 6.14963177920255 -0.10896395182614 -0.91241686541819 -0.25662394320466 1.29685790504775 -1.16295424683641 -0.190915171283519 1.21516692667115
54513.515608 -5.14153755295611 0.437829850813993 12.036502 5.984701204 0.222070469873331 -0.0770605088487999 -0.0770605088487999 -1.97316795869289 2.15387449277598 -0.235657780032399 -0.43980520948602 -2.61319923420866 2.09770609495718 -2.21530808267925 0.81001837675389 -0.439538615241339 -0.874155590082601 1.94923366318387 -3.83239103785117 1.22348300638572 1.89008820074807
54513.517738 -5.43331255668831 0.411700258334042 11.398369 5.985667528 0.223429554552456 -1.10074903744648 -1.10074903744648 -0.88535416315657 2.6055684474224 -2.37386568012473 1.47222142492861 -1.91749312686151 0.88920875380164 3.03221675920978 1.50792834793566 -1.64231067662902 -1.81044912842602 2.53585619107548 -2.12127633050814 1.30727673491304 -2.37660561800058
54513.519821 -5.53629931104153 0.409348271232771 11.820353 5.985079147 0.223121954119044 -1.97671271802565 -1.97671271802565 1.61944025800139 -0.97283694721412 -2.3174428934983 0.96247499798068 1.34389669593056 -0.40967527967346 6.19531749033808 -2.93487884825135 -1.92945850187315 1.30472140797601 -0.1044815928744 0.95927141284243 0.88884571223329 -0.84288746572486
54513.521939 -6.05455091935605 0.432063587290711 10.011303 5.985582101 0.224548668544262 -1.13791290051501 -1.13791290051501 0.0156711253182502 3.97179228990105 -2.32036032139419 0.82592696509105 -1.54454326791763 2.92264514305015 8.60324861378262 -0.94582442466517 -1.83737965461108 0.51411806135296 0.68723186194084 -1.30611632092893 0.91449176383916 1.61967115142058
54513.524045 -5.31543012970336 0.406072822387738 11.621617 5.985322857 0.223603458847364 -0.378018617648226 -1.84746263140964 -0.80912681110192 0.77067752679939 -1.78149338369217 -0.3866367548464 -1.4676847082203 2.08582225385453 1.41922649837076 0.00147117868958002 -1.06740467892771 -1.11546549330973 -0.27827434519801 -0.39090587710029 -0.99054677135298 3.58493218984851
54515.518117 -4.93610207277777 0.511955325923436 12.973337 5.987800971 0.227122501907254 -2.05123794081412 -2.09661090495505 1.55866322273564 3.40018400005963 -1.64531391817501 -1.91100877150676 1.17306736416046 2.94575977697556 5.78281533389639 1.27431491867428 -1.33169606452986 -0.870443633278311 -2.49912572179011 2.14347286104699 3.84319717117969 -4.66058383495687
54515.52035 -5.54111086677607 0.483643299609934 8.721389 5.986386764 0.223802357671709 -0.49413534312322 -0.49413534312322 1.14722914104853 -0.34331987807517 2.46927554835269 -5.23892437746874 2.10922117545176 3.37329374824429 0.0106828317758598 -2.02189884573129 3.38038227486085 -2.97566349316685 -2.5128692274347 2.784797476216 1.81970500886474 -0.67498237658975
54515.522491 -6.74074403394302 0.550041786352427 11.92481 5.988098556 0.2287759458206 0.68205273956925 0.68205273956925 -0.162734389126189 -5.27165295121745 0.876345538850661 1.36254398705873 -2.50329422690355 4.23882484270988 -8.97560741384123 -0.83385885975774 1.07318771158161 -0.20337761861235 1.40207694715018 -2.33613064629563 1.32384309907772 3.94392586571262
54515.524794 -5.04183573680642 0.578079309861938 9.156579 5.988745327 0.22584759554798 0.1008205934907 0.1008205934907 0.10232703818631 4.54351167556766 -2.21453017571152 2.67462922496498 -0.86458560130837 -0.46825278009261 4.71144527363547 2.66319110214711 -3.0560392909758 1.24421034127988 2.3745408389044 -0.73126528495531 0.43737178418573 -6.32540202624774
54515.527016 -5.15889005769931 0.49932067971709 9.517146 5.986447158 0.225229117167065 -0.302105350137613 -0.63687301982901 1.2524908369431 -0.7445230797944 -0.04837379733784 -0.82607219267609 0.42249955673286 2.90667640499053 7.10474758431428 -2.97002198211176 0.91649666300412 -1.67171177801678 1.16449263826788 -0.1314481803178 4.00398623569019 -4.78266886543372
54520.510482 -4.90489989785238 0.531528427945455 10.580504 5.98652901 0.225546202000107 -1.01299983911108 -1.01299983911108 -0.30943405147488 -3.49785461185247 -0.54914537634237 0.30048231465657 -2.81119596469614 5.71712631522257 -0.24440144978088 -1.6361320006673 -0.69192521358358 1.10997678220204 -0.99749253226347 -2.10273645663997 2.00315958296146 5.06674169362279
54520.512577 -2.84539346341254 0.547215537679278 10.515603 5.984740611 0.227051041735397 -0.46751677552712 -0.46751677552712 1.77104592040312 1.81245890191197 -0.0362706547369998 -1.33580455897607 1.07658642588668 3.03340206553378 -3.00827958287629 3.02592779899107 -0.64045280531779 -1.64570650014993 0.54762230946513 1.48029647562113 -0.57743863869978 4.03170956845932
54520.514834 -4.60449331453873 0.590138014649653 12.543431 5.98469826 0.226696070186205 1.4601513695984 1.4601513695984 -2.09333946847164 3.13886640040752 0.85733617969556 0.10124711129949 -4.01473190849104 4.48779925976174 3.23764376931615 1.68078391518464 2.80913944737217 -4.93332623269022 3.11305746681848 -4.23963061511725 2.23133135483674 2.95744436672579
54520.516963 -3.57699591011554 0.536756024374076 10.640302 5.984764628 0.222400035252003 1.49626459416692 1.49626459416692 -0.23658927470778 -1.62750184204487 2.21089284734378 -0.74531715396898 -1.1926325407915 3.06445374408867 14.242571368475 -4.36507541016041 3.5501837999421 -2.46276564522807 1.83735781187109 -1.48730340080962 0.30199759241156 3.85289568593387
54520.519139 -3.95570596132235 0.553736010439801 11.178956 5.983076773 0.231431565954091 -1.02564039762797 -1.02564039762797 0.93648517511289 1.47734362634499 -0.69042114397564 -1.04063892048307 0.394357504625449 2.37174785770123 4.23987675809389 2.68884650619829 -2.36114441462107 0.38629977109253 -0.58395472141285 -0.27098895152809 2.60229395367923 0.21543732211619
54520.521268 -2.6338172437923 0.59300520767227 9.909498 5.985179033 0.22897897115555 0.0852994540938344 0.91341376221501 -1.60282403523793 3.49984490458154 1.43704622264957 -1.98252377944153 -1.1978764395502 1.06189703002273 -1.84969608353432 7.30125190900248 -1.32878855577789 0.16747880392126 -1.79490590743127 -0.3268560085286 -1.16674749543191 1.86111488930797
54657.92532 -5.7543579096128 0.523051687756418 13.374679 5.997178476 0.24044397137522 1.14049316336951 -0.0550879457262097 -1.69419043701339 0.7165576104328 -0.94786563134899 1.37695968560043 -1.82409195811851 -1.20631526065239 -6.81551726515618 2.28824345945773 -1.29134454992186 1.50463099987936 -0.97866812955051 -1.3481123976769 0.29381149344818 -2.17472773756086
54657.927438 -7.79455863252476 0.558823846869754 12.544437 6.002343901 0.240112016362053 -0.415248308280449 -0.415248308280449 -0.39045884354373 -0.12087643986183 -1.68320191234498 2.33083121436444 -0.56961725823533 -2.07630030772175 -4.3539827851064 -0.32060282849081 -0.40042573839315 0.528702615424331 -0.0211447714126107 1.66020030680356 -5.00102646005434 2.29994947829182
54657.929533 -8.13523931957531 0.510286415064196 15.208276 6.002640632 0.237747230383701 -0.54770519356712 -0.54770519356712 -1.04858092322914 1.79216439834077 -1.83947394088124 1.73724732338975 -2.44324297780745 1.48583720617876 -3.89068087954997 1.93842291601107 -2.02150719272438 1.34047150231357 -0.12050275892386 -2.17878686565588 2.71616947485016 -3.53749360033081
54657.931582 -7.38614525927464 0.506684608862508 15.377157 6.003362381 0.240962103768839 -0.22798616962949 -0.22798616962949 -3.16621078664012 -1.80165934397217 -2.33074631017742 4.46543621224162 -5.28382072282048 0.233422120512941 2.25552572336241 0.42919635147617 -2.89201764604215 1.53932392724338 3.33899877753071 -5.16748885671723 -1.01930808038399 0.0588844302238005
54657.933677 -7.97507158848542 0.504016737738004 13.118726 6.002414379 0.240451983921586 2.20033851693041 2.20033851693041 -0.90917571500017 1.92038787690373 0.0507573654677209 3.24448765222788 -2.7656720171983 0.9793416564282 -9.21651790132262 1.03258838016431 0.200070626290801 2.07876732706311 1.66695602867916 -2.80509662170372 -0.303490287295421 2.08014908041046
54657.935807 -7.27034247843614 0.506085832657909 14.241311 6.001968595 0.237788086574894 -2.60038488888098 -2.60038488888098 -3.73215945534176 -0.37366797625314 -3.73121604629662 2.17878132705313 -4.79763017100665 0.214007947180999 4.91244028725909 -2.13399224653112 -3.17392104511799 1.37249795522257 0.71580097923953 -4.63839321127923 0.8112568460137 -2.1329190608174
54670.916178 -9.78213443831766 0.443300671691462 7.01262 5.984335047 0.222315259882715 0.267864556628714 1.07948522064726 -1.17275589880766 0.451623111739501 0.468561499119559 0.974734088281641 -2.2109722690052 1.49756094180829 6.07074466031415 -0.89429679436275 0.594425903932681 -0.137198085287071 1.51879141712765 -2.09196441484926 0.4525945957033 -1.1093621251087
54670.918284 -9.26668629357867 0.446527631248519 8.743392 5.986069583 0.221692376874209 1.43496603568665 1.43496603568665 -2.78483212026115 -4.09551524962522 1.14548813823659 1.97938732565779 -4.42573428149308 1.862935320092 -1.46624971499377 -1.2736427336435 1.00447571527918 1.26384632047061 0.546143995063801 -3.41392129486649 -1.2825944337584 2.99272252210241
54670.920391 -9.97844799012625 0.42012586838055 7.682563 5.985022948 0.22049158827887 2.5116795475316 2.5116795475316 1.16060763665618 -2.54895977116864 3.38459408138598 -0.715075165625249 0.90604057783897 1.50736819650045 -0.188925330452799 -2.3245896905614 4.93322248958169 -2.26997004468559 0.2758482030713 1.77642731555579 -0.463096368943669 1.20285456756667
54670.922509 -9.74612290331349 0.434507493982013 7.209228 5.986807199 0.222161176778454 0.679653093299059 0.679653093299059 1.41132669316423 -0.0647364154302004 -1.5710280768338 4.19317981244949 0.999589404307049 -3.87930931415384 -3.32065159607266 3.66016514624697 -2.69312236945017 1.4511246973593 2.5851374564272 1.43966163295626 -5.16212907012136 2.76557160873524
54670.924616 -9.5265725306705 0.439963367094901 9.19491 5.98453551 0.219894074439274 0.30866427196432 0.30866427196432 -1.09215790191143 -2.12597910085769 -0.19219524666506 1.71908226116896 -2.15694809705566 0.672356075179851 1.8944803120275 -1.8058085431714 -0.2180409822013 1.53136031446138 0.47260242377236 -1.69955129005324 -2.0997362473395 4.92034352352763
54670.926676 -9.41155553721273 0.447341333893553 8.703895 5.986563077 0.219665954700297 2.12883868553268 2.12883868553268 -0.594930802309159 0.346323973689001 2.18495926135832 -0.226442477241079 -0.718061121574401 0.580903391641261 5.5010855921666 -0.7825593964484 2.21637104146274 -1.24086903199832 1.96563027390257 -0.73983179682233 -1.57296478190616 0.720679083219059
54686.830042 -6.73964070609629 0.436100296738656 11.17653 6.012873638 0.25750124894982 1.09723012737158 1.62176558111712 -1.73178801658656 -1.83382689021584 0.49169385948586 2.74446598680495 -2.10634984459932 -2.24117753235968 1.61046795424979 -1.37859483203237 1.01829843370686 -0.0635917759706501 2.98425532385658 -2.49661836371163 -2.73002677918416 1.75222479011431
54686.832148 -5.49197123885985 0.422427919907803 12.83854 6.015178214 0.256246710182431 1.09208201966535 1.09208201966535 -2.09532301322916 1.18102027082541 -0.53498037647947 2.61355124804928 -4.4233834820958 2.84783320354283 1.14134878032202 1.73895345815981 -1.16462277370908 1.91534177374214 0.39502320555282 -4.17077016524943 2.02086101856674 1.09328990040591
54686.834255 -4.76676209586598 0.424270357367431 12.189216 6.015721958 0.257007334816331 0.99393359399784 0.99393359399784 -1.55050387361821 -0.32510625572949 0.52680376251793 0.9879000008668 -1.29896734775511 -1.79980047196702 -1.8544021868612 2.1340767827665 -0.81740235468892 3.15505136764921 -2.92586331128604 0.1526110172236 -0.46381061483858 -3.94259522528861
54686.836362 -5.70243854686405 0.426297915120073 12.764779 6.014514625 0.255439120890488 -0.27295633360638 -0.27295633360638 -1.44757365880751 -0.25773879750652 -0.0613483735053801 -0.300709540109399 -1.98020007882318 1.70986189208915 -4.68816974684447 2.14671537343793 -1.04398211072218 1.19502809807459 -1.77951863980576 -1.02418609350362 0.46087414064785 0.30355613117298
54686.838468 -5.85523251499282 0.413344427226755 13.902655 6.013291529 0.257871631379101 0.11345348040353 0.11345348040353 -0.210181607692951 1.14125783632217 -1.64740400300856 2.86376951937572 -2.32829127507739 2.01587071271253 -1.39998329075121 2.3241626727322 -2.71732891989258 3.91190720326716 -1.85810019833251 -1.11554711432588 0.79955790728829 2.04084277309754
54686.840575 -5.73126100587981 0.41528322680402 10.878059 6.01629741 0.256523358927162 0.5619479368116 0.5619479368116 -0.41640505639284 0.405138373736641 -0.677842526081171 2.1797613633831 -0.59584408008972 -2.17154397701104 4.17738970370752 1.78464881573629 -0.3597740276367 -0.45634779108858 0.52493807874013 0.76425265388338 -2.53918712723439 -0.56235601090168
54686.842682 -6.9738540067654 0.408120629000264 12.895679 6.014675376 0.257413983231017 -0.97793272837203 -0.97793272837203 -0.11656738816188 1.85196760375892 -1.37770289144376 0.0789447808423498 0.0213307078532896 -0.44697234672405 2.07405315586921 0.787118489632779 -1.38044572918975 -0.0951320579479598 -0.0144631830333903 0.51536033441372 -0.947165163206281 -0.665305199814589
54686.844788 -5.56189564271238 0.404761580834322 12.337782 6.01747653 0.25908128050937 0.62325659578024 -1.67644328511022 -0.63750981112611 2.34936025938852 -3.63284112536807 2.828499355075 -1.77669898031221 -0.515061645766 4.40098165802295 -0.55789594388998 -3.1358845759174 1.4026637766218 1.36209597519957 -1.96652579957139 0.57538486092426 -1.66164189176333
54715.768867 -10.1932446795863 0.666219300783913 8.997998 5.989259006 0.231844407470456 -0.0694126882137617 2.92180456091607 -1.70728708426687 1.8376794895904 3.45343141711253 -1.50955910468101 -3.17136064571052 5.23318180474501 3.5120848283026 0.459293765627399 3.2876318518619 -1.15668004869943 0.18447895152795 -2.75331458165312 0.929407659986799 4.57083549190718
54715.770939 -9.58190138574091 0.702136880152293 12.967923 5.994376312 0.230720502478114 2.23410618550766 2.23410618550766 -1.37307053952716 7.55605104542996 1.04567750642876 -0.263817711165562 -2.19451464310106 2.28115277538233 12.4807498223909 1.79077871419645 2.49968083382224 -1.37254745276395 -1.63352843301814 -0.6408094222635 3.78636045624505 -7.19537022340545
54715.773092 -9.85013829904349 0.675393423327708 11.009206 5.993085731 0.229803750435485 1.35393697063975 1.35393697063975 -4.19951355257237 4.56983246918075 -0.5170070017935 1.84156250367563 -6.19682443398038 2.9040754115929 4.0925231043532 3.09778201553608 -2.35613687742498 1.63255335021717 2.67100314617128 -7.33126999330765 2.006515161559 -0.0531587629405994
54715.775175 -9.65366897479645 0.726954988198124 8.709706 5.991138353 0.229967696828654 3.11964196679327 3.11964196679327 -2.33343819127507 0.6320173601293 2.15541615865724 1.51449116875002 -5.47133521099006 5.96415043069537 0.792330914826701 6.4275367257847 -1.5044026366188 2.73853904512301 0.0433337074611799 -5.82028158016789 4.35306347709517 1.70411751675288
54715.777398 -10.2950860357502 0.765698993559487 9.552635 5.988683627 0.233426241952118 2.92462272592417 2.92462272592417 -2.51659480820997 0.1323849263415 3.18352800081366 -0.497719705104901 -5.92807808560906 8.71897644493461 -2.3286002682003 4.781218899559 -0.663282340347299 2.79308910041881 -0.45819135318575 -7.86564715569686 7.7012678132831 3.81880653671877
54715.779412 -9.89578083004639 0.664669351021308 9.112799 5.991023603 0.231769176255839 0.921732001767889 0.921732001767889 -2.09998953376169 5.70897162466397 -1.09135167073567 1.76573954903216 -1.28535610500988 -3.81397519038548 3.52202676299817 -0.757055838844069 0.561025059313799 -1.3661573425755 3.60127221632465 -2.02943034871269 -4.11661791752186 1.8788379425433
54715.781495 -10.1706901615472 0.772853539107875 11.046244 5.991255389 0.232940418413951 1.4249587246949 1.4249587246949 1.11931026489775 3.9223552708151 1.191375390092 -0.798709715328501 4.02350959680544 -6.20901038007064 -2.2793686442614 3.7936296267215 0.719337030827949 -2.65236582406705 2.68718303404984 3.77628061184694 -4.99337930335748 -4.4244757652076
54715.783694 -10.7437332845668 0.706395752328838 8.017139 5.98976796 0.226506319511851 0.591726848109667 1.63350445073972 -1.81366167053872 0.772888580229299 2.03838283473953 -0.94949350807153 -2.0006947201429 1.423500567609 3.3546410198038 3.4064987035279 1.33485750920216 -2.50034192776026 1.1356515311048 -3.370848110245 4.26147439556864 -3.29829268023724
