53358.715271 -19.6104915106718 1.54530106346405 69.991241 6.61565146 3.00184837636993 2.10058111572357 19.2329845593251 0.454347694046898 107.200477489439 -0.5361933861717 3.1365455078863 -0.770330210771696 0.246795682173897 123.838299303829 17.2680070513867 3.7285956454113 -3.6478155727786 0.132480040805902 0.0687937457818002 2.3897938346198 -1.3331161398473
53359.728122 -4.07327372756521 1.53545722056115 64.832327 6.638308131 3.18645796389607 2.2326042622933 -27.1137159626699 1.75067539592936 -117.835429253895 -6.07198184344868 -2.86949659992884 3.52307186522024 -1.27013585236592 -216.156129339194 -0.98213403496632 -3.80451170611997 -5.53292717431166 2.22249791775401 -0.939627577648211 4.12461701464496 -0.57339004600778
53360.726181 3.59712046059939 1.71000121134831 55.788179 6.657940623 3.0180266968825 -4.50055838701439 42.9049329523581 -0.87858923381832 287.336158943158 -7.12137130812518 5.29110950574178 -3.6596768685768 1.59527836690582 450.276588696001 17.4271868275087 -9.24148193147836 4.30793261748227 0.0195435752874298 -3.1400171285957 7.02029362308886 -8.22919171721232
53361.712709 7.01647817202661 1.58976192242685 68.788284 6.655355785 3.03478099356735 -1.3448818274616 -49.6065605478249 -1.01626303912368 -223.208425808165 -9.99443969084265 -3.76534479342249 -4.61467621472793 7.63049892644913 -345.949183283591 -21.1479161947133 -9.02999137808379 4.84236846794273 -7.84912242420808 -0.591416008163737 7.35335722237163 -5.56365659850382
53362.586101 -2.62697455839978 1.62185867549364 68.755196 6.649846469 3.31314802471586 -3.6041733023234 27.440814532082 -5.66390985276959 113.761447384163 5.65208475169409 4.700905607184 -11.0032959228339 5.88166040262254 195.692661534626 8.17095207060344 -1.93889567743842 8.11305222306756 2.39688462957437 -11.8688169643415 9.0948298260748 -7.29526826281942
53362.792927 4.70299778262396 1.56943063231403 58.162095 6.672690057 3.14552915524742 -3.6041733023234 -47.9051086899556 -1.1354959297676 -175.115749906292 -24.4780760572132 6.71056655754494 -2.08072001304711 -1.957829862262 -391.235025384848 34.1472241899378 -29.0382590432203 3.75874607223669 0.86024936147206 -3.00821573432768 5.05471677287189 -6.70826119242608
53363.713968 13.5318943672465 1.64084963383033 49.006048 6.671430571 3.48527270554281 -3.3185226385015 -11.9732828656159 -1.1986362495413 -48.9116009652401 1.5317953037748 -7.7260513857983 1.5534147453998 -0.125848787801699 -50.7957744889935 20.5955916574511 -14.7300733658943 4.0055770444972 -7.8247356818115 3.6947527773745 -4.0782507648607 3.1146347396641
53364.567241 11.6044619141513 1.41897674322333 56.945 6.670796734 3.39299225942703 -3.3185226385015 32.9794954315892 2.1282454878465 191.62726421567 3.4439675258294 -3.4293167348181 5.8603129888883 -4.0764169930356 291.757796795973 9.99396231999753 2.3530081597824 0.4627852749698 -2.3373684763171 4.158506434418 -3.5369393636687 3.7028894445063
53364.801555 22.3232377710043 2.35757063485899 53.274541 6.692340898 3.3897507119137 1.73472840062525 -60.2833792755125 -4.7653094950587 -272.129322992322 -12.208116527702 -0.292821668779801 -6.4988801194052 2.8930537075157 -320.242576726305 -45.4297585497635 -1.2292987807222 -11.2808345322759 5.6141190309183 -11.1339824962255 8.9922252995158 -1.6299280305761
53365.585256 3.66679724898116 1.29941797893081 49.869155 6.700113728 3.20743247879607 1.73472840062525 15.1397476463866 1.48657925340284 92.3115468883549 -2.64483846648487 3.36162866908617 1.23879811132894 -1.47929385525454 172.061464765746 -6.05244231400559 2.53587451560325 -5.98381409828079 8.27894580602616 -1.11563705265727 0.66162914892197 -2.56220560915559
53365.792914 3.18394098252024 1.49580272176941 58.213652 6.701528691 3.50197512193602 1.73472840062525 5.51546341215184 -6.86020718165876 -0.0021334887078901 11.4953623872994 -8.75371433949568 -1.96258892998453 -3.32324578935184 -73.9849494734957 12.0491419992071 10.7779702826219 -2.51455337421861 -2.00878365793339 -1.26950628269432 -4.99769236704966 -1.13368237551416
54058.653308 -15.7538368577733 4.91010224823153 48.219662 6.990775342 3.68267050313524 -0.0344639693212969 19.7401331043073 20.3133087711707 -75.3268970562535 39.0136528468251 11.4239154399182 -6.6054590348403 36.1444568658807 -45.0566618626786 7.7813983741626 36.5524977802823 -27.0465703535374 28.6149210466652 -19.0702063918928 41.2192894011829 0.287868797207
54067.711088 6.49027664929289 2.2132722780858 66.805884 6.788898761 3.50197260798067 2.02578695732327 -11.1528727220996 4.41966320694404 -11.7827514729812 -5.37836010937225 -5.11177330476297 10.0858659148877 -6.49400446948446 69.0443908749833 -40.5456741082396 -6.56946054351181 9.75975665514035 -7.51723653828283 13.1754264776071 -2.1430810715449 -12.7667698631547
54075.78306 -19.6374419034015 2.66049163743418 95.529714 6.872999542 3.81680500974136 1.93165952768668 -12.9519843752724 5.33116059751 -42.4980524139876 1.6650875057879 -8.4074669974378 4.6626568081857 5.407220953002 -240.676908574554 96.4025170292211 -7.03331691528041 -18.4221751098616 2.5244452556464 2.911985146538 3.2706738730532 5.8146754806332
54098.649233 -6.66915488170574 4.6266954150598 112.412068 6.90947552 3.60929570702883 2.7977674010878 62.9951827442771 -7.90665840722473 -42.3012072269155 74.3388681713141 5.06313688603936 11.0700469808314 -32.2873930235379 -36.6210124403973 -2.15607685300171 62.1832959863194 18.2484693173706 -4.84195291131602 16.2361311243931 -34.9018384378157 -0.545154620676502
54100.696209 -26.3644370221486 4.20401849534971 52.34784 6.962253263 5.0205955921375 1.36496345058103 -20.7828166753281 7.3395317561691 -116.75231097801 2.8317997837016 16.5104926163665 3.3953377541184 -2.1249642796482 -7.0163746664136 -92.6563848139247 13.380647303011 14.720776031902 1.4168519037422 7.1014494012144 -16.8082359083412 19.9024257726848
54125.625606 -32.0934144383783 2.483775691647 74.769156 6.868025117 3.7058308555792 -0.795864590897675 0.959153488108697 8.8524005525776 6.4851546648634 -9.5589685342113 13.4979130466042 -3.8462878956131 13.4728762400318 0.642991382567395 7.3321836888645 -10.534697706164 5.471998412388 7.9582250529922 -1.6849896472665 -5.3857212960716 21.1855815678671
54161.62341 -35.6715820339413 3.73730161378557 35.295826 6.900409602 3.4633544052584 1.67668525466478 42.2719427549465 -2.1179380530565 -13.5988943939629 52.4021892712633 -9.7710328745777 0.862578102599599 0.220026694644801 -58.6972577234485 -15.8666960210296 58.0357504096153 13.1993455989127 -16.1344991952718 2.3562296884198 -1.2550491142836 4.867192123466
54189.525525 5.06969597662326 10.0265196311833 250.091399 6.781390105 2.79583362738953 1.67668525466478 -20.28722512204 30.1224952498025 -261.569092725943 188.920703149928 -71.2013952829666 34.5999057084309 25.9194725278622 -217.553250949234 -118.789887110723 233.874288234435 -29.0327390252257 -52.121711810697 43.0003525657866 35.2438058841334 -16.182646824994
