Time RV eRV BIS FWHM S-index C3AP2-1 3AP2-1 3AP3-2 6AP2-1 6AP3-2 6AP4-3 6AP5-4 6AP6-5 9AP2-1 9AP3-2 9AP4-3 9AP5-4 9AP6-5 9AP7-6 9AP8-7 9AP9-8
53760.834997 -8.5193398320504 1.17342211739784 -1.82268 3.02485372 0.520469022690899 1.84107827106472 8.00055598319251 -4.16353191290206 -135.133881091776 23.8120878791339 0.69438691060539 -1.65071694604319 -4.02047936953938 -226.527397991266 -24.1009011949726 29.8358401593186 -3.25031118229572 -3.13578450871971 -0.73464497748427 1.42481374003892 -4.58348850256002
53761.839859 24.1806423329099 1.17264684748167 -7.83939 3.020414351 0.623075117506779 0.914289769675396 11.3029483945867 -0.681974746571601 20.3164018332497 6.7758846524397 2.966768574115 0.0382432386409981 -2.2929259487311 -6.51864629163232 7.17890054525632 15.3305338649513 -12.7486009063176 10.7613728671076 -2.2117990947653 0.989490230260902 -5.4331137652654
53762.827301 -1.03395419109084 0.89179826642786 -7.56702 3.022423618 0.618771859886356 0.333306826298644 -5.88709441508002 0.611458058705306 51.5462757916849 -8.64203492279504 -5.25190324001676 2.74532312971071 -0.870230705784799 67.0732658481 -7.96665652044003 -6.38065302377149 3.24348419535943 -5.45898870501399 5.24866458673984 -3.8340527514234 1.11400731881219
53763.841282 -2.92166603904973 0.894917333185872 -9.19319 3.021599723 0.566795973803378 0.882959678358915 4.01335056923314 -2.08461024345806 -32.8451100865761 10.2406672396163 -3.1113703477829 1.76036352883516 -4.53858377351873 -124.901261425863 14.8981809895564 9.8415265146374 -9.67073159034855 5.98727357618689 -0.670875862607232 -1.27533617686054 -4.25153226921002
53785.760459 25.4067652375358 0.930390533194567 -7.49053 3.023510998 0.563235924653096 1.18523167798151 -10.2236050109637 0.572754219742897 -42.5074084584821 -5.4094746828384 0.641113044895498 2.3252576809936 -2.9697848323707 -3.1459990933189 -8.4227569586126 -9.9781231059653 2.0088851630724 1.4699205726796 2.8166669581745 -7.5655673534783 4.4826571181475
53788.77865 16.4466310388104 0.88281219819928 -8.36014 3.027067791 0.607097382395812 1.58019880443352 6.0952792221152 -1.7462502707154 78.9867109272578 -3.3823686212342 -1.237191978059 -1.4551432953398 0.1310518262742 168.567445350065 1.1474024220914 -1.3095430690828 2.0322268308029 -3.2714193043321 -0.075551975516202 -2.8035432216587 3.6003849963417
54135.831674 -5.82440452784145 0.906536667409341 -5.54333 3.032326389 0.610103102294176 0.719836089510554 -14.2974167738103 -0.70560888185332 -33.4287697641904 -8.03394903346311 -2.20752277077662 1.24941414776094 -2.05401856244367 -4.2663818296597 -16.9322779117848 -4.83523117427818 -5.30901933533369 1.40211241800716 1.32256886807789 -2.8906231033491 0.33570197491908
54140.821208 2.64982289949446 1.04180165388509 -7.0228 3.025923725 0.584345628209272 0.358406613277955 -0.9850415123413 -1.16730120272437 62.7184379914758 -8.36489060534693 -0.816096921012 2.99472256166313 -6.02551133160682 38.4580874538943 28.2516847857593 -13.6017647709842 1.45268546323378 2.07920209070935 1.58209000988538 -5.37570692641532 -0.010320606869432
54142.829502 21.3444572391804 0.879717333517788 -4.52842 3.024487153 0.630562914522883 0.770289924709448 6.180450592796 -2.513412235008 27.1369535697785 -1.6008465411637 5.8632567454758 -4.231205295699 -0.000578121545398602 50.4386351332763 12.6749427314909 -3.7731970976428 0.5287130216702 6.9089378522184 -6.7339306103108 -0.1716351467221 1.3946469777506
54166.750179 18.6590543595542 1.21350908399754 -10.2091 3.019454033 0.62743334817853 1.01714949312358 40.3137418988062 3.213245743537 -35.7637286650696 47.84578095521 -3.9633436357952 9.284998086984 -7.5284530375299 -105.727655843848 -1.3983118847564 48.3581481690476 -2.4127067714021 -0.672632958130603 11.70464775917 -11.2490781607711 1.2119786570775
54172.742218 -4.83560544654568 1.021825376645 -7.09379 3.024174769 0.600133519618446 1.88890370013881 6.44697020897942 -1.60474343907962 26.0050466639827 3.62481398194554 -0.88997708766711 0.37744015105082 -2.66213769422823 65.5059550766346 13.4161252983953 -0.64583913550439 2.26063125704908 -3.92000319767449 2.31451815276991 -2.64254340182927 -0.59374391350837
54197.676704 3.07109061066098 1.14906008804636 -1.63836 3.022944154 0.627594919911346 1.11110758410821 -2.99019322940683 1.00105337128241 64.0388389762959 -16.4621126627968 6.64044443896197 -1.52980590499706 1.06429054006488 89.4759087107363 -4.73783589747138 -7.37589521622981 -3.18473325262439 8.15469860712966 -3.77537879440729 0.50239866618879 1.47225606843363
54199.670184 -13.6217169205441 0.992015722197869 -8.76728 3.025417266 0.603109636701709 2.07528361822669 7.9010162303133 -2.7404921642932 50.1385253600616 2.975186697477 -2.2914138162149 -3.8603421298097 2.7341080347367 -4.1297461709945 34.1802004523239 -1.40107504881027 0.197159973478 -2.1400772535207 -2.4697812624234 -1.2050132689415 3.3666498580545
54202.663443 -10.835388304018 0.936953385924184 -8.8602 3.024030892 0.701325418974912 1.89210450835885 -12.4901746245456 -1.61436878913464 -75.9936614984789 -4.59939069391985 2.95635124973786 -2.91453560116616 0.6905274627571 -7.8042389809053 -37.0042236104117 -7.17240072518691 4.7961159611562 4.51437457542253 -2.38836342218834 -5.02570930304839 2.9037430645513
54228.582098 -9.30662535867318 1.05506692339095 0.292793 3.024327569 0.627744126566569 1.72797463194713 -11.0395013298769 0.35423265218768 11.6474964781073 -17.5197577194983 6.81211998339838 2.30470531253457 -5.89433967850235 -15.6083686315811 22.3711081667522 -22.1042629492705 7.10422947569758 -2.07007231592673 5.03384170713377 -7.80590304265182 2.2782476633911
54230.485001 9.68832435310804 1.23037491830858 -5.09234 3.020329817 0.666144918212814 1.07945584964432 -11.5852818381862 -0.727770591057389 -77.0395397320543 -6.8237626304068 7.675401200935 -3.15637682656185 0.553264870152541 48.8173522845484 -12.9695878836318 -17.8569165262906 11.6749022264928 -5.16157109043063 1.20351166868203 0.0857351981740013 -1.96046477924893
54230.494386 7.45696301818297 1.38148718242184 -11.80608 3.017395441 0.693112488249815 1.07945584964432 34.6913309663495 4.34869492293343 209.709708907959 -7.60316471486367 16.8149768832819 2.04667608034497 -3.27914032643844 176.2199514227 101.93192930757 -13.6075235972622 4.56555778008303 5.66753118273645 1.8581879946691 1.7265557109923 -4.34039635702205
54230.50059 6.38083175765828 2.01920539062659 -17.92192 3.022583431 0.856962851195389 1.07945584964432 8.25759545894128 7.1592298488117 119.348594143762 -14.1762449719205 -0.95085000047424 11.6210449523369 -6.08192495711663 451.57020613017 -125.486830862927 6.27050679804509 -1.25951996174488 -5.91056973426647 17.7595261060575 -5.5893255506151 -5.92275543076449
54230.504351 5.2662625645389 1.97494981677503 -10.62564 3.017587627 0.624369577064119 1.07945584964432 8.14641906033702 -4.10412248819439 207.370031219509 -32.5034595701628 2.72202159807889 -6.6752437578427 2.72860962389088 357.959971781003 -63.8514449996278 -15.918893367784 10.3882453320808 0.551825699315151 -10.1696858168564 5.65578080150933 0.19815378734968
54230.508251 7.60147772388079 1.79387798425612 -6.38967 3.023278861 0.574775938782928 1.07945584964432 20.347327680441 3.16183089872915 177.248854376065 -9.77091121751683 0.18591671357768 11.2003108656452 -11.7563471502806 342.551179909907 -44.1629862133069 10.5317949185092 -13.6488396862051 10.78768728239 9.72342907972785 -4.4058416722691 -12.2096092395302
54230.512035 6.58039153095817 1.72120899645039 -15.78959 3.027820761 0.552786591822534 4.02403249646383 27.6170054039749 0.89341537623517 257.132903495288 -6.1249689311394 -11.7261489579774 5.07420598359334 -1.63064369658553 486.156510418212 28.6862317340073 -4.3741030772851 -22.983303245333 4.8801827040719 -0.32901455756587 4.10430448958236 -2.35044531860554
54230.51575 9.7801919459614 1.88682183869616 -9.74701 3.018425174 0.57966739500409 4.02403249646383 83.8152667600746 9.63391202350708 271.2232970152 31.6183497525359 4.85993574680328 13.4092475103044 -7.3057834502779 434.360579814001 81.3412539234673 7.37408924438164 4.6218496670774 6.19013368163002 8.85590615821974 -0.00642796748959995 -5.1309509122405
54230.519616 7.20514872753999 1.87831897974284 -7.16954 3.033968256 0.606598510655782 4.02403249646383 59.8760333516696 7.69127977608883 267.196018349963 8.31534356537339 6.83588524236933 7.54326560081648 -2.35001750440555 256.752624369688 52.0180815722203 6.132870483839 11.6890345635369 4.42315609634877 6.92306657240721 -3.2972071377988 -0.63937463058204
54230.523562 5.88326603233403 2.92487535859825 0.477288 3.033113561 0.675842123463987 4.02403249646383 150.192386936045 -7.46839208337166 247.91948023659 71.5307112274938 12.0698104643027 -4.6640764639923 -8.07978419113075 417.880168096397 0.0856439338140973 53.6947276818175 16.9501175557236 3.9224999251635 -7.1799476451382 0.31614857587177 -7.77441376521699
54230.527393 7.8186086516763 2.25004135780292 -18.85649 3.03123833 0.561966252442406 4.02403249646383 66.0461226473892 -2.76316126311424 320.391417407866 -0.552942554190631 2.90971543261353 -5.77310770902867 3.3048789069694 131.303594612035 145.180990853514 -11.3360632927584 11.2515517450747 1.3808796025292 -8.26592979106788 4.65235449369529 -0.386867134085261
54230.531258 8.92842310337515 1.90951135191878 -16.23637 3.030114834 0.787203102691545 4.02403249646383 -27.5883791517651 4.61374909208534 37.7443505058848 -46.3304719764747 16.2424517037039 -1.84877304713588 3.32196940196803 -85.519866540594 17.0860014863061 -38.4940869484089 -0.83443185502856 27.4043914998466 -6.3488785073782 -6.39900726515717 4.78092383630777
54230.534892 6.86579171792304 1.70004992362723 -13.14644 3.025572048 0.654528248173984 4.02403249646383 26.8143203954634 3.97569750497493 -43.7966549594372 33.8190149798126 0.29604572828243 6.63698753617797 -4.0314712446925 -362.205716391245 56.8125830760319 41.1188221407917 -6.50745578339176 3.56437142751812 7.13187924892446 -0.369939764881799 -7.01149371285018
54230.538723 3.96344261958348 1.66161756066833 -14.92476 3.025265278 0.639093641203891 4.02403249646383 4.02403249646383 5.27585503636559 -73.4928456938547 11.7760439336559 5.27907493796828 -1.13236730998127 7.39335996272036 -99.296921477795 -40.8372640621443 21.0772925282124 4.84390049774175 -1.19832313111579 0.34298636107424 1.60225706292991 6.80078574818814
54230.542704 5.56217456643219 1.64837281030711 -7.41074 3.023236843 0.706834129712107 4.02403249646383 10.5212157911275 0.69271048224199 -72.496931523477 18.7788723994197 4.26970597398389 2.10489200149645 -3.74787774243875 55.906097871675 -34.3022298065858 23.2263454084071 -8.1888313644515 2.14169069811623 1.83575744786621 3.48385544474606 -7.03488002300199
54230.546431 4.8384846374189 1.66402200162287 -3.77931 3.026602747 0.687054484568062 4.02403249646383 32.1336297491616 0.0138737695834292 111.630706301944 11.1956085532018 4.11675186273507 -2.11742485248141 1.54264438639138 157.802054610665 22.2755605323677 6.6056246176788 3.60700258841351 5.64253808340296 -4.37417121018562 5.87975407041553 -6.23907007484015
54230.550331 4.95839262303098 1.64669578714399 -5.18189 3.024386476 0.655529329362855 -5.1218661022044 69.6296818398256 5.74934913462912 168.441249818204 44.4462479668107 -2.0163884149803 9.73596049484403 -5.12951921187944 156.872824062378 96.3634907780872 29.1471662935202 0.79452183129369 -5.86218743758446 11.5216703830562 -4.00098996140809 0.0882740201694299
54230.554243 3.70747831948747 1.6856744908917 -9.91595 3.024694052 0.702886754349016 -5.1218661022044 -5.1218661022044 0.4530171130994 -196.079458876392 17.5278698394243 11.5709179913736 -5.33295359173404 4.05202390350135 -299.747099888655 -55.7432243219285 21.7260395780364 16.0380773478404 0.40225636584813 -7.8295017470408 7.92139674630784 -0.18628109183954
54230.558073 6.09706181569952 1.53230621461905 -5.52082 3.02805769 0.634327021878861 -5.1218661022044 12.5116805111897 0.509791878342621 128.910292456385 -10.6969515544393 5.10603442111006 2.55346038756019 -5.04331520588811 280.384987292233 10.1518442188276 -22.9498770266764 11.0776966039939 7.39822504975701 -0.318484356960999 -4.77211004063692 -1.45919753881162
54230.561823 5.77677843393045 1.48837730695155 -3.05348 3.025752453 0.739712046130649 -5.1218661022044 17.2241749221425 7.83959359029147 55.1207044223265 12.3049174894924 -4.10956699046882 9.75425116149975 -1.19496349070052 -63.3623524694752 45.3031509007849 10.619436733501 -7.50465939219407 6.51394313469639 6.6193001456484 -2.17509702408155 1.27947144053047
54230.569415 7.28825299004045 1.57917602880181 -13.42842 3.026720217 0.732476405063139 3.58883556655067 3.58883556655067 7.61652098242318 87.6096723301997 -17.2511357447156 10.0544681617901 7.11336346919038 -3.17324990641986 155.992168262294 35.8803129709067 -22.1218041271334 6.17355356989044 -4.23836789268203 12.7359676991999 -7.23193610538714 3.08335206055208
54230.577076 7.16604457508298 1.39230634920413 -7.71236 3.019196169 0.775576375549477 0.00848781331418991 38.4973968306942 0.839191068491339 109.133768120065 16.8701018304308 7.89877970180665 3.00671757629541 -6.40566477864053 176.330522432566 30.5953932882866 17.4769380965109 1.67354803778468 -1.70986936056912 4.24286467548895 -0.882716598664281 -4.00918806161926
54230.580838 6.92964084791129 1.61682917485306 -10.95095 3.023930507 0.717045361357107 0.00848781331418991 0.00848781331418991 1.1440446648228 201.505708554712 -36.5674262762634 7.42676973911738 4.52916482381167 -7.95230845118312 321.838766831991 -6.8931245706673 -18.0115453119511 -9.15238216459271 8.86217945235788 7.41666611164463 -15.813087492568 4.96123725498654
54230.584773 5.03985839083685 1.41804622607136 -12.2944 3.030626569 0.682511363424549 0.00848781331418991 42.0931238023401 -2.78787774327557 75.4263357169062 29.773897549848 2.05503546885584 0.566330930206 -5.84659388793274 186.381361743468 -1.6412464484186 28.6332684212708 3.05085268778563 -0.646659183877691 1.7634112128631 -5.40039324131659 -1.05326557542572
54230.588684 6.23162967758207 1.4138986688386 -7.05993 3.027648213 0.669523773477966 0.00848781331418991 12.3237312889016 5.72721375656756 73.3955104742188 6.06807674019314 -5.8624034615605 6.94111504928415 0.56222345607769 23.4859246386387 32.5903974890925 4.55569718818357 -6.3197052768251 3.46673360479312 6.62991424191914 -1.98046552602481 -0.521391524494341
54230.592399 4.96393787812718 1.57693882497348 -5.49287 3.029111046 0.588218477232326 0.00848781331418991 39.1147515735042 2.23144295804193 28.7707764083603 28.1240254939212 9.17353581376415 3.82582279810169 -5.99919163773763 -48.0057942028526 7.8508890813282 33.9620500402453 6.67031017672559 0.50001305308359 6.74801464539668 -6.47978279131364 -1.39059304289019
54230.59638 2.97478611758512 1.51402124991134 -10.90425 3.027355094 0.611781524233399 0.00848781331418991 8.73761975916121 1.88297343349046 -55.9152967654431 10.1055314004774 9.42728112421255 -2.85854699133616 3.27662722450798 -40.7171340612643 15.2590449923838 -5.44242148222099 10.1034094606784 6.72112015494635 -7.23031105275504 2.67425321927287 4.45002808695217
54230.603891 5.54752100405431 1.73144180748983 -5.73072 3.02446571 0.558424277183158 0.00848781331418991 63.3217223051298 1.53495019630529 116.531214211226 49.2258194987076 -6.14796140979187 6.13199347572135 -4.34561333883553 225.609869275146 32.8725365201176 37.9246640049011 -3.62739657765747 -0.0767001651073498 6.34534226499752 -0.773795814187801 -6.83641746443683
54230.607792 5.20466851100212 1.97783915443421 -11.43028 3.024959992 0.685908685976395 0.00848781331418991 26.2401063459592 -0.75577357149412 45.9902329617211 10.3075167230468 10.2156079484177 -4.95611682768859 2.34530952025241 -141.312551618664 86.2943264453146 6.11241790490071 7.78588045284279 -2.41643523114371 -0.98273348569768 -3.89553343417221 6.24582307367718
54230.611622 4.86285635590811 1.99361092775988 -13.65273 3.02145062 0.547055532807904 0.00848781331418991 42.0836065643907 2.62208765066244 155.003189289341 7.94253738021077 6.69170250589327 3.44314209674812 -3.68889064560765 127.005694715239 94.0773507148481 2.94531336511884 -13.5047717418617 10.0595228256977 -0.03277530879779 1.52058985727498 -3.05391540275102
54230.615488 4.37675340140473 2.26496770039787 -20.77346 3.034646675 0.653460105074049 0.00848781331418991 -63.3938052074716 -1.49421532232469 -391.551314096523 15.8771902947808 1.87333286809799 -2.35936733161065 0.57117932504767 -659.352798341439 1.3087837494959 12.7614962524446 12.3004203988476 -11.1023014557384 1.62532249430461 0.67544273366193 0.36023951766574
54230.619203 2.67007340350596 2.18417412688342 -5.86017 3.028043822 0.692544949326371 6.38666205202652 14.1070217661226 2.9331974993593 61.3227082436725 -1.42642619024508 4.20031980222093 2.24936255487516 -0.55838657225602 242.893371654044 -33.0991479656215 -7.75225067616109 4.07198751793722 2.07428626675664 2.7792009923603 1.04885416373251 -3.96068113167915
54230.623103 8.82736740268433 2.13498093327907 -10.18987 3.026236618 0.710781785664532 6.38666205202652 -14.3337250143851 -0.629087578898009 -257.71196999614 35.8662532347744 0.477486367916852 7.15750391840021 -11.5793578246637 -410.061845527931 95.5289234406848 -8.10267198371894 10.7928435775974 -3.68410810189682 7.60720162638902 -9.28117829808833 -1.28658797938121
54230.62698 0.886585084821886 1.69804421838239 -14.94638 3.029171552 0.664333522943619 6.38666205202652 65.1980810866143 -3.03900451785215 192.333147901032 44.023028328627 -12.5064889292869 3.49231777235242 -4.87931968253991 282.738224394201 5.8793278043664 36.776826466377 6.99429257246975 -4.21732260720472 2.56108698430225 -1.65162405785264 -5.94385738523191
54230.630764 3.24945099490376 1.65058735740288 -13.18776 3.028327217 0.728579951305236 6.38666205202652 -7.10986938292014 3.59930970546728 -55.8228380803259 -3.94943327850286 7.42992124073997 5.37546277717421 -5.51840003776394 -75.8856438014541 39.2058059528878 -14.6228515535686 -4.80103558048155 10.4279537812096 1.1341269186703 3.00110146971187 -8.15401367358071
54230.638761 4.60269372051297 1.49099674641736 -9.69943 3.023006357 0.633696604675818 6.38666205202652 -18.5440147545603 8.14259125157484 -15.7645734100449 -14.4688904711051 -2.35034738034751 7.21648824298564 2.26987595768158 -105.302670543197 56.5587109627125 -33.0859626930517 5.04970161257415 -0.620970024865297 3.55869367321846 6.99149438637948 -2.1068268535325
54230.642522 2.99894245679483 1.44517482390388 -9.51341 3.025904409 0.660388333086998 6.38666205202652 -13.3772476505327 5.7968543017665 52.2689667593868 -19.3588246776964 -2.25010296372605 8.96958090041878 -3.84718822433936 -44.2725179542943 111.743147845236 -36.56355164571 -16.3439039408557 10.9359314900049 5.70402027646765 -5.10329225907582 1.4052634401648
54230.650253 2.09383467257776 1.42168321473657 -6.8903 3.020401095 0.612869476506757 6.38666205202652 13.6111272230209 -2.61735968475277 46.7915993325102 5.84654117283736 1.26147857816146 -2.93983365474691 -0.0147021574653199 167.189065364345 -21.1691166094112 1.40701183506966 11.2481835702969 -3.17796268814171 -5.17842736212091 8.8382503891254 -7.67585907644567
54230.653968 3.60872851807223 1.46747804564481 -9.2861 3.023125946 0.611755224077261 6.38666205202652 6.38666205202652 1.94656286383422 65.4782953660448 -1.60574295844611 -2.15390132192915 0.51704609801356 2.90501267444609 246.059584960805 -51.3101517805278 11.8723473371953 -6.18680970361259 -1.40191244254744 -2.65847106041523 7.18015649704748 1.02471705231626
54230.65788 3.28484279133548 1.53362891460229 -11.42693 3.011112996 0.723480287654011 0.666357562156819 -1.85757688696825 0.39967082317954 -120.558269298231 12.7925700663055 5.00530019338763 1.65766893968927 -3.68826952198526 -458.20179289021 77.12919101607 -0.246003369179189 8.76537595027623 3.50584192043222 4.42142700421799 -12.5806167835444 5.30258394414826
54234.552628 -1.69625011767013 1.25106941953286 -2.96742 3.024669538 0.698057170725468 1.85819441057396 20.9010333455683 1.66623857106073 17.4346666902918 23.6418046160214 -6.86429097171347 5.87797574455959 -3.58512500657671 20.8791339771283 -34.2719320078491 37.8799284261877 -10.0280797000827 1.68916793734271 3.28475514596935 -1.5282504242953 0.13272049678187
54253.544505 17.5691281581048 1.08709478234309 -5.58328 3.026129593 0.521376739999986 1.08454567246829 10.2826068923797 -2.183979892432 55.9870507040885 -1.0818699428112 6.2855816728964 -2.1995834085672 -2.5676473818029 136.015938534551 8.50072285481157 -8.10896211378869 10.3635613970064 1.6204206822418 -3.3612745004903 0.330612786367002 -2.5315873853393
54254.510575 -2.8641823710661 1.24945008342477 -11.6507 3.025881963 0.623868130634036 0.587163607669383 6.74616311314947 0.25933700735551 -2.58809820753469 5.60232805049988 2.013228734878 -0.9230261643301 0.95442545608335 -26.5436288167684 31.5316251283542 -5.88891821168237 3.32517653984636 4.32653464008129 -3.35115143858923 2.75819195921397 -2.1148749868233
54255.515774 -12.132297796677 1.21808904125952 -11.4965 3.026636083 0.573375691389699 0.743925037498381 4.7857189699149 -0.3562312624223 112.857319921982 -11.8308360683723 3.2898541408879 -4.8668403146719 5.4281638949589 316.499937637635 11.152364317107 -16.6974381465503 0.3748612315076 5.22564348036015 -8.39844410747845 6.6146790888354 0.711959863031399
54259.486538 5.49107354346136 0.81757082359913 -8.27375 3.019259209 0.546749112120838 1.43984586824602 0.1939381530211 -1.67964361353872 61.7121884805063 -8.67901978600412 0.63042871261653 -1.50750257440747 -0.57801040174544 52.63926876769 20.4553579628407 -10.3803220669983 2.25040245881532 -0.117300317569629 -2.24440486015648 -0.599699766834049 1.44397074900312
54291.487886 -0.33786564491895 1.98537853227494 -9.53148 3.027154704 0.600171780710633 -0.192072812729472 -38.3029822184572 -1.21151435517279 168.22389887819 -72.4670211432138 3.60438284965076 -5.06324699430419 4.31638946812177 -183.206970373931 174.049990045951 -65.1872850309793 -15.1013766929032 5.29543457009558 -3.22262307175696 -3.13331611845295 6.79010017770721
54292.474212 -12.2818443165727 0.966323227882406 -6.61778 3.031179059 0.640630830311796 -0.153208587273019 15.3002128495686 -2.041034618406 10.5513408672337 12.6332634069415 1.8719072688477 -2.6999124367173 0.2004985378044 -31.1677098929213 26.3297695367715 6.1556153447092 0.862706168636901 3.44560949136119 -2.84930972298659 -4.4019073354112 4.3759567378251
54293.450898 18.301822820424 0.797189574073231 -5.8157 3.019387542 0.64125293224034 0.499323252216322 3.5937157278515 1.1406524283844 -8.6051922017919 8.5719934956797 -5.404656201141 3.6689752238094 -1.5248042323715 -62.0695552261819 21.1279837680109 6.7420740750123 -7.9025021119626 -0.7110862452102 3.391105036521 -0.0211276658378026 -1.4263572355065
54294.449331 -8.37939476304935 1.04596785961994 -8.72511 3.011518676 0.60298082284152 0.900091899250294 4.0403610625809 0.72736073676487 -65.7307022919161 9.2442894573463 4.82242562361883 -2.66918526382863 3.13829581651423 -38.9630667817284 -45.6014137008091 10.9636397441179 9.54217128586504 1.16977877344118 -1.81024694485333 -4.10687747184279 7.17499480324813
54296.476036 9.73301471417219 1.40734154572568 -6.97485 3.018826661 0.683130718087861 0.642181013145988 -52.2787929978928 -0.55218265735089 -236.945055552278 -24.1325173958695 8.7145155888904 -5.62147663839526 4.12365953513656 -498.592571023098 -20.6661019260395 -26.2302100366206 12.9654659221787 5.46076979257487 -4.65662018781485 -1.08236938229304 1.09325476830092
54478.852062 9.49273968371667 0.953550922215696 -8.02003 3.019873035 0.510614197867776 -1.06967990292426 -8.3712430129722 -2.55191132245108 67.644207526848 -18.3870026179936 1.228669245689 -1.79994199289558 -1.7041443698607 154.575828554071 15.7204708039451 -18.9919486101034 -2.79411006970909 2.04140934401359 -3.35246551466118 2.47718265984568 -3.33336596015162
54478.877573 10.3050780126323 0.931303588429612 -8.17091 3.019915597 0.580220754447314 -1.6875773312488 -1.6875773312488 -0.4641321748829 36.0335948919211 -8.42740308992189 2.34192376386339 -2.28098202064673 1.79812258272023 17.3681318349961 7.67386983348925 -9.22870052627059 6.77196454360789 -3.13488911131655 -0.742925471146 -0.927157574243891 3.14556934735824
54479.875366 -14.4739996216175 1.04280219316921 -4.7465 3.017911897 0.556160464451536 0.930668168168776 1.3547631933212 -1.5166000969895 16.5564576455437 1.05066444359 -2.7000774607418 2.5818415045334 -5.0806450031779 127.016900265767 21.0928713215148 -6.04141088014363 -6.19585090517328 -0.0747993204335007 1.2018356147991 1.9038661750931 -6.2473721828746
54480.858319 11.7095262074681 0.977491325814265 -7.468 3.021272162 0.543764215624979 0.717215959498954 2.5664154775994 2.1491687939459 -0.685303678210739 0.98427903183499 2.31740542877158 0.1722768551023 2.0725608569205 -79.2949268331556 27.4491448844912 -5.63746702534796 3.80616363094576 0.0970989408945009 -0.778079347302301 4.0590701763095 -1.33132441777
54480.869732 13.32461158184 1.12952285654696 -9.52016 3.020842042 0.574140009730772 0.717215959498954 11.8366064736036 0.0194921203298009 -67.9348677135512 16.9477944414394 5.67533751673147 -2.6520683612267 1.7167018170415 -62.0821091849266 -37.2955209094598 27.7748382261512 -3.2227775277959 3.1248251846126 -2.9024498441271 3.6979289119267 -1.8739252289676
54481.862442 -2.23599619455408 0.997247715321525 -9.63996 3.024087513 0.598239046328817 -2.13016601505482 2.63577013184342 -1.21062161749671 61.9000936270094 -5.81501800286063 0.00636919491857002 -0.91450620818847 -0.46325574315418 149.822042362091 -23.8632787419313 2.86727251991912 -0.5038301379928 1.32453001800147 -1.58098908944004 2.72363968364006 -4.5447450808248
54481.87301 -2.74178190407946 0.943156507958869 -7.25657 3.023379162 0.616147933697588 -2.13016601505482 11.7911939080554 -1.44533877251619 21.2232041555803 9.20369779147253 -0.52179959866115 -2.70930027759395 2.20804458044066 -85.3132510733614 36.6381397515716 6.00603202348166 -3.60269122259053 2.45328068403512 -2.43335624936839 -1.44702487399845 2.68676736156526
54482.853264 -12.1070614541666 1.09951265853512 -10.06115 3.023838361 0.604955121881242 -0.2049345292648 -7.87293933187639 2.2042132954316 -39.9710795706793 -5.9719282966258 5.0175716819319 1.1381891163273 -0.527143769819201 66.3907628372436 -4.35237775933087 -10.6598244221927 -0.640109259883401 2.9630813188812 1.5078428603099 -1.2324857803724 0.401937112243601
54482.86404 -13.1112459435914 1.07103406664257 -11.65109 3.01663653 0.596098418873488 -0.2049345292648 -16.7069212968749 3.0583491305487 11.0258733929523 -18.211032398557 -0.0701254820580992 4.3037220147224 -1.8719424393922 -34.9406940512947 -2.10825276883723 -21.0506431939988 7.3950933840122 0.873284849616999 2.5623579014111 2.4596460223899 -5.5216695548002
54483.851574 19.9641543965503 1.01929646782138 -4.48636 3.01890579 0.605352156567269 0.193521139162041 27.6011824326931 -1.1858278831537 19.3367297686457 22.827049932361 3.0154095303941 -0.9707177103441 -1.6110787874895 67.2101149084792 -11.1558999161563 27.2235252406007 1.591251265041 -1.560944718426 0.2429074766772 0.675699264120599 -2.6907450471682
54483.862674 20.2943195438104 0.941939487667468 -3.34483 3.021834803 0.610106947468755 -0.413771382038915 -5.826823398029 -1.5009285694681 -62.6101382087726 3.1104973517104 -0.3567638843219 -0.459352927472899 -1.4712900153621 -116.530934951062 -3.5474137996809 1.6179075865561 -0.3756959324249 -0.942490918364999 -0.530949664888102 -0.2540419123821 -0.514218892138402
54485.856756 0.828537329640683 1.01366691400832 -7.12707 3.018395197 0.600217052247877 -0.795690916876742 0.0500731283221301 -1.67614138250886 29.9722737770313 -7.65457151044571 5.14631528399062 -2.84995911600907 -0.377626433082853 111.390714200773 -31.9103593585595 3.17553853417355 1.13796168202981 1.45660380500029 -2.01448705870801 -1.22272186813369 0.691880896925903
54485.867868 -0.0501759773059973 1.01448800097836 -2.61491 3.021220586 0.55976227634692 -0.977907119049499 10.2760548146923 4.08215129449084 -41.5884125557015 13.8179435119537 2.7315355525867 2.78289744559803 0.833177819374963 -7.16913696949337 -9.53902312332079 5.8975844582354 5.9706613828859 5.10392159249119 0.286185458169479 -0.691398639069525 1.72645874157194
54486.853569 6.97432215235631 1.08768802383378 -6.56786 3.021462671 0.585641569065672 -0.336684668055929 5.34678981532389 -0.30655117507374 38.4010615035952 1.5283232840229 -1.66443950938863 0.34900567866707 -0.30055367628307 130.553418498456 -1.66118578296758 -2.82452892608745 3.47202356572288 -0.716903262227511 -0.35694009705194 3.1233927546098 -4.67993662320976
54486.863709 6.3904623173415 1.18752322517953 -12.26805 3.0209002 0.584919857831485 -0.336684668055929 8.15487094576687 -2.47307008962384 60.16053108696 1.38677326995461 -1.62675956577254 0.822520549800981 -4.31300844437078 126.633494220464 -13.1927433990963 7.84131132664508 -4.32676747413149 3.57745476763887 0.32965932287253 -4.17236613511692 -1.63369976719535
54487.851377 -14.1874066046659 1.2843083140098 -4.09833 3.022513948 0.510084532273594 -0.163760939468725 -11.7118081243983 1.8744411163168 26.5324060877362 -6.94771288199975 -11.5395567928496 6.7996860779201 -2.8081498772231 -46.6085648447264 -6.28722935275178 3.06649948973475 -5.88087882794197 -9.994010523278 6.3918801631528 4.720181810814 -4.5416395950289
54487.862176 -13.9253106435991 1.09365683282456 -9.32742 3.01977103 0.554205860888265 -0.163760939468725 -8.55872597376142 0.0111770198738999 -4.08042227442215 -2.69076772641803 -7.3518370237856 5.7447432851346 -5.6410723130967 43.920050891463 -22.762987970718 4.27250083383749 -13.6005374102801 7.4957550947486 3.4885894371266 -8.5540477649911 2.1147406546147
54488.854253 17.6132595490325 1.15352010115886 -9.85468 3.018705672 0.559469512823606 -1.07280482918512 -12.8339286845887 -1.0535084639864 -33.9592665008963 -7.6049005866866 -0.750397667371701 0.394369811291 -1.8696635695778 -64.0509348244162 1.5682985072137 -8.2625195713912 -1.2728269383545 -1.4653323215433 1.240748767579 -0.6300984050045 -1.7476821222413
54522.837991 -0.940367120831216 1.32654514053329 -4.44772 3.013869664 0.656646236728055 0.993799594556873 2.54839710875824 -2.83018500442762 -21.5304105062784 -3.28184342818825 11.9432436587182 -6.56835866003222 0.98405697530689 -145.471850375991 -21.6818250942525 6.94846805170702 7.29313003983342 8.53945065323652 -9.31364381097379 0.0688301259291801 2.47012627366015
54523.789127 10.3540241602283 1.10316299904629 -8.55674 3.019224673 0.665748797404782 -0.745303958714134 16.1267569968947 -0.965059478926699 106.787589658286 0.3497486773463 0.8360816861349 -3.06422601802521 2.88569125731211 161.688736974638 19.5133080003798 0.777925445609259 -1.0900374077118 3.0841354105814 -0.6051093579691 -3.62550979766658 1.89877410182748
54524.789381 -17.1168609717898 0.872339676112895 -4.77789 3.022826442 0.548035753448103 -0.126779414433652 8.9758838424 -1.4447961559144 4.3749729059336 8.987650319434 -0.876378679934101 -0.197223888610598 -1.5840092883306 -36.7300578962713 1.1895145654071 10.8970914719367 0.4849059212263 -2.0133774022064 -0.252173454787901 0.5286383410273 -1.2744243918603
54525.812493 14.884909259886 1.16283974526796 -7.55464 3.016809728 0.561313099741886 0.333860196470581 23.1418536394146 -0.6368812581276 21.7734912598636 16.494125018964 5.045663255564 -4.1824691914501 3.2898532013559 18.7730660213243 20.8941326004098 14.9526054956205 0.884847249681201 0.128579952071501 -3.5291434532658 7.3994769902469 -5.4820708003982
54526.762895 -2.15646571278189 0.877745824922686 -6.67029 3.018860644 0.579840059936212 0.218610848109125 2.61182044098648 -1.29155033736804 -30.3854028205919 6.10250493597177 1.34997460009405 -0.677676157211622 -1.59859950727409 -27.1256969860674 -17.8127618898746 10.5662378488277 -1.07268417055301 0.19414233385714 0.652582571440325 -3.19237721756239 0.88753787008604
54528.716541 17.5950757202556 0.920551356223078 -6.73554 3.018132745 0.649553525587948 0.901834942965852 5.3388009555192 -0.208143904362199 37.0839862567076 -0.00487719514229923 0.1123754298943 -1.8456151223763 2.5097149931228 49.8532512592216 13.9767219263039 -5.7336643844225 4.2686989689152 0.996141854097001 -3.7720195822775 4.0504323381107 -1.0997750336791
54529.811649 -9.56955491017578 1.0017056437912 -11.41463 3.011411782 0.539104203095642 0.569675125369878 11.039240429126 -3.61617052536604 0.936635205996598 6.2926402166352 6.34389388338994 -3.16133684049219 -3.39402512957865 -25.1678765816544 25.7356078280154 0.971172333812499 -0.151067492451199 6.52813443372523 -5.70117004600911 0.2688770132601 -2.72605171739122
54530.776708 -1.79148409620787 0.975649580307512 -7.99119 3.016818492 0.579803558986416 1.71714891603862 -4.96241300856843 -1.568592522024 1.17630128901111 -0.68447382787198 -6.12091172584825 -1.65815573341862 2.75739967692554 -17.0325419907006 -4.59514103512383 1.18241362842842 -2.74034337181825 -3.08828856260466 -3.28208353823225 6.71033803752238 -2.60677248929321
54548.702515 -15.9598768877775 0.848415429684008 -5.49549 3.022161299 0.682048855351097 1.39419748564958 -1.193054447753 -3.5442678225235 -30.5743551287815 3.187385074847 -0.2069847404969 -3.178678188557 -0.487339845070501 -102.908128335508 24.2643142016691 -3.8639058091512 0.734418396496601 -1.7875637120201 -3.3117931284265 2.7334231548345 -2.9293749024636
54549.696828 15.5628063137634 1.20362635652333 -4.14179 3.031838062 0.591774655979096 1.22501189088878 -22.1701312693943 8.25767682203259 -30.2207270586605 -18.0238255104792 0.130529676996769 7.07438771784704 1.7489278350793 -109.761031351773 19.4627925560646 -24.5052208195669 5.67642451871023 -5.58083483147954 7.72866067976034 4.9088224802872 -2.0845612617946
54551.718434 -10.9343183626337 0.94310855278109 -11.09914 3.019010583 0.634080397142633 0.0701811076224209 -10.9937440431597 -0.9102213103544 -41.5189203290593 -4.65913661331864 -0.89911563266768 -0.637140323297899 -0.0381395367925013 -80.3990529139165 -25.1038614611333 -1.0622905803381 4.97488928245675 -5.24870536090745 2.4160681685875 -0.995219316195501 -1.2915003110329
54553.697408 -15.2644031647945 0.725422549319393 -4.23643 3.019475559 0.608275703575115 -0.0690998338319785 1.370173794508 0.507775407635499 15.1477535532147 -0.7862681876568 -0.0848566435091005 -0.515367081998001 1.7307156091082 53.3586221310645 -14.5686714131521 2.7264989920505 3.5566952326756 -4.4500564352987 0.622322665960901 3.7032253787307 -2.084681500536
54557.657631 16.7841956346127 1.16469285861136 -4.28361 3.024091009 0.604560965656044 0.491962453284081 -11.0876748184127 2.2445607269838 -49.1073374696631 -2.2610342044687 -3.504166661055 0.976402335266901 3.3848438890676 41.5664815038802 -26.0622003158998 -9.3886169075376 5.6319498310968 -1.7276334778878 2.7566539950068 -3.7436551997076 4.6060720824511
54562.644196 6.65290269789468 1.00338163560325 -5.61469 3.022992832 0.697260603116091 0.582058788355692 -21.6098452161688 -1.24701279264609 26.9958759154921 -26.5866712188893 1.58118733542508 -2.39039169098127 1.07758575675018 -20.2613136397628 13.9419141292705 -23.2722376119765 -2.75137661187436 1.07074181749416 -3.67660893349475 8.23665646195993 -7.58910380031512
54564.646668 -13.3406043919112 1.30096992890414 -6.99648 3.021902884 0.612207984020364 0.507941435338424 -28.7508442807488 2.6994517443869 -23.6326641389357 -24.7277273321026 -0.968717177 1.4125881079186 2.3160536334608 -9.705922576705 -8.88352977845756 -22.2146082551811 -5.1350648969723 2.3382822186239 2.1897197260524 -4.5167777806639 6.6587089697257
54567.565395 -11.8469331485986 0.768702081804139 -4.63608 3.019039718 0.612366333462174 -0.168536030544751 -4.66596279993675 -1.1880880486522 1.62134544066588 -4.29340076629468 -0.8679839658846 0.3618354561972 -2.0888428618005 -7.31953051099192 -1.88087702169821 -3.62007592595148 -2.2664347897239 3.83567101914398 -0.704022438067579 -1.6093524458243 -2.0042948420462
54567.734322 -4.72320183928366 0.827519435354747 -8.59285 3.010268203 0.579761667945536 1.09629695616033 14.7341194138098 0.724272650858761 7.9917602944059 10.2300681689285 4.75267860599413 0.12760179116754 -1.17911546442967 7.6581976625144 3.1721287734411 8.0541864259036 5.54683760890155 1.16342017288665 -0.35975081754325 1.87800864504163 -3.40841497166711
54568.690774 13.4630804138689 0.939686585535867 -3.21777 3.025127142 0.573447062741315 0.683156234095174 -9.1622033135952 -0.9646433995996 -4.6958021898743 -6.1565034676153 -3.2716960902913 -2.5116382170967 3.8433781335938 -11.1791926195882 -6.8757811911683 -3.7571645951606 -4.3861022236701 2.1231493726264 -5.49270594266322 7.85659589972962 -3.4494606218598
54569.628083 -15.4925609577836 0.829232362141821 -8.07806 3.021416967 0.56177596527274 1.31518074309957 -14.0575179864367 -2.9205468112043 -54.0749938903016 -9.18645101186396 4.1241065495444 -2.5599156089278 -2.4741214573357 -117.90868829 2.87984457201921 -11.1302693345375 1.8860814404035 0.4009043205577 -0.5285788513953 -5.4637859097953 2.2052833197164
54570.637054 7.49965148176126 0.913704742439726 -5.43895 3.024514186 0.596145978550938 -0.305456444474021 0.349216607189629 -0.982051935055779 -16.6720669075954 5.54462777572234 -4.00532154454327 -0.4761788422293 1.0017765690125 -10.7980211663869 -11.6308717147387 5.35178119236155 4.21081855509632 -8.78173374052533 1.45318857780616 3.06474769187143 -1.74389273891831
54571.608873 0.766043073465928 1.03895358776056 -8.66056 3.021363574 0.634565416950904 0.657925466244034 -2.21260910261724 1.63550391444788 -56.3774794684054 7.57337556609923 -3.05772578560708 2.3599827162582 0.20279996006932 9.9719307484771 -37.93815605899 15.1238415356064 -6.91269488773865 -0.12801211083404 1.64534344723715 2.48399914594173 -1.58764093092839
54593.551346 -17.4180867586818 0.95678230191797 -8.59593 3.029611185 0.570229580418333 0.445520014357087 -7.687236623797 2.9944832875793 -14.9643781020372 -7.3899665633523 2.1348806869928 1.9040657322571 0.753154447236501 -79.4727080165902 -7.54272437627016 1.1307103614495 -4.6469542440102 1.3730503203231 2.3442834406714 2.3979223012154 -2.2551933051638
54610.478271 16.7180780109512 1.1599428552903 -9.50664 3.025754541 0.616195037633139 0.109736511869716 -7.9075971395188 6.9219300367225 4.1496136805011 -3.8368644046184 -6.3287044673412 8.6326246196177 0.0519112532521007 -102.163508161405 24.3635718437899 -0.790777251288098 -11.282190031873 0.816602300234301 8.2565251724268 -0.917895357725399 1.0717672797812
54611.556625 -8.64630867556326 1.05949174025744 -9.58642 3.025811123 0.571021651128915 -0.452582680786562 -4.25838493488628 3.90370303764961 -35.123333272178 5.29479387669557 -7.22190060805327 6.53768495031342 -0.98159587907601 42.7710424342326 -55.6014666493143 10.3920295874261 0.923180879523301 -1.8440711845311 4.09646157383559 -0.11070329282463 1.38361318297862
54616.476486 2.94296435752233 1.55065922804826 -4.49269 3.028591494 0.608514794708762 0.0126097269389267 3.22163612159396 -1.56140979972276 65.5137979558609 -14.7320232280872 12.1125781071982 -4.43419829139826 -0.58663011827151 -16.3720341934005 65.0278469247935 -25.9776193853506 5.38315241704678 12.0605199088207 -8.13537805746317 1.7956073564483 -2.8408342829967
54848.870538 11.6345920976904 1.04584398756103 -10.23732 3.025364637 0.599392361015353 2.41519847944959 -10.4923091692804 0.278249509391399 -67.8323915267903 -2.90676907389145 2.78559422252185 -0.205568041448402 -0.4440088465087 -100.813008176216 -27.3804428977182 3.84776523114978 -1.353714115386 0.9414206322431 0.488456412700101 -2.40657163066266 2.58111258606236
54854.846289 -11.3117069587264 1.08675573378719 -5.60215 3.022385919 0.626024446752396 2.21328196630529 -8.49030427141749 4.5576719216939 -11.4297107217489 -3.81131309150869 -4.2467321928933 7.07884043304179 -2.11465576978089 -55.1356246720015 0.789076775368031 -4.11931268469834 0.797061452834601 -5.3944896618264 6.9410112054402 4.94755850555496 -6.81445043858336
54878.78902 -15.7473807673945 0.929710643002086 -8.52848 3.021130572 0.50764497040727 0.902521851291397 -5.7111692724016 1.3766701155721 13.6454928348307 -8.27302165003352 1.0781182841186 0.5528554274011 0.830133032326801 114.688991709749 -20.6686294551284 -3.7306630077197 -2.6036682827949 3.0224277935647 1.0485180489187 -1.4528102944846 0.4843329947564
54879.791316 -4.10485100557388 1.5178674710679 -9.79367 3.019424018 0.561494570924902 1.26137691789876 -11.9861427465644 -2.39150885075762 -16.3716589331299 -8.580627012643 -1.33789459956069 -0.42434342538077 -2.42536943056063 -157.816658754776 87.8547005036817 -19.3563446112941 -8.57886645321547 -3.53290253385219 -0.41422854896078 1.98327953647467 -1.20074110280552
54880.797489 0.278561864903528 1.90624720819098 -9.76682 3.026667231 0.741458428794541 0.69096805761104 -2.89233267413195 4.03799132385247 -81.2483882098176 5.15371988767525 8.18068971347146 4.99120477869623 -4.47005334014397 -200.789519453378 0.887159359770202 7.0956602998101 9.63451521720421 -1.68465640213175 5.45798855140431 1.11240094680865 -5.00035824207088
54881.787177 -19.9266300089346 1.00288217660017 -8.62254 3.021046962 0.549157536855816 1.92546686970638 -9.5263511048031 1.267144661321 22.6815944749406 -10.2539920996529 -3.0527657558686 3.1580579487921 -1.6450278089333 64.1911991439936 -7.24806267833638 -13.2108386938354 6.2968517809219 -4.9608334557846 3.0896514819621 -0.054998415243503 -0.384026901792598
54882.783566 12.1496362917878 1.15552847861607 -6.6478 3.018874339 0.52211683335141 1.1903895586538 -2.95931573148263 3.65007724646723 -34.6017997849885 -2.21077667597846 5.04908785464132 2.8663216330109 -0.873533439473601 -75.3371526797588 26.0176149502312 -8.89000666116722 1.62769725213961 0.84658445379411 1.6605148050974 2.8474736842865 -1.5121655310335
54883.793831 -7.46024395547453 0.915649072232984 -8.31997 3.021130158 0.528402719871715 1.23529611988363 7.67954574214166 -2.72186619171228 -23.1982859446414 15.7396613982513 -6.94410116130667 -0.563472221310961 -0.359384371620189 17.3980281883172 -17.8858389459273 19.3374573446125 -5.11337718746772 -5.02094690367422 0.295147217785381 0.44661801350717 -0.206363113142659
54885.792225 13.2637998897284 0.896683392006115 -10.55364 3.022233998 0.557217839907146 1.25007076313098 10.1362870343297 -2.7057364752796 27.5625478109559 8.1881385080473 -2.8940224730479 -2.938797117394 1.6703631296228 45.5244490415745 18.3015138953472 5.6816745475435 -1.5612792808578 -4.6604554327804 -0.769501025827701 -3.17910971938901 6.14482814360601
54886.769313 -16.9887829041783 1.12575283442617 -4.80543 3.014515276 0.584513280068536 -0.0431787486289902 4.7093180302292 -1.4919518622138 108.882224245581 -8.0301102694433 -4.2261612421773 -2.972785058093 3.9543795512466 179.852737165305 32.6599014222972 -14.6179586723593 2.9220156583665 -5.7367678677669 -0.610568665981102 1.4675928367166 0.782971265457999
54913.687903 -17.291801072865 0.929807963089893 -6.73875 3.023071104 0.550163774065189 -1.46075408246189 -4.4976467305699 -2.0806469900267 1.4677328095471 -2.7531291759885 -2.699545746989 -1.9866470882306 1.0313229259101 -85.8443360245881 26.8039089598089 -6.24093551598887 -1.5904459710861 -3.0215663385466 -1.2207962460402 3.5496640346417 -3.4442831544537
54914.707945 18.4122944322611 1.01998667881809 -6.30881 3.022512168 0.634600016611466 0.306869044237098 0.253895578403199 -1.735442750961 1.3131014530847 -2.1062903552247 2.98666342868 -2.0785194306697 -0.721463600895202 53.3172415108783 -1.9437710330013 -3.03413161881 0.325944974531602 2.1352772336323 -1.4017512864377 -2.0188556631348 0.088254449441898
54916.692284 -9.04864884860577 0.959550265784997 -6.54209 3.023039725 0.606758517340825 -0.234940293319304 8.22737669886559 0.367303813624209 22.4021514689164 2.3255430125512 3.78013053358692 1.47249825599172 -3.36467385661984 73.9825548105351 -7.59787309345863 9.1284331654679 -2.1764122803802 -0.354501697226601 2.32308409133306 -1.43008724017781 -0.87161618052591
54917.679567 9.80765280343181 1.04014707130486 -7.49951 3.022234081 0.606241992985141 -0.255776040393977 -3.71642580802721 1.32464115927691 -54.5683714007866 0.6340864798716 4.54431853609071 -0.912008865649961 1.54117185454526 -42.7659986858744 -10.2766851953939 -2.80524869594241 5.91592004846579 -1.30015449981892 -1.94843894325691 5.36188669255703 -1.7376977625288
54918.72731 -17.2033891342541 1.00603814595706 -9.47522 3.024940116 0.605510221490937 0.752415422757019 -10.8625745744817 -1.4102796595414 26.0859915967643 -17.7233326643637 4.5533127091526 -3.7275596563424 1.7015033268972 3.88228632892786 -6.5943481429218 -14.3534267318508 7.2804655312476 -1.76544085281 -2.9873727383928 1.5105412082282 0.681534520313001
54919.662336 6.78860051052753 1.05268064799308 -12.0725 3.023361369 0.618079386547299 0.901910007835568 -9.50362978497938 2.67527385682486 -10.0176211630014 -7.94573637177813 -0.20798181882504 2.67768416869888 0.0837875981694696 -62.5423502563658 -0.181893826826499 -7.63432493610955 0.29391679891182 2.01619554359414 3.14938103173473 1.04527313817096 -4.59605473769046
54920.7068 -2.39102072332993 0.967940765693282 -9.96434 3.019194223 0.579972716406654 0.360508043448278 -7.6324843538199 1.08839204186985 1.96018590531367 -3.0140925589719 -6.75623819104023 2.52849640370697 0.66835307366077 -48.0407165068996 16.0500758788751 -2.3002942589959 -8.78180346133811 -1.27954352971932 3.68623525935225 0.895152555234182 -2.80610269453941
54932.642579 -8.04579987447707 1.4014509355415 -6.43719 3.022105752 0.564018186037802 0.232290334249695 23.3624043616307 -0.81819423431219 37.4310980562139 20.3484443714009 -3.52562684122144 -1.74741238936886 2.77039094125603 8.02843590101 9.003638464804 28.9844866627235 -7.53812592698012 -4.73449794072797 -0.00899600023350011 3.21620724203243 0.0684113206724302
54933.637896 4.06603398212478 1.11040703642519 -11.97322 3.020923787 0.582074751643009 0.0350241479565984 -0.42819682128232 1.18521786525933 105.877611767338 -10.8914475363388 -6.75022429520286 2.61830436849288 0.58430088077529 249.48330465225 20.9010985499679 -12.0830007340234 -6.43144187943031 -5.22902396755513 2.95758698605823 2.36367077147974 -0.13096119325135
54934.626488 -18.9892995998607 1.03462447254929 -7.87517 3.025012641 0.60686249876683 1.24050193859596 3.9781034920045 -1.4327772061786 46.1332002183253 -5.4461361972449 3.8657124430391 -1.9427651218942 -0.824215690423301 19.2359641706525 -2.067961207728 6.1262808256704 -6.9702406173698 7.0525470187894 -2.29896847292 -3.0046293555303 1.0748246745591
54936.631651 -4.68313526649826 1.65217242115337 -15.28951 3.03559333 0.630326518100553 -0.172737802290694 19.18843898422 1.10544549019565 131.321598231888 -2.37269453493671 -0.165317857340471 2.30643421082529 -1.74520002120946 158.529918742827 113.777631167297 -30.339479143047 -2.61016066581583 1.72749880196691 2.20798361284125 0.21409021186362 -3.33503039575715
54937.611467 -15.8330016105277 1.2704671935342 -6.44545 3.02501283 0.582136336560484 -0.0227270513371596 -3.5016822657206 1.0587192449851 41.0240337220819 -8.39258425950769 -1.6011640846908 3.9212933796923 -3.7503109317267 123.398212231453 -17.7301383044903 -8.3881348966122 3.6119233697361 0.7175621244205 2.8434939626696 -5.849638129624 3.374598997659
54938.622749 14.7450136494187 0.950635060600313 -9.01382 3.025430295 0.583307731402908 -0.207359592914787 -3.3165913864877 0.3832664424691 -37.1734467304451 2.332254607515 -0.35895545745 1.0305730842186 -0.8688633357859 -39.8415599363489 -14.031275613284 2.6894458691077 0.5944510188775 0.1314883291972 1.6456408543756 -3.695565746388 2.629035895944
54939.639307 -13.1938210725407 1.56262331734524 -5.19848 3.025999235 0.671632657511277 0.389179363876536 -11.9519667927926 -2.6565247756631 -181.008194348515 19.3570495803798 -3.46585893042247 0.8304630056139 -3.8795165222983 -323.189950651949 -44.6851094343023 28.9456370477065 -10.8362195627123 11.1600726054626 -2.22220052313428 -3.07636457567321 -4.0049541027034
54946.604408 11.9725965811423 0.864164249742492 -8.4508 3.024684077 0.579624662918897 -0.0722851845337163 22.7175670183273 0.361994887929999 53.5604708696413 16.1729165360681 -1.9710608094846 0.4544289692278 0.7468289679063 38.2270236244985 15.2713691901813 17.9183290745569 -4.72176069528784 3.76448138834164 0.0925834044907994 -1.9760405221279 0.991664299897199
54949.582045 1.77119228522709 0.990065143201182 -4.94498 3.026342022 0.599732237884247 0.866880031308691 6.14021594305909 -2.8437778260196 -9.93723884808888 7.73040979364045 -0.21421371236597 -4.37525608303443 2.53041368160375 -45.1245739345745 -4.28770422826676 7.29414968584999 3.32687190122314 -0.63520114747966 -5.72883613020002 1.76231016765013 2.99972970320285
54950.583222 -19.6853038985411 0.936615364895966 -10.17088 3.024000218 0.601630503926376 -0.385983030930161 -12.3406762844924 -0.326385010978502 -53.8458517398343 -5.9697380108422 2.0043777850353 -1.2874184260994 0.639825520325598 -101.88199562697 -12.4436535276806 -4.5455077296358 1.8871584485889 -0.378989378598902 -0.353006709140299 -0.223978166351699 0.216982761377501
54953.588451 -10.1530884727219 1.06432106549078 -4.33618 3.02289 0.538494423882059 0.485068402723965 -6.9096315980941 0.636416985360601 -40.0340492828682 -0.63099013722058 -1.30984094692668 2.3656819386909 -2.1523198092602 -82.7871478493059 14.0563437176639 1.06286710819183 -8.5873982642495 -2.1158861668508 4.20340039815027 -1.42631474038047 -0.622746290797501
54954.583016 12.7158900142176 0.963269530090026 -5.26528 3.020285106 0.540432589695532 -0.130471487287212 4.54470008920539 2.7748055990872 15.54476147425 2.38831415336386 0.119052338337699 1.0246877846379 2.7142638974307 126.079274722004 -14.4652458058728 -2.81711824636709 9.24068740354921 -3.4077137960988 1.0876050516007 2.3755051066624 0.696024730874299
54955.581632 -16.3558543365919 0.990229948432892 -7.86006 3.027938392 0.54742851072429 -0.225316285920446 2.2461816756478 -0.779400390193201 7.2184558667356 4.2402244497765 -4.0243619928617 0.818225291074 -0.7792060800247 -37.7674115710521 22.0154744709594 -1.7690557510866 0.256130435238701 -2.7638896232954 -0.408633369949001 2.681277708475 -2.0039999719409
54956.582862 6.07082506628196 1.28014028324305 -12.06928 3.021678231 0.540620937309934 0.42850288833825 5.06321188108852 -1.50116908061002 -57.475053217435 10.9842414529163 2.34207555540687 -1.20291220798971 -1.38256266421701 -45.3955534131759 4.53502549938635 3.22649858487865 4.6195274412369 -2.21587494482329 -1.80618775371286 -1.86390358960832 4.2646207711518
54990.498054 -17.2010986068162 1.19152091639714 -12.04233 3.024967945 0.465270021383343 0.708755227012744 1.5228337726873 8.3452763396576 -53.3852325218385 4.8548666579406 4.7202986023326 6.7805223936799 0.473207417674301 -65.4009682283506 -69.5304325065564 25.1505172199205 -0.285370785263801 0.939120839484403 8.8206228678251 -1.7044494768719 0.700450851043
54991.509988 14.7439197001183 1.06492697620322 -5.24607 3.029131346 0.461133581709671 1.06806994989743 15.5307707272135 1.070917161157 6.63333074947499 7.16063067151712 10.3970526204742 -3.6058212874301 2.8757307468029 30.1990011491495 18.0821153786645 -0.34736817067911 7.82765775217963 4.7293433277072 -4.643980455724 1.9929719198899 1.6479362727351
54993.464812 -7.78087900956343 1.0085974703042 -8.6754 3.027521746 0.51969465053296 0.973029706792244 7.266188489285 5.10607400355579 14.0258067266822 6.3865496751303 -1.3745989602627 4.23489225266414 2.02760590337583 33.8133782671681 7.5115276842971 3.1435026274212 2.04258105442645 -2.96733912904125 6.14074070521036 0.24274702477713 -0.0199831975757299
55272.702176 -18.8765150283051 1.16026827748531 -6.71771 3.021467268 0.505885973308277 0.662896969701317 -13.0008334318373 0.2940931375202 7.29826261315694 -19.666672638757 7.7460381383375 0.636494218825302 -3.6738917689246 -170.20179217432 45.8064989478825 -24.5636987883655 4.8454276164416 4.140960815898 1.9425388022186 -2.8048448927722 -4.4283670565523
55277.710555 -10.3862699433731 1.35101489499073 -2.24364 3.007533857 0.722215750397019 -0.396841063352744 7.01458651606889 -4.20276037871619 33.775474547475 1.74857840050519 0.11372092703691 -4.8016281930438 0.8435212706363 132.479198262324 2.02517028551774 1.43968848738183 -2.08800012646684 -4.18103365091949 -4.92305092478471 4.4892064421914 -0.877462053501199
55278.70266 -21.4014376296648 1.88809049563524 -13.14118 3.027148974 0.53218101733668 0.403945506854341 56.3538761641589 4.9100118826082 201.762091578166 28.7892581899248 -12.7819659008656 4.8632127189285 4.7050638999554 502.74288837032 -20.7293294135679 15.5089010787928 10.6827442700643 -15.3602203839122 7.1970280485236 0.4803799150536 6.2661018675066
55279.683883 8.54228635797994 1.24157170415309 -9.92495 3.019786112 0.52487111648947 0.36255480262617 0.48869907305706 -1.58643166083307 -6.84440613333475 2.25895712429015 -1.12822154709551 -1.67925194112803 0.59347854909911 -42.68264752914 -21.7252835373952 11.9771658354336 -1.0310336186836 -3.2879294059427 -0.60474907737157 2.91650298744657 -2.76888112970047
55280.700069 -21.7269936954796 1.25717485240518 -13.35897 3.027045485 0.527857837560364 -0.185463603152245 4.3532815707156 -4.0048570849148 27.0539640091481 4.8734549468119 -5.743430233184 -0.2339438908967 -3.4772008607818 -97.4193838757882 37.5367148613623 4.0439846865342 -7.4909990704611 1.4680775728399 -0.603532006648699 -8.0562792515572 5.7028976896471
55287.655386 12.1364523886817 1.11965930919308 -4.29119 3.020846048 0.626458040035503 0.415622599140635 32.9427490612935 -4.5664041774234 27.3311580903715 26.3846600312424 3.5100231006555 -4.7326247618004 -1.1593244304452 57.6624125691199 54.0231521763292 6.95614849352209 6.29032232003088 0.359597086176301 -4.0137103911919 -4.90932234626978 4.10483376778098
