53152.599771 -0.562396761284587 0.873256806981116 -9.72333 2.936262196 9.40735456599214 -0.850761004077598 -12.4221908549867 2.25102864855968 9.83658860638024 -19.5545721128871 -0.76164651663843 -0.60829429914983 4.50688957860896 191.388844882725 -228.087068545529 28.4227737735585 -1.21164541655314 -2.1735459179794 1.71536926195685 -2.39239785980538 5.77391903102006
53203.537223 -0.825567612794852 0.880483540968339 -11.4289 2.954094254 17.7533113205075 -0.770624103533097 8.64373124045628 1.83260510714667 27.837428068955 -13.3624276193268 -2.13343815999403 3.71064302351752 -1.95634953024672 -41.5406057191908 50.1116570895893 -1.80031761718895 3.74459117078057 -3.32367124533051 5.60115254011406 -5.71979123130743 2.53993950624492
53205.531679 1.40903573588895 1.75173415771073 -18.05523 2.949581747 13.7493509579606 0.658531847411825 64.635196327888 6.3316747687957 -134.85503700507 165.665505026141 21.374678342124 3.29287365419322 1.54533713463038 14.2303870787099 -236.340080120014 241.189532801455 31.1616354210492 -1.243309031044 3.50190868294111 1.35468847395939 1.12042876125878
53207.505219 -0.935555428764078 2.14777944223978 -11.94108 2.961788946 11.2092761889997 -0.117149119415779 -3.31094901069182 12.4403758649195 260.489282678505 -211.598149884728 -6.19139970498132 10.8835330004938 3.33593483624409 163.176679636745 -129.823555344327 8.97094283435042 -33.0418157115986 4.0588674671479 7.81880789365876 16.5882329872484 -10.2702677755171
53207.51089 -0.0728675913166799 2.02434047949373 -2.96181 2.952857008 11.9640134977281 0.286817478392797 128.614596172259 14.9013471850966 -48.866393821167 161.280485059052 8.24184553157775 13.277270775684 0.13656142417571 -25.6798989485207 -268.122167610124 375.743157027509 -7.03101371308707 8.79036352131836 14.694342741928 1.11285603028977 -4.7994375822985
53577.495602 2.30078081734587 0.949843589930714 -7.54455 2.932793538 7.37671092930033 -0.384227091448319 -52.1837547635661 -1.89856631933533 -13.9499401919517 -44.1582917221624 3.16524360088051 -3.97419310143093 1.82396079828536 -45.7886259493016 23.494718680009 -38.7322120032971 -0.14822641162724 2.53805283774237 -3.53476525126004 -3.22654814722138 4.41008561690987
53809.893589 -3.06804788171962 0.8117741348648 -13.35719 2.938503648 8.79983204044386 0.72611562129784 -1.95524726898326 0.00571943476975978 23.306469423551 -23.0728531969133 4.12087474827036 -2.09775488592697 1.41041636966475 116.432683369193 -114.946535981443 0.63250075233738 -0.93800295116553 6.12527848601257 -2.02243891994842 -6.078667004869 5.65951514171543
53810.783507 -2.74724116707912 0.778398426431804 -11.76329 2.935241179 5.69082541305086 0.902669843236313 -31.1206712900756 0.44122999840663 27.4029660956097 -51.1971947951282 1.55152944586947 -0.69843258071563 1.07643330294178 -34.9961609941541 50.1012728248032 -45.1740714269101 -0.92442611011515 3.4061486061804 0.14259741662007 -8.56929014457626 8.22806421870555
53812.782152 -0.206973137554124 0.896213713441407 -11.45627 2.931812568 6.75940429812133 1.76165844124172 10.1769837286557 -0.022710506581164 -62.9452529881609 58.0211618808047 -2.65504710131149 4.01784042625378 -5.03658149455759 -131.001005122796 72.0426218324144 47.3451117704447 -1.20467395537035 0.325293653460309 5.26230469930375 -9.98524684656046 3.31017966682184
53816.809553 -4.87665905928618 0.85838219841198 -10.13969 2.925634676 6.64385394985349 1.09284315621499 -31.7158458227918 -0.29805034048431 29.26459988546 -52.9242613990048 -0.23001220797202 -2.54644884559957 3.58489190059127 -65.8784795315142 100.597654645523 -60.8030979783971 -3.87138226630668 3.85812022231579 -2.5107479012574 -6.70313845741422 9.5839544246958
54173.818222 -1.50443148511151 0.830764523252445 -8.86125 2.931991003 5.20549866868238 1.62898135345099 8.30423075124283 -1.82378356536238 -17.2377506603093 19.0415863542498 0.931049012327317 -1.73338094753066 -0.54790875456109 -45.2725985350523 20.9391690707974 21.0431643461064 -0.699709784038592 2.38217728697445 -1.18201065608476 -7.45431762927864 6.0751695853609
54293.586482 1.41375407657487 0.777626084156908 -13.07169 2.949609203 8.66062187920181 0.290315739500041 -4.11276890727249 -2.72776671836914 -42.162894073734 29.1807692663824 -2.51208850503372 -3.05394591037822 1.5025568629895 -28.1484310614729 -20.6056540392445 38.8380857165074 -9.08186224539341 1.7418454084462 -2.84234936994092 -3.92709124382951 5.84362548034942
54296.593448 -1.11805397180223 0.964895613844967 -13.91701 2.950176983 8.94788838920487 0.519657110409981 -18.3585447325795 2.10358352099183 53.832660500263 -62.9274505003459 2.23545415693005 0.53163870075111 1.42785444751 117.24407397647 -73.2961073276265 -55.0601725030165 8.07969039334524 -1.37282029163881 2.03158152365495 -6.72877648112584 7.39801289422357
54299.597768 3.27624779818905 1.21903404853329 -12.04624 2.958180848 8.50044107347576 0.107333399214066 9.86267251676074 0.42077406425545 -219.673522775893 179.209152460117 4.70942301161622 3.36093592213172 -5.62935906712932 -119.231416108325 -61.9372181924272 144.792035796005 7.90256532407075 -1.48932815293142 2.86972312844165 3.03989193000256 -7.67370152998373
54300.557562 -3.26613060404289 0.778224504354795 -8.56779 2.947859639 9.55594507771252 0.954244354576944 -1.39597426824528 1.89720557895774 -5.45293257726572 4.02713732941572 -1.63488264040379 0.54166707182681 2.77124165588562 -19.5427086759539 20.9592861033133 -2.63382169814739 -1.6818074429684 1.10870436441392 1.49036801430883 -5.33707862631141 6.71885305569447
54646.569314 -0.832720665698682 0.953422470260032 -15.79326 2.952451975 11.0961493826718 0.297480765431842 35.2823044751238 0.690057934404232 37.8369685310465 9.12195403247531 -6.78264511283029 1.5986309303465 1.13361771421152 39.6892859511754 22.2977098452936 -7.56360673334488 -9.08946273606689 -0.40096245720044 2.83304475552193 -4.18173982098418 3.79365719637878
54658.564359 0.0483779539955972 1.04995776713327 -15.41886 2.949751711 9.51256353275533 0.608303254432013 59.2895095322259 1.9027939945488 47.9137729213058 15.7342467413532 6.5150425922643 -1.43888168923729 2.52395257263512 -159.926516826848 270.447051684962 -44.0382871872364 0.0850767451979499 5.38705739520594 -3.49824996587404 2.26387303069288 1.65967527681547
54666.543473 -0.81979098286381 0.83797488469194 -12.80372 2.940216896 7.48913228021467 4.58238446123432 -74.0625880707563 0.32376852291036 -50.4391392451785 -34.5976364738803 -0.17625571217103 0.47747546337447 -0.16655624727195 94.7494754607743 -126.935056561619 -46.1551553863331 2.18102753507466 2.62476738031315 -0.738894446359696 -5.56011951854626 5.82698391228109
54878.863802 -2.68465315085476 0.791324112886989 -11.68042 2.944651191 12.0015604859411 0.902521851291397 15.7339225284157 -1.21841679587469 10.2658814548273 9.45720555271549 -3.09580016604934 -1.37372645145235 1.6286883551624 -76.9107840952015 80.9641942199164 11.9259475564094 -3.10114952287748 -0.92083771159314 0.02263113606333 -7.74848304542665 9.21832707217926
54879.830132 -0.665143567715446 0.920793286571988 -12.53865 2.944435578 7.56685505173403 0.708529909495831 1.40314254155278 1.37617571417033 30.2976395820135 -20.3378402733727 -2.71521446215139 3.29294422090514 -1.8624531463239 -79.0705315710835 119.242753632893 -33.4422245572011 -5.17638160839271 4.01647313919726 1.29715246589216 -2.16170624460117 0.723499966898215
54881.873704 -2.49404745270519 0.752848867581176 -11.15363 2.941419897 8.37752805856533 1.7996819595511 -5.37133325858512 -0.59779714795695 38.6725932771127 -40.0501062070877 5.33297261356448 -1.70976357917743 -0.58503979015035 88.4511387434003 -50.8488357807685 -37.0864610620969 5.04236977624334 1.7712548512757 -2.10044085621572 0.43433184977253 -0.92371044006987
54882.853543 -3.50135788895958 0.87814192026958 -15.68442 2.943756 12.8328444040438 1.1903895586538 0.98830849541524 2.01959930053118 29.3938776164462 -24.4237773189503 0.53300561292058 1.58894909854282 0.45683014462903 76.3152758519279 -78.4557589910497 4.11320698813267 1.46107473992853 0.58850786699205 2.23360149432105 -4.93915685446977 4.81572146423328
54883.861612 -1.02842069762 1.07603765765378 -13.08761 2.945367018 10.0245452106693 0.851337336579935 -72.0545223718729 3.91849452620005 -26.0492645928219 -50.4925449033994 -0.90243819279198 0.96046290881117 4.58026059840734 50.1264705155923 -78.8797111219046 -44.4079227495017 -2.68395456810912 1.74561023389725 0.20732565143782 1.33783220703979 3.46378163868667
54884.835397 -0.381383189446355 0.958018217885702 -4.94621 2.942504989 7.88386860742585 1.79032088092739 -31.434504969004 -0.934939498053462 -93.6422608003922 41.4777453234181 -0.747476859185908 -1.04761207197505 0.426985525537063 -33.6587209360211 -63.4157119789408 44.9965988288416 0.00537854118557102 -1.30192902725323 0.254945603666287 -3.05770824546694 2.71270761222943
54885.875077 -1.46368245576413 0.819336817099831 -12.43051 2.945093995 6.6210368117677 1.21393441958885 -23.6298719569665 1.99863043827641 -88.8152629089923 44.0376515800224 -2.73065705247127 2.25501959067033 0.726304334615168 -147.87119747042 70.9694022168993 28.9595695523451 -4.02073986944372 -0.53590996486142 2.70758249288082 -4.27649245894975 5.61801083960128
54886.843595 -2.12667012646992 0.887440350574791 -10.70507 2.938809761 6.34838614228691 -0.0431787486289902 12.8426078038147 0.50509316532863 30.3631202095788 -9.75047856996995 0.27182284379919 1.73354239712988 -1.97802065828119 -80.6346026816566 132.274377312784 -28.4068400920736 -7.72199370354139 5.40230105469218 0.266824184674079 -3.03957997025845 1.57055751250265
54989.652264 2.19338173825743 0.911257364198837 -8.04997 2.921270172 10.5637599225611 1.11759869475242 -2.10971042957095 0.87692455063213 81.6508449271218 -66.1431250582923 -1.53375873020122 2.64342262937897 -2.21041235793029 76.2171809727268 0.776987555622796 -58.7563255153028 -4.1036415917397 1.12552876326249 2.94714619985279 -5.19748755330814 2.79002268362556
54992.650335 -0.170941622314656 0.948480671421612 -9.72538 2.929343239 6.43870862961827 0.959232032933121 80.1482578289795 2.26388048952305 80.07792126084 19.1054312460956 2.34638629403413 2.78949189229021 -1.82763086293614 40.97257020456 39.325290923605 15.057749916707 7.00636877609948 0.030625654892148 2.20078587588312 -2.27166565370385 0.975743216753672
55053.556112 0.356308273710084 0.98670485061922 -12.11503 2.952608479 10.0681057699841 0.344855683769891 -59.5098524012578 0.27186363800526 -117.873177355693 35.5407136114109 1.93893401618041 -1.02686992632591 1.23480331762569 -256.231952548633 180.713778298264 -10.7248567326661 2.54745765780118 2.40859229165604 -2.35906293966215 -0.24441157173472 2.11599152422747
55057.538385 -0.676475453558769 0.890618042072355 -15.02473 2.942673935 9.51847864238611 2.02712273965714 6.42783947929693 -1.20787137701969 81.9410354913365 -61.101013339704 2.54638035264199 0.98164014557261 -4.33493380562441 93.8251365034546 -14.3369977664317 -56.8394696990856 3.17391010175129 -1.14048704226211 2.5600977140835 -8.08935610318584 3.64897779084414
55276.871398 1.22347656252057 1.16073485568182 -12.93198 2.982742147 9.8106287708855 -0.42148572437081 73.8472816694092 0.7326770856246 148.165254429771 -47.0768087002508 0.441377455697266 -3.19052700906164 5.29278696457237 808.954248160076 -802.174365302119 111.922030666294 -2.91623854102166 5.08993011384319 -5.96867371435715 1.94776022207324 4.74637130975356
55281.759929 -5.21934904215329 0.833546957949358 -10.97172 2.983266979 14.2958831146183 0.824763493962078 14.8585866815589 1.67702574286384 35.9958038281466 -12.5773261894867 -3.91719091668035 3.48779534142816 -1.20132770547273 151.426514189082 -153.196067632101 19.216032466762 4.56918439946417 -1.35144026442467 1.95716760937095 -2.90853215001462 3.0505420765905
55282.813902 -5.62006406016124 0.876048661824513 -15.2325 2.983758496 12.8331829092048 -0.391723722681441 0.118516958965651 -0.31323485760691 50.4774855653755 -48.4859164130828 6.79146648338055 -1.84633417712074 -0.185420246976951 -50.7963908560786 79.0454933341388 -35.4869797511318 11.6583301053474 -2.61523218765422 -1.08204091923292 2.10845267202857 -1.89617662361982
55292.802823 -3.75021953781595 0.867564912347134 -8.50335 2.968658743 9.25160511083 0.0519083469436129 -12.8465085059366 2.6424646795787 37.7405371529701 -44.5638206345361 0.6564847255707 4.38014928727164 -2.82095835995823 63.773970664587 -60.4964879070197 -16.0452409239632 2.18325416218245 2.85697977160616 2.62569789071656 -1.11616170677341 -1.36866186649107
55611.807106 5.49825060224618 0.848890200948912 -14.66475 2.970317572 14.21379392535 0.392481822179521 -61.2612728733376 1.12367558961627 -93.1080669459684 19.9648823809987 -4.13345355967508 2.91499700881059 -1.27835114470448 -36.8681778801237 -74.3826934790693 34.6469441881812 0.4369127514699 -3.97557194011806 4.04557602436146 -0.672735659821639 -1.04402931937197
55641.751372 -2.80472629034059 0.926079284080672 -11.95477 2.949091434 11.2329795627241 -0.0989809479529524 25.9475467465581 -0.1586311166438 7.8988384029382 17.6799829387281 2.36051842356857 -0.69981577569421 -0.0112567300106901 54.8589144629078 -66.2688233822736 42.3864802341472 -9.06379060101475 6.58589026353628 -1.98313948619698 2.34516285455946 -3.04605820937666
55644.790988 -0.636939705345747 0.821239829246276 -11.873 2.94537731 9.54270318624273 0.79512524217444 -59.41073010371 -1.0806933440651 -32.1920837518259 -33.4543529286436 -0.84952503747367 -2.49509551115687 2.5661472129045 -63.5906678605605 25.8502850788591 -33.4535720579936 3.92852540670993 -3.40772196093813 -0.51337750658685 -2.73708376343648 4.3546840280373
55645.759436 0.345328514511352 0.894227105579271 -11.10619 2.935969861 9.62702777940856 0.515552358812328 -15.3694424922887 3.73165469423172 -6.29179357697241 -8.43328233017808 -2.6697890336922 5.74868693723402 -2.10027429925187 -172.697588081392 167.412175168343 -15.0612222542913 -5.67111680277435 0.47824398524041 6.69892097596568 -3.52880463505408 0.0975705106787801
55648.82871 0.430888049862472 0.879902795564974 -13.25389 2.930929374 8.91973644954255 -0.0569828620846525 -1.21679394439715 -1.2335275962428 5.26111214149566 -3.47107833681408 -2.34293296104834 -0.200682638259635 -0.734350255462384 -50.1260324709748 78.7637278630853 -19.5603426779681 -8.99803849118034 1.36506285600856 -0.702970493300439 -0.763746061777406 0.975151455874535
55653.649505 -0.587509829046313 0.849030343290197 -12.1919 2.923687389 8.5990739837301 -0.636258499916522 -32.3543271022453 -2.39320096169755 -28.4590405522082 -11.4634722103621 1.40363845536399 -0.614852639903103 -3.44514950500138 -72.6574636544671 32.2728149883482 -4.79537620820024 -0.512501765501052 2.62021112611928 -0.791831955247533 -7.28811496287124 3.97879798514362
55656.651488 1.29628033197102 0.8744326533376 -12.59577 2.921983622 5.77217627377923 0.421098941332009 -28.5784078880922 -2.49192112624728 73.7848326029735 -78.9980950318069 0.0991751576772497 -3.28263198638422 1.29114866423991 44.6949784077514 40.5618559632875 -87.5326335163999 0.62509994095405 1.44168776008673 -2.82755526014466 -7.27171568761815 8.2051473961849
55663.628436 0.158202376791459 1.28636071475422 -13.6605 2.925918255 8.10541274370023 0.60807549988558 30.7304639526035 -0.200754519680604 -70.2575227113915 82.5879243645725 3.36308589666679 -2.15438889101648 1.85043362891867 -132.211727319119 62.1886643081706 74.4176324801604 1.23467904348542 5.38994612915329 -3.53974881395584 -1.02055782259326 2.420134224682
55673.722494 3.32358273394352 1.03249731178597 -15.00074 2.927232341 6.25140601737012 1.37032429117314 4.4981548857778 -0.84860522606106 -124.268772814075 96.4851713909994 -3.62927534153955 -1.10551704514392 1.66088296036621 -132.210429213798 -14.0093798324571 102.108389279947 1.99688772432188 1.67882905084857 -1.75895604632428 -6.3900656370967 7.40409113604922
56310.840592 -2.37601920700128 1.04632970847098 -15.52839 2.965854784 8.83928376320432 -0.817658142225643 10.235104517494 -3.39222003281805 3.27364925676185 12.7444539794762 -6.278964726637 3.13080094531787 -7.52733452927267 -26.4535021123387 18.8121027719939 25.5850327470879 -10.6679926825465 -1.74898564671694 4.44914422078786 -3.55287934213533 -5.03441778648633
56320.866861 -3.13953873518689 0.917142188514962 -15.60197 2.963578543 14.9503032937068 -1.55860829143804 -11.6586003859406 -0.3042536061971 -15.5237369066725 -5.6077108269098 8.29894344261368 0.17809891611493 -3.26356930692803 -14.6157771121288 3.30753062582894 -14.4920572066105 12.4570406115528 1.19831750061823 -0.34397182480822 -0.13180803147233 -3.05065912120229
56322.828011 -2.68945316999038 0.887752978986725 -17.36737 2.966062215 7.6285326916588 -0.290348725266341 4.50010814785912 -1.66222275742623 129.518913583416 -89.2434154316261 -3.25709503202916 -2.11700574854131 1.67938437210674 -136.057220518041 260.382926626768 -101.266096261428 4.49940704754772 -3.00673197890006 -1.98682181790891 2.08722477953213 -0.64263227889777
56354.820736 -2.84979961624016 0.965046972640042 -12.39248 2.975003894 8.45318482983753 -1.79654674770258 -100.892066415082 3.03763006285877 -167.148849736811 29.8723202711947 -1.71972152036757 3.94499663054018 -0.78099017127181 -69.2894302024359 -113.77374720402 42.2542260585319 1.13168900105278 -1.96131499303205 3.74058927650621 8.78414365014725 -10.3782086577227
56361.838969 -1.64707562728725 0.941183439321263 -12.45038 2.963526197 8.36681397113631 -2.12538197109275 -14.7128237455447 -4.28594778479004 -19.9270164032581 2.96986159539494 -3.53077812892693 -6.67454406791348 4.53829288785099 35.1328855728218 -60.6339763928685 12.0022317000767 -1.03217265624581 -7.40117337302655 -3.53944155656682 5.21464717750148 -1.87976918359479
56362.88096 -3.75948977444461 0.904119367426542 -11.5375 2.964516948 8.98671668022136 -3.07334259861411 -49.4327165513722 2.26269831277728 -91.4072987927524 27.0720553565717 -7.92452290479475 1.21925740862742 4.08371042474336 -57.6489076294798 -38.4828073113539 29.6367039199409 -2.88668801304224 -5.67136869948491 2.76913212733502 -1.68513859347387 5.95743980807316
56363.77808 -3.14383675829005 0.913277385453208 -11.7727 2.959383737 9.41544280866544 -0.713363002242931 32.4722422110895 -2.55147534623529 103.347155806718 -36.4618724643442 -2.35234582468181 -1.26262734457516 -1.18316360649446 108.634497129561 20.0757748331764 -56.6216611557038 7.233395843726 -3.35138118474333 -0.40983284263247 -6.82821147593772 5.71409005770118
56365.818352 -5.17157436586392 0.838849654694094 -12.5922 2.951922051 12.4275868713548 -0.787279519398486 -48.3154193708072 -0.1574283446953 -114.476697554848 42.4811061622324 -2.38840639134646 -1.64737701451969 3.05786093179969 -129.592925678481 21.1164090438643 32.4597374769896 2.3424754723112 -3.04870701959909 0.33141589320381 -0.82702470022145 2.04980548735864
56366.7947 -6.48749995140532 0.87424510862183 -12.74632 2.950581828 7.29210698377075 -0.64341392854965 -100.598835377675 -3.55389850884762 -44.3134935719788 -73.3191849776054 5.83373441445208 -4.06139816015925 -1.05603797652452 85.624763621992 -126.925622080327 -69.6668022859784 7.19967723003195 -2.09266496132747 -4.77288742087266 6.61002206090249 -5.8256769332054
56367.772818 -8.14878786001211 0.928521875768998 -8.07807 2.95369722 7.17638944806474 -1.5493355852001 -38.0967934598318 -3.41582425962756 157.554686746794 -151.419882916231 -1.36982990836918 -9.16340511397725 8.86881625352523 404.522837932235 -308.422262895414 -79.0641792773616 -5.91218126256327 0.903341452632739 -9.10090898466177 4.5616112823592 4.18425039913012
56369.75453 -6.36428678198775 0.833463619197232 -14.65738 2.949979869 5.68991099107799 -1.77598471044995 -46.5722655843065 -0.09191155341541 -87.2293950137551 11.8503232583314 1.28554257354898 -0.83568459414605 0.7095013429506 69.7657252751451 -164.595059386613 26.5067780880799 -0.75042890335386 0.73548917266572 -0.45910140214907 1.89895627218861 -2.1051890230977
56370.747775 -6.66074147181812 0.82727754191522 -14.8184 2.948589349 7.92246310573044 -1.52141401427479 34.1614370161297 -2.0214467041283 21.4196608504342 19.6409229874249 -1.34534119972133 -2.45155767429078 1.105129864241 -115.475788014579 213.776773503045 -44.6718054660291 -3.1712798912079 0.64406072199233 -3.71181362366438 5.22705036192748 -3.35794927902413
56371.805409 -4.73329614856552 0.845507201550454 -9.5966 2.945058956 6.80365704107993 -2.69180720792884 -60.5157324578351 1.57770664464634 -154.494298944092 46.5265752075807 -4.4655216772957 0.10898545710935 3.79091838473516 -134.473011254734 -15.5691554960862 40.4407557027139 -5.47577527320416 0.56667345216761 -0.4002560342895 1.94518164027563 1.74323165062868
56373.737506 -1.56044781817374 0.852124154865172 -12.78531 2.944665112 7.83493702593662 -1.27780291679126 -6.63655708690954 -1.11740594849418 15.0326137144693 -19.8596464531425 2.98195600765042 -4.30451539689594 3.91011641782497 -80.6994529055928 88.6527555292202 -20.1129832562473 1.4789711090599 2.56941457547131 -4.17919208335958 -0.35656145461412 3.34787558243189
56374.764466 -3.25360839521565 0.965152571968628 -15.42808 2.949609887 8.23612437389478 -0.503726774969881 -97.5619741154714 -6.62044021984873 -90.7542731084041 -28.3014809021098 -1.43023590107897 -5.80263595638108 -0.76915189240059 97.365560590478 -237.777443277068 20.3567230473841 1.90799374833369 -8.05809609410547 -1.43036682181563 -0.32139936471492 -2.51278403697033
56417.504267 8.81387307785975 1.80775900975752 -15.02662 2.959180094 11.3074483935773 -2.37179287906486 -541.814936533983 0.98839292814366 -1118.2141560642 402.063601559305 2.1594374942585 -1.69503710756658 2.99604427014906 -1505.26707059816 800.237853839083 -18.0452658182049 -9.54127917053578 4.71129476343274 0.588766150416149 -13.706308295202 14.3771994815844
56417.511651 9.3040111819518 1.79353918518138 -5.03084 2.955757799 9.23316669977202 -2.37179287906486 95.5645050100148 -9.35607799957322 -91.9544257935163 173.942544515649 -3.7895762958606 -2.7265845740833 -7.84686166776769 134.052271779156 -117.592960734795 106.636156057026 -22.0695245099581 10.4174429661623 -3.4624907646606 -11.2783256222212 1.52340800344723
56417.518758 7.25929986786949 1.87724744361457 -16.62577 2.948794756 16.6673301984985 -2.37179287906486 -170.105674794963 -6.85277356245619 -182.91931667323 -21.7227884016538 8.48654367773121 -3.41627378936814 -6.12173753354291 256.09721544284 -545.07926770684 82.7344135424685 22.1368551089301 -4.2315121919694 -5.76546213683415 6.12011462941075 -8.47872000478264
56417.526212 4.07834397756003 2.01921796775999 -14.23724 2.945336285 13.5758443100743 -2.37179287906486 -60.1073403357739 -0.54613890103348 -814.009687440144 629.096431856618 -7.46718843668178 3.15640490628465 -3.2115153126681 -1679.74372563884 1853.1703207404 -324.950545746467 -21.1124915803192 8.60796676435477 -1.3818624572759 -6.41660498651482 6.13753714476182
56417.533608 8.43721269970103 1.95942264256115 -13.99524 2.955324372 11.185059871004 -2.37179287906486 -150.210243263311 -3.86611861570864 -392.805186270264 173.199884819213 3.28011344217211 -6.14471643433597 2.28569544455536 349.291792165191 -717.444249790879 188.405362089722 5.02469700141305 4.95696221600129 -13.9492658230604 16.4394867980183 -7.67841906482385
56417.540841 5.34920429400666 1.93972661889045 -12.35372 2.951107703 9.84664664367762 -2.37179287906486 14.049886534453 -2.01435290020335 248.073994366893 -187.600025261609 -7.75295421690287 -1.37918231198831 0.70483545100023 -88.6147851789014 656.501872322298 -473.090526313791 -21.2876738327165 10.8210794741802 -5.00205943838747 1.32097894543289 -0.52170975862675
56417.548087 5.23976778468896 2.04650588142289 -23.03657 2.945559049 14.1571099046235 -2.37179287906486 81.6703734075459 1.11721312675866 22.7036784809863 61.5152716274989 1.57994842755535 2.48360471795074 -2.031104006542 -612.173184301092 884.096695478461 -201.994753499606 -17.2637001634935 24.7480584952427 -6.61369178555881 0.37569861524745 -0.59897644293684
56417.555471 7.15096159184895 2.15957579854281 -5.90608 2.951242205 12.0070313665962 -2.37179287906486 132.844973440762 1.59783489919331 672.141012989206 -427.645679844949 -6.47123485622449 -8.55008085153063 14.0780822289033 -67.159727585235 1012.33912163266 -696.254525426911 1.00462030300659 -4.07768534922857 -10.9007872168615 6.37425013176218 11.5025345382963
56417.562786 1.04988827115442 2.0407153291665 -15.87411 2.959211648 16.757731724131 -2.37179287906486 386.501087443967 1.9943981023494 373.710958536426 77.4700328748995 -3.62841040759497 10.9849622728985 -10.7560643389121 224.678870349186 309.999202038872 -64.5607841919327 -0.24550204748033 7.0220733618749 5.021658227513 2.12379678360257 -9.9689750709182
56417.570101 12.0156749483711 2.1813418290283 -10.95081 2.954939049 13.8855843870759 -2.37179287906486 -244.547043439482 2.34406032374205 342.599201452886 -516.819188768557 -17.8313431472989 2.63967107055932 2.86477916343359 182.365656016896 67.047513605493 -444.175313370979 -10.9821077697189 11.3616093257844 -6.07178042415787 15.1677725822203 -9.896304489048
56417.578597 4.47611618864616 2.19872222566556 -7.1754 2.958089995 9.80688264235416 -2.37179287906486 116.154923476263 -0.43553294125858 -264.761971013515 331.440487040919 8.82721472928341 -3.4543844708869 2.08744757116479 599.044866696858 -1049.26299571482 523.98162680401 42.998143763556 -14.911461052212 -0.21656328333659 5.13074236006847 -3.09075196303058
56417.585912 1.280659198494 2.10138374654712 -16.35058 2.950412172 7.72095670142585 -2.37179287906486 820.220959412949 1.38873342348634 1272.33022664255 -232.450584866265 -10.4660637107408 -0.15960345874843 4.05480952465569 1405.46897218842 -370.526040443251 43.9288138298345 -15.2868556284523 5.30222582239447 -9.91267555042363 20.0148887684489 -7.95164597478295
56417.593435 6.92803904987368 2.11984260991145 -14.37551 2.959796042 9.37516953809092 -2.37179287906486 -56.9533625749256 -1.58804983003617 169.704480124098 -211.902875467661 16.7900916592228 -12.7256055361554 10.8033743801778 -149.916128442148 372.534965826142 -278.620030939028 7.8252535281104 15.925765992315 -18.7195713345969 6.81493427723558 6.46150128210177
56417.600611 5.06150712354333 1.9990895782218 -12.6469 2.955446832 12.2620152054912 -2.37179287906486 -114.95470555862 -1.86914687299527 -286.894934977811 116.968094494592 11.1881224324644 -10.2827303172726 8.52200599187134 -360.551170710374 151.588142998805 40.1881049883325 -8.29372508210178 14.1083342150592 -13.0102875969772 -1.71019114313582 10.613283766742
56417.607995 2.30036689708656 1.86266471949656 -19.48726 2.952318892 9.82724680875027 -2.37179287906486 137.060658097552 -1.60880412503174 160.4283585736 -6.42595670944248 11.2270273966721 -4.18852502415542 1.04000475043989 76.350602308837 183.176018475644 -115.292389062228 39.4468830796545 -5.83332723588207 -4.37279148135448 -2.41737429178415 5.01959350057306
56417.615033 8.74253837594012 2.06384535444522 -7.10532 2.962783203 10.0388019646471 -2.37179287906486 -240.86161901017 0.63728181441363 -113.238280524311 -150.986800147126 5.641484102494 -2.3731741893362 2.73434895874586 374.432896462925 -620.189138814965 -28.3221634229249 37.677529608003 -3.9655501400252 -4.51372095285731 7.07819080840891 -3.01339224870812
56417.63001 3.72777061148124 2.16277120297123 -19.39977 2.950928863 14.0164429415912 -2.37179287906486 18.0527257281134 -2.56819556448103 156.963456235842 -93.622455890841 -25.3413151898901 -0.34792323909836 2.11856325970225 431.405384046518 -202.13956877007 -140.301486899772 8.295612517769 -29.9223749969169 6.11521233527058 -0.544799921016493 3.00496047807541
56417.637186 1.5776800021814 1.9533667615865 -10.08995 2.950037057 11.9098518894646 -2.37179287906486 129.396807747869 8.89113076432149 189.677356512724 -26.0152094068196 -5.40225831695103 6.96674385165896 3.54931272121403 -84.174300715149 380.678623406797 -129.880785619587 -2.65170550650463 -3.57587583789727 4.14066276508026 -0.43697185569373 8.92898111577439
56417.64457 11.6704286020336 1.93672383869258 -4.67493 2.952763735 15.4286089225759 -2.37179287906486 -611.206028610086 -2.51577372706165 -321.620363832292 -346.179143965121 11.8151046115182 -6.87653248894575 3.20259079439801 -187.586424238669 -154.801444904958 -324.762256594709 -6.27801019296688 17.0717539822185 -10.6191786840174 1.95361353558846 0.78372572783051
56417.713472 7.34361411612585 1.78513329771847 -18.35232 2.96382839 19.0004683541733 -2.37179287906486 111.385509857958 0.4050563308615 58.5401905789292 69.4387244834988 -11.1913658597219 -3.1209173295444 7.08062667936919 111.52531837446 51.9087102155114 1.041137597545 -40.6048216841814 9.58918002983804 -9.70596315116718 20.171871135252 -8.82860742308337
56417.720717 6.1050973973468 1.86690107669934 -11.27464 2.946947854 15.8561290104722 -2.37179287906486 157.537250372624 4.83769006014704 80.5662253039445 78.7878076403618 12.6466038125763 1.79105539626442 1.36129188070603 114.517836054647 123.202299594512 -72.9136752181198 28.7278437455708 5.15999972742774 0.365013062883952 -6.49524628888084 7.5201523726351
56417.727928 5.94379275498339 1.71398241885537 -21.84466 2.954836109 12.7124317886838 -2.37179287906486 -106.606509543033 -3.85692479464518 -202.375637955957 53.0931288776124 13.6941105147523 -7.74006702879544 2.11596093263765 71.984868183941 -417.825011463064 173.28624850936 20.4274134427277 13.5722518688242 -14.1014660160579 -1.69372998286668 6.36839765480566
56417.735521 7.58686700391958 1.92831741665265 -17.58338 2.952230012 13.5592483224001 -2.37179287906486 -38.9526477095809 -0.6009106716256 70.3091894510976 -99.246130095444 1.42970193639097 -5.23667470585065 5.6970268915742 -122.757106505798 371.828146835729 -287.460445976728 24.5820036938999 1.16152892271836 -11.0781168969299 9.44103469223269 0.4921334609847
56417.742477 9.77886104452191 1.96188226713591 -18.33037 2.959157703 15.0127755982467 -2.37179287906486 -223.723518254963 -0.981829260379991 -1376.98963660384 958.368676392746 -13.3808164628479 -0.57077410024334 2.18915296721277 -2347.90706412942 2090.79335964194 -152.916276208916 -3.1876595880994 3.34620442144291 -1.44907638660938 -1.87727824881499 1.3702564796221
56417.750348 5.56470739345869 1.79691146022161 -9.67126 2.952338239 9.50205057559047 -2.37179287906486 297.826671415928 -5.23271707515294 -196.564618652214 453.334764448131 10.8692607188522 -12.205362794142 6.75440058579768 -131.275168591085 76.234674271686 309.762572672178 27.268488773833 2.5195995970454 -14.352197889921 0.950704815550696 6.96028207925408
56417.757246 7.16183593590201 1.71620904476685 -12.77249 2.953404897 12.1707622571746 -2.37179287906486 -21.6828149674341 -0.0914298605731707 210.761866593195 -201.52404530941 6.10562558191538 5.70954353513196 -8.79838860884296 -494.410713541154 1038.53159045987 -537.024718813078 14.9032724815663 -1.76228693823926 7.78720750635098 -8.5439977965279 -2.06027174039778
56417.764422 3.53258007110011 1.7256742004931 -15.99368 2.947198806 8.75267449543321 -2.37179287906486 -95.2467349077396 0.36456401120562 432.603337534133 -454.585467646296 1.51361133351905 2.91710377064053 -3.5929223306377 219.85855339369 163.163869164728 -421.67531275693 12.2512528912821 3.4952444953389 -1.55161903597571 2.70877473429338 -3.59273935042066
56417.772154 9.84920344526297 1.88199074533485 -7.89443 2.95351654 9.23297544193807 -2.37179287906486 -184.770194253318 0.20639114029178 -275.459006206439 57.0818189599882 -17.3110776153761 3.67956773949071 -1.07629742992499 -87.691113794014 -251.723778782051 101.446589123249 7.0491157257346 -13.7430074563402 -0.44952299435725 9.61583375837249 -3.54750246495132
56417.779399 9.69858192441597 1.73002636020179 -9.7583 2.953120711 12.4533371708574 -2.37179287906486 -339.972005370383 1.83123574186694 -88.519331379986 -278.863859002271 15.0303159771569 6.28490680320497 -8.84687548570842 69.284506214045 -331.258773382121 -108.656802207413 -14.5720080130639 19.4509852457091 1.5364345336598 -7.65013448749573 0.42975872522719
56417.786714 3.66496964122832 1.86057723387666 -16.23172 2.95547099 10.2789108242695 -2.37179287906486 465.941193558453 -0.99024165519865 134.982187225952 365.545074805197 -13.6085090880602 2.19703889657323 -1.52612906604416 936.146061328575 -751.406094598992 378.866281288852 3.17138118131085 -5.74191588634724 -4.06504031226738 14.1344630434481 -8.992126376314
56417.79396 6.08886270831157 2.06487725772222 -13.17216 2.946044606 9.51412138751918 -2.37179287906486 137.164377422293 5.53238234191313 -91.86901793262 208.660887258144 5.97047793669624 9.04673106788645 -5.6153230237781 318.959894239312 -346.888233025753 182.095986846331 4.66534021873011 2.84427969114948 9.49951731831592 -6.0160855141449 -0.57006625148616
56417.803589 9.44943055008124 1.89306243269795 -16.97304 2.956698014 10.022338389724 -2.37179287906486 -186.535814412917 -0.02194228272222 29.996164474596 -207.086821433935 -5.27663462685277 -7.32773914639858 10.4657757123613 325.345734360252 -430.794325414136 -59.2160364826261 -18.5616772136215 8.53101434203469 -8.47165813039162 -3.49905992587324 12.9857975547451
56417.810626 4.26321754913099 1.96884215255283 -11.78523 2.959749075 10.5443565219244 -2.37179287906486 70.4348387317622 5.64635215326497 445.668845101992 -307.966144130743 3.23341646622615 15.2954592258127 -13.0017473774006 319.442256761039 255.555278437787 -414.654482801273 6.0003459982563 -0.319437450020356 11.4207199293761 1.0249097769594 -9.4407890846271
56417.81808 6.8363783865365 1.97323901539269 -8.88384 2.962638006 18.5708638090508 -2.37179287906486 363.042949974935 -6.30136463030724 121.165508135866 256.997849355045 6.9178810383176 -4.61437064035977 -3.53039600706851 135.244450882692 257.983111223023 38.4065286927448 -2.9031119663173 -1.5142356360012 -4.26743443484454 -8.34551211526471 7.59679011754135
56417.825673 13.2692387001672 2.09355793322709 -10.16528 2.960120388 10.551343394958 -2.37179287906486 -662.096991808784 -4.32107088968701 -806.269117118985 18.8413532602825 -2.2682055746988 -0.918128278427499 -3.89418517437887 -642.649171542379 -172.740189152403 -3.60215558004005 7.43684568740025 -4.3602108655813 -2.31715859088366 -0.336085221801159 -0.945614055904151
56417.83271 14.3178837918485 2.0419118827294 -14.66768 2.946213089 8.99442252221006 -2.37179287906486 -474.133499643224 -2.42054951041 -844.631913784569 253.950186662202 -20.7758123917822 -6.7024083490328 9.4657931821929 -444.91609184462 -299.285301633285 161.789704780639 -17.2360535258912 -5.3036952944341 -11.6600770650502 17.7197512938631 -2.7072493116693
56417.840442 7.104955316247 1.82311021441988 -10.35897 2.954224771 9.7757832579128 -2.37179287906486 112.407850084727 2.07988103043122 171.160232926276 -35.7778848410828 7.9727305524065 -3.73454130214152 5.97843869488846 628.015039382337 -537.594258802915 62.0419298509805 20.5081150756623 2.6304142846693 -5.33734764956298 -4.77013737618492 11.9399714728064
56417.847479 9.58407300896005 1.67304977227546 -16.14297 2.957620509 9.68218465072139 -2.37179287906486 -437.881339089607 -3.57294498813387 89.503136023106 -516.726032249506 6.69869442584953 -1.62388807521402 -3.98739067175611 720.05884048131 -1077.15103894451 -69.6380525270252 -15.3235451164296 3.89372254364536 -1.74101657517064 -5.39238055910057 3.19321978687675
56417.854586 7.47114871466285 1.87694986608782 -14.1885 2.959496806 10.7756531212109 -2.37179287906486 -81.4472120052914 0.0739740088264398 -12.3927810420843 -64.831357815222 -7.44306593033833 3.47391839593763 -2.93124507012883 -130.008837281866 113.407720900157 -58.8200744704576 -15.4032301378796 -6.76812466009897 7.48566989338269 -9.30953470939523 5.4706420764386
56417.862109 6.22424155001554 1.71662142129051 -11.02627 2.95300271 12.9119139794558 -2.37179287906486 84.4287412053904 -5.9533402415874 520.8948283045 -350.234155054129 7.05167542060526 -13.2556036458997 8.12654070234649 855.305088709253 -572.959745913443 -89.4551883734329 -14.666731772577 16.0237828908216 -21.436074401023 14.7401256124997 -1.8167935086625
56417.869216 5.67415330873104 1.82872387776584 -11.58055 2.95746376 10.1367792917432 -2.37179287906486 138.349709748285 8.7339589101736 122.696327183758 36.5898495586361 2.17662512034507 7.16151821274192 1.6057528738597 587.697712274952 -595.801810855352 186.214715726515 3.44259826244751 7.49927665896921 0.00304653379681996 12.1972853185443 -5.89974140508335
56417.877433 4.69759231804711 1.74606988397553 -20.92701 2.952538048 10.7511973843794 -2.37179287906486 186.853183095671 0.44903249002085 93.68910525688 115.282546166413 -6.74534919558853 0.33179184316438 1.5230526041613 157.020956499668 -18.4323720068116 77.3772413164601 8.02733168138647 -8.59400420525945 3.24378918486435 -11.1573053622913 12.1740287935067
56417.884598 7.75213326467812 1.7015786099485 -7.14125 2.960708105 11.924895413281 -2.37179287906486 26.3182162065204 -3.21363719252619 -764.864728553834 643.002197863385 9.80509226479594 -2.45666768200084 -2.97743644773677 -2188.2452156544 2113.50378490658 -93.6263247678814 13.4070223559853 14.4018367796563 -7.4335083336301 1.7395898397005 -5.12788759258503
56417.891913 -0.899936153692109 1.99245809150805 -22.16835 2.956617439 13.5690599237407 -2.37179287906486 962.969715522631 3.70434666786433 104.847216747047 857.521424196289 19.6761506076219 1.55768790827405 -0.98665721878707 -405.63413492983 1069.20045293038 338.006233069778 8.73808043217198 6.78185711766539 -1.09502404420739 6.73817521405482 -5.20392071688291
56417.906959 6.92609783002804 1.80992998856441 -5.19464 2.953320169 14.9687418662872 -2.37179287906486 -251.043238416809 2.34523550909684 634.093853331199 -783.196859138451 10.5723747655484 0.89639457530834 -0.16715022186081 1666.51423782988 -1676.76955333347 -125.125024589956 12.0479849136448 10.9759388576476 -3.54967085220782 -2.79803375946705 4.31199574131727
56418.505558 5.80656090171783 1.19260192770596 -11.45514 2.94964312 7.42788546028274 5.23246580678299 46.4359758146651 -3.61323017663305 -210.254911393132 217.397018944598 -5.81402601921504 -0.49001524250498 -2.95969689355548 -189.15534907009 130.087593855721 82.9929316637956 10.2051437095626 -16.9741473485939 3.42178598079054 0.31833180362373 -1.84416322778242
56418.512294 3.22547530251929 1.2685912142288 -16.17729 2.95022325 7.88762940048661 5.23246580678299 419.711144980395 -1.55182102763465 -305.749822621723 664.351641756728 -9.01970257189707 1.40045552267009 -1.97801225637261 -1110.41989865735 1357.5636156991 152.177931435873 -12.7182195810267 -3.23853212105598 2.01903284750477 4.92992804092594 -7.26469748192873
56418.518266 5.93895576814639 1.22606302822548 -5.46408 2.945442806 8.42300130701897 5.23246580678299 -146.741808903737 -4.90612682564411 -486.765622638558 239.382086743936 -8.61026395588152 -3.1141189435953 -0.46840323195588 -417.873140712084 44.233319619753 136.158152007114 -5.2542567380461 -7.8323430153385 -2.6301980673929 8.8585079269934 -8.17242462919951
56418.524436 4.07811903605911 1.31230053171926 -15.8711 2.948934019 7.78773542624729 5.23246580678299 410.427670766711 -8.90552451156876 468.005334595687 39.4788593233058 5.87581681562638 -5.62143932525136 -5.83250614725481 450.813618077328 18.8830839935546 53.0986988365667 11.1576346821087 -3.6161667968606 -1.96209075072291 -10.5782675749624 2.57227846030545
56418.530663 5.64522203536924 1.43425311352676 -4.95493 2.943623434 11.463605858079 5.23246580678299 -102.854085755484 -7.93945361378752 667.677345434117 -632.243704984549 -9.49994663669681 -7.82882454600719 1.93489320969886 1512.10099824609 -1377.29180459143 -94.914727498928 -12.3352727108236 -2.96415483146845 -9.35571184220156 6.49194723667047 -2.09795968160199
56418.536751 6.01920769800769 1.4150893096033 -19.27796 2.950495853 8.31939905742103 5.23246580678299 269.310665042249 -1.48980800416363 -54.241169304716 321.895385069544 -10.8070309596491 0.49044807109027 -0.35330166868209 -885.744096254194 1249.22288586017 -101.593164341952 0.27251149655948 2.22566604813239 -2.23290042501514 7.3261927597145 -8.52976466080368
56418.543024 3.94272543281792 1.40511676433541 -10.67411 2.948644129 8.82322780882284 5.23246580678299 74.0303107765253 3.3172873505471 -405.319443117333 385.897243570756 4.70985827783049 1.39469772367348 1.5569227305365 -751.188539718691 768.893033531504 -7.47744444393734 8.51980462667909 1.82820062116631 0.15962593641678 8.67773731880797 -7.44258240821678
56418.549239 2.49263003223073 1.41249634689687 -10.03604 2.953972563 11.204612409153 5.23246580678299 247.3143390411 0.14353576498369 68.017344215807 198.081668949458 -4.84225043273285 2.87949994036876 -2.63310912983507 148.641618562917 132.748093857233 25.9348692979903 5.82451579265521 -4.77034694851972 2.25631352074058 1.59232691818262 -2.91083351901244
56418.555397 0.299937480875911 1.3038264830953 -18.11842 2.949667602 9.89212960104857 5.23246580678299 405.541726477924 4.71320097805854 417.584679212719 77.4795152203398 -5.85470116854429 3.96807236485411 2.38155407461223 392.504629194994 159.377437972645 -20.9827332838524 -8.64353743908632 5.78218641827229 0.23428250199355 6.55452956803696 -3.23492324866654
56418.561496 2.66231063843575 1.26010561573858 -7.75992 2.950934094 7.74366323923882 5.23246580678299 415.922487861469 -2.81797907572661 489.806108664678 42.1671338901137 -10.3090676473301 1.50145461325074 -3.54789139334699 609.776745905148 65.6281394378016 -79.3440336127272 -5.63326985982052 -7.44521195191818 2.74847573683076 0.47723389320892 -3.53397570664081
56418.568267 3.6866466129292 1.31599044530775 -13.19254 2.949563215 8.86384580196536 5.23246580678299 109.511078385586 -0.781425167639961 588.478912783546 -342.133532878843 -8.15908234879795 2.28300256646983 -2.32367278011716 891.952732270753 -461.188413620521 -160.432274955252 -14.1122729049348 1.11055010139636 -0.16631181420921 3.35402395131207 -3.48976315196423
56418.574413 4.37715138919603 1.28205218710611 -16.01288 2.957309592 8.92408105683399 5.23246580678299 -54.750759273997 0.35540413847336 60.7910181717632 -104.233279514706 3.5076970484557 4.03235859492287 -5.877129897427 -250.13208190707 490.647310088469 -278.516353636449 9.33813961234306 3.46657411363131 -0.41228916412708 16.3209648751054 -20.9212277506014
56418.580571 6.15133082507953 1.37121624191291 -11.61958 2.947575469 7.52872065668868 5.23246580678299 -204.308371794381 4.06576293505554 -597.001221261549 285.113330486295 -15.4399174168473 8.561793776914 -2.61538698908545 -1074.77806757898 722.65302830924 23.1985664230806 -10.5463136648023 -7.05338849929575 8.67033199828437 6.05593780154748 -8.14382149705485
56418.586613 3.78626757293371 1.37876195908107 -12.36431 2.948201621 8.30962709006381 5.23246580678299 23.4064309473318 1.73126510821972 58.9531554154517 -17.0719956495181 -8.01729154755268 3.71339164349597 -0.9179309277257 -62.0426761439623 190.751886367139 -81.4260812378736 -8.55898210020578 1.44704362810809 4.03017318415228 -4.25587789049368 1.79455353434157
56418.593002 3.92328439241926 1.34391272191143 -15.65935 2.944471972 8.80380450881341 5.23246580678299 -56.6828764723696 7.38634202985986 23.7773293102121 -75.8457530728431 0.70970710460174 10.9832898028205 -5.07048667618376 -127.8504319043 265.77624826968 -186.822096217636 12.1564967001893 -5.49863186956378 8.01886261972218 11.8456613769069 -12.8984482752513
56418.599043 5.64364631694906 1.2765896469738 -11.30878 2.946549376 6.67895391124477 5.23246580678299 -293.478392964321 -3.70574664964584 -119.037624136197 -193.143474632014 -10.2768449309243 -0.645172195408519 -1.81048397744748 74.946796946093 -331.151965996947 -64.6767933117934 -19.6208152599185 1.40468596007204 -0.67102967424487 3.12614587342756 -6.23856129035789
56418.605201 0.510595758945062 1.2809423290111 -14.47296 2.948058392 8.18660037524865 5.23246580678299 251.181430157323 -0.20188348951153 180.299420415978 119.825988650653 -10.2796600881324 4.58539222900553 -4.21767530238215 230.621828585448 -22.6935314165014 99.9784602976548 1.68892850000868 -2.25139899343245 0.878359683314411 6.97557558388973 -8.50307268434107
56418.611301 3.38969390309547 1.30376073225715 -7.60142 2.951855028 7.56965772146071 5.23246580678299 -26.5902376480051 7.30859607657621 479.069786168016 -401.106622534013 5.13891932334437 9.35522835067344 -4.02205952237818 1230.20087395191 -984.179227272056 -136.459290208829 3.52742234651792 4.6638966738479 6.42183041675239 7.90190048563691 -11.0058888876043
56418.617458 1.97362412332202 1.34614249699784 -14.65834 2.95093713 8.64563373094097 5.23246580678299 -181.999414694172 3.02268030610627 -194.839430468896 -27.5756690090301 0.591469056320944 -0.130672996464823 4.17561740774517 65.178082266194 -174.382358836856 -80.1102509068801 -9.2787932332571 1.74950684194125 -0.263675032875463 0.520575333885938 4.44096460912792
56418.623743 2.88613218988652 1.2796324736429 -10.95746 2.948953713 8.02454680220857 5.23246580678299 -140.187771524103 -0.74573815556124 -64.2033460562074 -79.5701493409963 -12.1309907877335 0.642836316411688 1.06028121453472 321.64762958322 -443.270462328828 -13.3725931361798 -0.26979026931957 -10.1507478786116 1.10018010647139 7.02044257621225 -4.54364346375468
56418.630167 2.83339638789411 1.44207074722151 -13.50171 2.951040254 6.71428426031328 5.23246580678299 56.852250788734 -1.74312726867122 -367.566037102014 344.005316558199 2.16099281609488 1.70636833872333 -5.1609870344132 -355.61264517942 347.282545049168 25.1798666342202 14.330276963783 -5.07119025325291 2.41274561368591 1.72630895379866 -6.91373182344164
56418.636613 5.55776244199895 1.56640354085974 -8.32768 2.955520762 9.02224104513428 5.23246580678299 -142.514936788388 9.38487457578454 -1023.88377139028 689.004856159355 -5.57395916778334 13.5827989175078 -4.39041635711137 -1466.35341490566 957.397551259954 181.584104618863 -15.5440712384732 7.56422395782418 9.17240992697399 -0.572672068965341 -1.30031274110552
56418.642771 2.61648858188605 1.36111520658013 -14.23785 2.948321063 7.74433347735935 5.23246580678299 255.836092507936 3.61235548855313 327.421610215305 -0.0901955216774306 -4.67151505982375 6.83019544634753 -3.31103728855821 470.492354644205 -230.208890291643 86.4006381382732 6.01319493150051 -2.30221743355911 5.4381770817702 2.70972077763232 -5.24493334779251
56418.648986 2.95729223929236 1.24400559298201 -16.27956 2.952738709 6.618519067882 5.23246580678299 252.872962657731 0.86641441393738 532.518262531804 -152.337065544321 -0.49189539713536 3.4110032090256 -3.46583504898674 1100.06074411999 -662.762904186766 -7.23522560622187 -1.99990993725328 -3.66577920612157 3.21044952529648 7.88587696907604 -10.0805713478249
56418.655028 3.1981286570408 1.17979542071354 -9.6937 2.953538419 7.07541952987548 5.23246580678299 -25.0990213495972 0.10796759238235 -38.1144844272953 8.27409113436259 -4.92889370211322 -0.18433995583973 1.72755347007631 447.500668974418 -545.365892475664 81.8075720259614 4.6488790149255 -3.92779427134264 -3.18334175012199 12.4358637319772 -7.58078005957434
56418.661128 1.02195385076537 1.19464671323994 -13.56335 2.955541424 6.72994396425896 5.23246580678299 266.520801781749 4.56010436387527 321.669781820394 21.6229984708079 -4.70791756654828 3.9774621217368 2.02893386638169 65.999929730629 365.134216693785 -80.0758877874678 10.0354819035115 -6.18599678369137 2.2921894571077 12.0291798426208 -8.10203502295758
56418.667343 2.15783598417755 1.2139425557518 -18.61172 2.952273877 7.1727829008256 5.23246580678299 100.912513132674 -1.46095512147563 143.156853034414 -13.4041879701956 4.91134276726422 -7.53300390421264 7.3252299852154 -126.673428298474 364.336076189013 -101.182238457611 6.42691049948587 -3.45198474873331 -6.81000190847104 6.82569090086742 1.41333273002384
56418.673512 3.19870584465269 1.18915431566805 -14.24487 2.96003243 8.33142165863524 5.23246580678299 -88.0150617439777 4.32231593538274 -54.2633700815335 -38.2852485618787 -9.16953045511118 5.43557571398793 0.87724442508078 78.062178632659 -187.422272896555 13.6497115246611 -7.3283809391357 -3.59545201820352 2.74323558987678 13.26831946674 -9.46715210946972
56418.679612 2.98497106621698 1.18653539616982 -13.67906 2.954764443 8.10985592276428 5.23246580678299 -98.2001077101029 3.88960835009577 -40.9155942060425 -66.7671053108901 0.307002155683097 10.174348126006 -9.00982507811327 83.68439105402 -149.372061801382 -45.7143040769062 12.2351783532531 -8.89317777804631 10.8977519704678 -2.49360498294427 -3.954283854548
56418.685885 3.34008402122677 1.15761229244414 -8.3668 2.960716373 8.22854460521911 5.23246580678299 103.886229413005 4.58351497275026 136.424035480953 4.6247436556922 -8.27141920688845 7.30865960106456 -1.62610197269438 200.269472253618 8.4297790035891 -41.827330726775 -10.8583343776577 -0.991382285263072 7.87005192684599 -1.63884195126865 -0.71491496003208
56418.693003 3.27824643944428 1.13470434850406 -12.44973 2.956609715 7.3929251370414 5.23246580678299 -41.70539821905 -2.84250690841245 118.035198712857 -121.027327108442 -12.4028782796978 -3.39344500227806 4.15594145376987 513.752646887527 -448.777670471263 -60.6159141621133 5.52755530993 -4.50902478802928 -6.01303482248332 10.229363377549 -4.95650654218693
56418.699207 2.53276619851731 1.14272126819179 -12.43734 2.957698877 8.09134937350753 5.23246580678299 -64.712752606044 3.03948798215151 40.5164650400734 -91.605946275097 -5.56153801096468 6.5232412773339 -3.48650092864801 154.870621871551 -129.131345383625 -73.0578046732608 3.02057522873587 -9.88258054929318 8.26279512442222 4.07096991607391 -6.75335545015346
56418.705307 3.78710227088639 1.11198964235779 -11.74407 2.956771709 9.28647464468324 5.23246580678299 18.7275118154047 -2.08820587558454 160.901887788209 -107.66777930867 2.16785420320544 -2.70233957656113 0.24621483587257 124.349517847756 34.6785132713265 -114.640481351094 19.0579811039395 -7.9812910725597 -2.10320541482087 7.74016741559403 -6.79262231935817
56418.711406 4.58333456967228 1.16653299436828 -11.30056 2.954724614 9.01080056127623 5.23246580678299 46.7702725278013 6.11277371922553 53.2280600211312 6.42463572752613 -2.52278834114979 5.97505234700018 0.904705898842651 371.162019976121 -336.06031940274 35.619601762323 4.80722354483478 -2.31166595710955 5.12746481899625 3.86632680807973 -2.20449140603584
56418.717622 2.98953139163947 1.17908157394051 -10.30859 2.955529814 10.5737667136865 5.23246580678299 -54.3891013445612 -0.0703953459660003 9.53592255462521 -54.3563741748854 -9.61188329429663 1.11822723750682 1.00798690570501 -88.6390095002752 93.0284057628407 -55.1579861724449 -2.01375370320836 -10.3411172017981 2.19410684214634 5.50044756806205 -2.59672008557243
56418.723721 4.45598845393074 1.23948626225282 -3.74071 2.958950305 11.7148166103661 5.23246580678299 -39.6194055959978 4.01930040303848 -59.6957123996668 13.8088440139593 -6.13789115139274 6.9015850932962 -2.4029474318834 -129.751866120775 193.718885373018 -93.8149075025824 -5.6696684692688 -2.74736887291668 6.23639280468302 0.83978828866812 -1.68312993850853
56418.729879 2.56377508217807 1.24395568817988 -10.69973 2.958851345 10.8817170799681 5.23246580678299 -19.6250736590938 3.10585567984665 77.633783991896 -81.589875059583 -2.60916950170314 3.09188445609674 0.72018743390911 -138.906167632737 227.501185949809 -99.538467234749 -1.12653443459229 -2.09202581636037 0.529480675849922 7.76959573567122 -3.60009621581596
56418.736094 3.95883022971527 1.26553214381717 -8.17487 2.949974443 11.1220722174751 5.23246580678299 -43.3516261264804 4.78787182021668 -137.753653770965 73.2788571436159 -4.07814882754905 6.21632969424524 -0.87286663121988 -266.687265160967 236.198155999946 -33.7346175292781 5.8552959769603 -5.85868869635114 4.70842671796228 10.6212053700542 -9.17760091641439
56418.74231 3.04425133045429 1.2007500668022 -11.25957 2.957575132 10.8827868595 5.23246580678299 5.23246580678299 5.60908070047882 28.6896268633797 -17.3420193458627 -0.783648817194958 5.24692897377793 0.71399920513692 -185.246309236829 193.608617146018 -8.1612706027605 2.1465217008021 -9.38767841917197 8.67073716571533 5.79623727345445 -5.60648313080776
56418.748409 4.70261402984536 1.15077136146008 -6.10344 2.951335088 10.9238571454709 5.23246580678299 59.4008295960107 0.0220057089788801 168.693979927995 -72.172357196686 -4.89293346358156 0.62618884625261 0.467074379673679 249.038853653839 -63.8169572220855 -72.4985373297477 -6.43249188749523 -4.50231652141178 1.66208136727328 4.08490831855512 -3.33290584658819
56418.755377 3.56188720693559 1.11524079526519 -10.92855 2.953336646 10.7114558076918 5.23246580678299 57.3252951963398 0.13173729294769 -109.017615079855 139.877655751045 5.2834637746051 -1.84168159424906 1.4030000137396 -113.783591744336 15.440038506792 137.647695180647 -5.56592110622052 -1.20532432211393 -1.61549249701667 8.62276262223346 -5.70974650589205
56418.761535 3.77726667910258 1.18958414611479 -8.10253 2.951368946 9.97676559395008 1.64802808924165 -27.9909541617477 -0.39334329921579 68.6240217329918 -77.8429365789358 -6.66735561901152 -0.58426129271503 2.0142767856983 171.147114592623 -136.621889898283 -37.7615867283072 -10.5695167376593 0.51042289199267 -4.32370467522179 14.2600574667741 -9.29499014998729
56418.767623 2.41547875762962 1.11357493404118 -17.24238 2.95473866 10.5620248488361 1.64802808924165 62.4903546875199 1.05161669418106 77.9921034203746 2.0342414684856 -1.44006849445525 6.48316558279802 -7.35009103572818 329.008776634226 -310.257675661254 65.0268658480251 1.47558212466693 -1.85719767487946 5.25611009949593 2.42723143375706 -8.28732715249054
56418.77385 4.84714034385361 1.09227741416923 -6.7703 2.952299725 9.48653770993567 1.64802808924165 1.64802808924165 1.31499871487907 126.971731565871 -93.2998082647961 -6.76138620700076 4.40704902212777 -2.58830230918836 356.472362145134 -222.358614916601 -79.0311264100481 -5.72430645821928 -5.73179569670718 6.07345843270197 3.44887137192769 -6.7127254999179
56418.779938 4.52643448038033 1.10276458257071 -12.784 2.950672145 7.8662412617358 1.64802808924165 -5.65259933908117 -1.06468662981808 59.7584759524425 -52.0282610445046 -0.25053513588088 -0.94358071889058 -0.10757832448366 1.87668992647635 62.2448874934789 -55.2977299537874 3.51182501580256 -9.39507117448921 1.93632649368328 8.26099299026293 -8.70922755781356
56418.786037 3.48651376865599 1.12505808892643 -11.0902 2.946358016 8.41902430029528 1.64802808924165 -31.6900938527588 3.16848500223284 -146.788512523088 78.4697509176829 5.19263513494029 0.94759718612634 1.87213289144973 -100.118604435365 -62.4156250784162 85.9495925416337 11.3473702276774 -4.88452171303477 4.25693641883969 -3.7776494443361 4.16933017449442
56418.792195 2.2606326496376 1.12387873701355 -12.52662 2.953714676 8.27898245739476 2.50014194891591 26.1542575533459 5.07854102957732 14.0006746591647 21.7509703308428 -7.92745454918235 6.76986610367556 -0.40894671193187 161.839325783322 -146.709570312251 26.3535103536275 1.89383220283881 -6.88495977670883 7.82711631590508 -1.15007870333438 1.19125068342195
56418.798468 2.74010438856924 1.13984141834353 -12.41437 2.952585456 9.17069792032539 2.50014194891591 -45.4768502479328 -3.85531515743101 -100.206134419882 31.7520087152835 2.25510390686533 -2.31081069077629 -2.79728302935213 -114.735961283218 26.3843235312094 26.0450848651221 -5.43142750132438 -1.90265748885087 -3.0494646842723 4.64665782392184 -4.63353446210997
56418.804579 3.27961573696924 1.1138984027991 -19.61968 2.949476941 10.0233568393672 2.50014194891591 2.50014194891591 0.96987599483397 12.9497178944611 -5.47425059626032 -2.83777171554544 2.68963912804965 -1.71592490737125 8.6117533346639 18.1235295278468 -18.2131843861493 6.12004606420227 -10.7966437040178 2.91987645095377 9.94391675526019 -8.57585491864708
56418.810552 2.39147697702157 1.17593785389676 -7.7301 2.945353202 9.13672558040542 2.50014194891591 113.456436603071 0.12065676654348 217.236359434451 -57.1842375792772 -0.58424207540767 2.65325155751835 -3.42122566589359 79.4839345542082 104.075661453471 -34.2485560923538 9.51793460799088 -10.1054797503409 5.78765406333432 1.9104582292567 -5.890924647728
56418.816964 4.20198211505106 1.15352262123432 -19.19639 2.948310297 9.57287183682533 2.50014194891591 154.312946056649 -0.82204218068837 -44.833130432391 192.841619702823 -3.83052964460778 0.524388395505331 -0.994090319193321 -283.961777098143 471.197537182625 -23.2505369136969 10.9366258740667 -5.78926086523498 -0.0487050100862398 8.05708047476757 -8.58825676897507
56418.823179 3.15425986733077 1.1404250537763 -17.63144 2.949059857 9.20005402465946 2.50014194891591 309.106387681077 0.98253430876485 400.011728985006 -1.08191321286337 -2.6149604150571 0.68757830937202 1.05594137873467 47.053409842568 549.494200838132 -169.927803504298 -5.09756821048031 6.46774090895386 -2.83091496682281 6.12808244346719 -4.65336201649898
56418.829279 5.6661749277471 1.11375170259234 -7.52618 2.948857806 9.5358692752906 2.50014194891591 65.0806788982213 1.35876171456783 182.213786392054 -72.9701874856863 -4.37551056735611 1.6520861437167 0.67700003458604 242.148714664959 -150.735693372239 12.1741644429275 -0.986975102362129 -7.73078384921676 3.89584535050424 2.09315105891218 -1.34707369799941
56418.835436 3.16838453406408 1.05996661929665 -12.51118 2.947024206 7.60033859134667 -3.90161859209164 76.7512649104941 3.79651355422241 97.0069786642627 5.36752067249347 -0.543319468333192 6.45896853071404 -3.75814978544435 -72.525361858904 229.240402574505 -46.8764135135358 -0.31661214967984 -3.8997184455678 7.62347544429387 2.6357103040141 -6.61802532865906
56418.841594 5.40081136626655 1.06671999936974 -13.32341 2.942253254 7.44402000267564 -3.90161859209164 -387.480170205608 2.78937851568211 -526.702924743215 20.0123458983819 -4.71311792346246 3.00136045277188 0.87144182676533 -619.197514767056 100.582911515245 -16.2627267714225 -3.1287028836823 5.51171004129407 -1.60235426073883 9.9822612303157 -7.92039545209927
56418.847809 2.17446590528897 1.07230331555509 -12.79577 2.944437161 8.90809295749795 -3.90161859209164 55.2454070271933 3.21941186562937 228.054376365084 -111.42587994 -2.42630310238901 5.42474102867945 -2.60758425919128 772.656906224379 -692.962970143031 49.4787078308982 5.14000090021464 -9.16562983022555 5.66011008591689 7.04582118385823 -6.96958888291692
56418.853967 1.82736709006234 1.0382449320614 -16.03917 2.940813605 12.3441465815858 -3.90161859209164 -42.5148410074539 3.69263036812453 -43.544081884519 -7.71936688858565 -0.951499247495604 1.29777867781058 3.70518442604484 27.2613610150195 -72.2716400794748 -0.92215351065106 -3.91108373097155 0.18307836610131 1.85200240329216 4.04349649425787 -1.44886566124196
56418.860066 3.42162896317538 1.01707005289686 -10.62564 2.941352966 11.147771178369 -3.90161859209164 -3.90161859209164 2.62484647467829 -30.6366862182998 19.6011883388387 0.3577220817467 3.37927719130497 -1.18492304730197 -77.465451308092 84.7609560829024 -6.20620035900048 -5.62645716025908 -4.99184080984678 4.46567294016854 6.3925771735703 -6.29668266345097
56418.866166 2.99177337817645 1.06836505978187 -12.53015 2.946220522 9.75409220576652 -3.90161859209164 107.026098047435 0.20895278623436 -91.4021204352626 174.875130986135 3.09638232639391 0.17673754915678 -0.76473958080829 -240.730465231718 277.934577308252 55.0110804180199 11.7907802958814 -5.40988240419754 0.33509867606872 6.83961495766559 -6.40012135445308
56418.872335 3.76752343981997 1.11742977243515 -13.17542 2.943165906 8.76901765336447 -3.90161859209164 -93.1990269894143 1.38827809015673 -111.354691096029 -7.02299577626693 -0.21601542189986 1.47389499779074 -0.0711764540494899 -9.132210243099 -62.5528506788942 -39.636282361562 10.0403529198949 -9.58303184715585 3.9894061552846 2.2574933108328 -2.0094069384718
56418.87987 3.55333397438723 1.20723033896103 -15.7558 2.938835697 9.30024508362512 -3.90161859209164 -83.0823322951953 4.2920345929569 -18.7468783316622 -58.2572957177145 -12.0720999098769 9.03903851077058 -3.78188131836346 82.8352281222366 -162.897804510124 -1.1404048082679 -7.87002008424892 -5.34064132797839 8.02399063274474 4.1526975876372 -6.19007310249488
56418.886027 4.03375189401904 1.20433875382088 -12.73716 2.944122729 8.11264928803499 -3.90161859209164 -93.4154315826748 5.60548992304374 -141.179539343083 26.9718933622437 -10.9455758199466 6.41045672226389 1.26276673189593 394.230546300621 -708.17188627854 202.76191156852 -13.3504887438425 0.32356904691662 4.31552521197294 10.2733314324222 -8.45675699504773
56418.892301 0.959982082664912 1.19079092907937 -11.19274 2.944403895 9.19944385052927 -3.90161859209164 386.067890255254 1.77846942561058 264.358698961655 172.981937511602 4.44357393498807 2.37338958668454 -1.8397948206157 159.728019592933 161.249972667878 140.432405495842 -8.73052094648121 1.11664437457879 0.0540974008585939 7.90073206760344 -6.0292323411896
56418.898342 1.43392062007349 1.1685361932596 -10.79566 2.94028878 7.45590435313785 -3.90161859209164 94.4798276445762 4.06055734591877 -448.948019919908 438.540200813594 -0.286261110435861 4.69010391124238 -0.813900736603 -1085.59255107929 980.000552262667 86.604400907697 7.64926913940197 -1.67601813284586 3.3067934802448 2.32453303911564 -1.54970627886803
56419.667742 5.01470538366735 1.19248123861552 -16.00078 2.953514853 8.21160325035644 -0.349978944632302 -52.1239893162678 -4.3225698583808 23.1609664544824 -68.6238822821001 -2.66829791111843 -3.71518511270563 -0.13309596112358 34.6761389713866 -40.9107762657248 -47.1733799947613 9.03958402922325 -10.2198706609633 -1.98356979396344 10.0932120158416 -10.1598762093352
56419.673957 5.06214050569722 1.16200822395693 -8.50968 2.955676938 8.50161823997948 -0.349978944632302 -70.0248689422774 0.473965443967621 10.2088174977504 -79.7980570364162 2.12635770220927 2.96341465224482 -4.14458954195116 52.8907580764098 -65.0640262520071 -52.2155644844581 -2.74078263816259 -3.51666680248374 6.70438670802273 -7.80397994813229 2.26960388521512
56420.555128 3.67368837601412 1.19099777856547 -5.21523 2.94974252 7.30062687158273 -0.71350960436982 17.7874563812541 3.37323971291452 66.6472277058061 -36.0819873745473 2.11273856839485 5.00010872009253 -2.75896554282969 -496.826105536502 634.24279551669 -126.78730479724 -1.4872155322115 -3.04249378491656 4.02323280300999 6.24883402890335 -6.14272570428374
56420.561344 4.27361742681139 1.25126655642974 -11.79286 2.943830776 7.63906709273325 -0.71350960436982 -40.8494355512082 5.73383495763333 112.501246222891 -122.79346621484 -8.3680012672606 7.30599381601648 -0.263520295907369 -222.86849846973 383.420220884454 -188.67676970512 5.00831619620679 -4.21516031233992 6.89790886762245 -0.96253803543144 1.2316603928719
56420.568751 4.14260511025406 1.22847665095213 -7.18096 2.941596678 7.01892632597389 -0.71350960436982 -49.4418314467659 6.45194935437792 113.837018564642 -145.361260171529 12.8441392421393 4.21405903534535 0.12041071333668 440.601012888974 -411.366526923843 -58.6002567664227 24.2638997605184 1.18069900827815 1.09613094145544 6.83302269897081 -3.99921040662342
56420.574851 4.32394239090248 1.21333267556423 -9.17319 2.948969927 6.99978534545777 -0.71350960436982 -77.6909240048901 -2.83691177682957 -516.606789593002 308.360213557147 20.2885456623238 -6.37678728929161 0.25819375508398 -937.954607601457 604.009869635197 104.725301315668 23.0021150540683 3.05319318490568 -9.01856522042427 8.709152506527 -5.71805939611619
56420.581066 2.83407488903051 1.18612664363591 -8.40027 2.945257001 6.63921301000769 -0.71350960436982 251.802474754976 5.89909151209127 186.097282234548 112.685850866448 -6.16221293367071 5.76940713008843 1.6604823376557 116.907027981401 97.0351617888347 83.4759150180559 11.7922780050411 -10.2647533700129 7.66312394406954 0.12632863119396 1.76583535907817
56420.587166 4.38345940743692 1.20259415846685 -11.77058 2.949893492 6.788784141938 -0.71350960436982 -97.925434615122 -1.63436494585994 -331.367364470723 154.7047884651 -0.75459476482605 -1.62677409758863 0.17207322118073 -378.792687377878 112.391310044197 88.7384014479285 0.0556065824200402 -5.394618758655 -3.12577253009213 14.4812614860871 -11.2210784552307
56420.593323 2.66528012223789 1.17969410398926 -13.19524 2.947946885 11.7167709308447 -0.71350960436982 53.0161591000657 2.38228902140098 74.5233422432519 -4.91650848766132 -3.3085880987621 4.72936742856611 -2.4454242941219 11.26534099329 102.519751923342 -51.8311271368631 15.5684537174354 -7.16994554643441 3.0561427637117 7.57250470736689 -7.54389968029595
56420.599365 2.6309583724729 1.19005017454802 -9.40746 2.944020594 11.2299435539277 -0.71350960436982 25.3026370331849 1.72898824527122 -9.191022943276 34.6458019979318 -2.42784988246076 1.20982039256592 1.35723111554772 -265.311868527226 294.242045195125 -16.0439525833332 7.76941426346616 -8.49524973505728 3.17136765224186 2.42003984482219 -0.80326637590749
56420.605638 3.43984090130045 1.24502555462965 -14.98317 2.948700585 10.6293241960671 -0.71350960436982 144.061321127837 2.64549770506885 73.0431280670704 91.3967037199533 -8.2765734269182 4.21153499062555 -0.0846337621473197 132.831689017817 -69.6598756058131 96.4894614725456 10.2073535445654 -12.3415665842402 5.59435467447569 3.31441860831417 -2.03301896731777
56420.611796 1.75422414560454 1.27982646391659 -10.46902 2.946232478 9.79847807816834 -0.71350960436982 86.175040245776 0.23629018739605 180.069806996905 -55.5422354174096 -4.85078226801826 -0.749169955463722 2.50992248813442 -69.148348402877 218.942971872269 -40.6576674814648 0.60713830150544 -5.71982247627342 -2.1067434167018 10.8912227699122 -5.69357171007282
56420.617953 4.04013615578401 1.19927376918426 -7.3336 2.947713663 10.3173764741273 -0.71350960436982 -33.710123436863 1.35650108416898 -54.2079706255445 8.40135246392788 1.57518645006265 -0.93172693590517 2.76830384086828 -145.391084457666 5.6019287012452 69.6680083031715 8.74570017841915 -6.55450496342142 1.38467132957909 1.47039568375251 1.12182139183132
56420.624099 2.51793766684605 1.24469592157257 -10.50761 2.948358792 9.05538681754809 -0.71350960436982 122.706279965512 6.98456253750586 56.3495857136687 64.4894402662458 15.7016554046017 5.18894998197785 -1.37248768503969 35.67601343733 41.0785443182339 52.195609740283 6.47275763723755 4.93938125307602 4.76804305443735 2.82628341150075 -3.85685198142864
56420.631009 4.54970289897779 1.24961070540281 -12.47177 2.950622747 7.17772559239569 -0.71350960436982 7.93259162996554 2.54790018753645 -75.9696625059912 71.385089331262 -3.74145390418409 5.29614878384434 -2.90851739615436 -768.895816609714 933.394678423204 -175.099087185145 -1.21689888184296 -0.17084262074539 3.88276486731395 0.43315553451742 -2.2120187164252
56420.637271 0.166769847127863 1.18354301138271 -10.19687 2.950621818 7.25560223162587 -0.71350960436982 -31.2713536355155 6.99389129776907 -11.2096880470497 -21.4929663906 -1.50131464001551 5.59734625073789 2.35824578581431 -36.0403482524154 -12.9206442313435 4.57534749499083 3.10609559323549 -3.83868817336021 3.21952509108777 13.3821768976821 -7.7839574572257
56420.643428 3.62374866374853 1.19949299085961 -14.19262 2.953281825 7.2969187537283 -0.71350960436982 68.9894309341645 2.79822482947247 163.10689253889 -58.2478624581188 0.12596334880336 0.71404787154836 2.89247831030628 -457.530904526375 774.334030465752 -213.499201502972 -2.59971690400239 -5.66249055445161 2.22731976363098 5.67871931346751 -1.80594773651608
56420.649644 2.31922096596136 1.13764074441093 -13.90565 2.950925165 7.1055747827388 -0.71350960436982 12.0996559207839 2.39863619009036 192.079918651614 -143.253448416464 7.60295905574112 -1.99776252225187 4.30371278043557 -149.009637419292 388.395593752565 -196.727527487391 8.0142209077292 -2.2765556670013 -2.5900086672308 11.5014602938487 -5.50195004441291
56420.655685 2.74039801770296 1.06243966186164 -14.17371 2.950076302 8.41574009977121 -0.71350960436982 49.0849872154757 3.47219520559713 -0.337348413053903 45.9389484142112 4.21819243686279 0.0497243844846802 3.77290919193421 -129.662633097325 110.14920914489 52.6288361236938 2.13561481995295 3.29063174017584 -2.33957876919789 7.21824910974369 -1.94446106416993
56420.661843 2.88152339136656 1.07548521230464 -17.72074 2.953406249 11.9152708919254 -0.71350960436982 -55.0460821192428 5.14109704434625 121.245669630135 -155.961810937704 0.121905592283267 1.03583925667296 5.91349996775196 54.2202674555317 59.5426228999083 -147.475409488987 4.89032226817825 -12.0495752144802 4.33448875057183 5.35078784802151 2.32786143293674
56420.668047 4.92170794750228 1.08793479356036 -11.58676 2.954337837 13.1686039563917 -0.71350960436982 36.8563027452712 3.24984498700436 65.3896811883598 -21.4961302318521 3.69948131582197 4.19825566896559 -2.36534450328075 -104.644898966855 157.10108111842 -22.2285519070276 18.7893126677137 -12.9997142588367 5.95381953421792 7.86948299014769 -7.81337977895794
56420.674031 2.84273125039374 1.12753711667605 -12.15382 2.955030833 12.5107748039525 -0.71350960436982 64.2754019565778 1.41245711504311 -17.0306178178224 71.6669677406021 8.44726965623592 -3.27257201314776 4.32980015267437 -138.758489348277 134.123913550779 55.9756281669427 10.6427833097776 -5.75382799588047 -1.41345583434836 9.45423600231292 -4.58207876967928
56420.680304 4.41156806759269 1.14710579068284 -10.75225 2.953645586 14.3165132944672 -0.71350960436982 -35.2029589243635 -0.69269623829396 82.1434458673499 -102.004748255501 -3.56401258737743 -0.84779017719126 1.19475405637204 251.917863448762 -210.834763975451 -59.0237559507891 0.89143752056769 -3.82519793619835 -0.74942340010591 -0.71817800123478 3.30465497809274
56420.686346 3.68699913008012 1.19223372156222 -11.1231 2.953024841 12.4962469705105 -0.71350960436982 17.5542677647897 -2.25114213667583 -39.4154479552159 49.5195188604899 1.76577113498215 -2.01211364770552 -0.8066955331017 -188.156851091395 226.092412806633 -32.303341821018 17.3078067199992 -11.8090501601941 0.84235224128729 2.43515047120968 -2.59494092632502
56421.501554 9.12082703166192 1.66782185258857 -21.21458 2.952677892 8.5865024824822 6.01754990839612 50.2676385626559 4.72327471884812 1.77815294455851 44.317911595184 5.32801065235812 6.47089250719395 -3.34361638794343 1057.38226421652 -1518.61913890234 545.581427888541 -29.7513627840789 13.2297758403413 4.05243785886506 7.7765237134524 -11.2825071966298
56421.507943 10.1955153011061 1.5540881211982 -6.18192 2.947159241 8.82571828262366 6.01754990839612 -108.644496208958 -3.06970179743618 354.356451648081 -390.253987408604 -3.5136298843217 7.5904696743415 -13.2840677711283 851.730301169237 -1111.57733901189 183.174658313124 -3.9270917080042 -7.33695641278645 5.96188545539635 4.951745708747 -13.6694511344586
56422.49254 4.56590515340186 1.421343284379 -13.61405 2.954575501 13.3830829871464 -1.40975664850249 172.050430047617 -3.37913501820297 34.266365263622 138.310670747826 6.14030171314706 -2.53598045491706 -2.52459227471109 -71.557163996947 26.058919491249 192.034527467523 22.7988239349292 -9.63973216026997 0.144328636826589 -1.6830902218078 -0.41038219428164
56422.746767 4.71526493335404 1.50205651004433 -14.65346 2.947074709 16.5563808966469 -1.40975664850249 -0.70846378255888 -3.96097666051758 -103.461149803816 70.8282137641431 21.0027154524157 -7.09689742571095 -0.36850711120773 -572.722445278173 412.799108899608 97.2662745867102 21.8057437066624 -6.41903518056441 -3.022410035912 -3.31975635885812 3.3560818472198
56423.521869 5.00206278327906 1.33790444720216 -10.72831 2.951048217 10.4073065179528 -1.40975664850249 -425.80792703534 -1.56083924679309 -675.398956019184 118.355352921442 6.36159882534326 -2.63525098324038 -0.0450230742927999 -676.423209010684 -206.472874495329 270.982118080963 7.64754800892217 -2.16346951215539 -4.77264797357784 11.2053850926967 -7.86028609608326
56424.487841 3.27608958545708 1.50971731453195 -14.23476 2.950826161 8.98131556633166 -1.40975664850249 175.777980827844 8.00572110515778 135.654132679154 73.1714647708438 -7.62535769368496 11.5280569456464 -3.05311453543919 -186.577260441737 184.905191644738 180.454343673791 -16.8162695921347 -4.31634280343684 12.8028339738309 -0.61263432387718 -1.6647799014748
56424.495526 6.69864603224478 1.48620787405808 -2.39089 2.949264694 3.84937235415568 -1.40975664850249 -118.205172171334 -5.02625300328373 -404.800057581126 207.494150538921 -1.41302665155211 -5.73220371254225 1.22059327023884 -1083.98438001406 537.552418611067 254.917512918997 1.2953406554562 -2.79958178860992 -6.92624271215105 4.40590403661256 -0.939855356311909
56424.651789 2.02838096254249 1.1459838150657 -11.29626 2.949488354 8.20898563925651 -1.40975664850249 203.044231691002 -2.48085189732513 29.63609220335 186.558215671087 -8.18506345460862 -2.82393160691077 2.67745637561048 -688.227995653843 790.908957507584 82.8842335052674 -3.95771243369833 -6.71547550286536 -1.72761128732353 1.6854261751241 1.95008519278837
56426.497963 6.11054404097815 1.13058825544284 -9.73019 2.952531555 10.6787293647021 2.44093679145096 267.393816872995 -4.3668221519106 -212.366117533916 432.438210484064 7.77088992786416 -0.235368315156499 -7.84830468299499 -1266.43212330702 1198.3464181556 247.807412119156 13.2451710258407 -9.61184017659565 2.25381231369528 2.09889926219487 -8.40308561963897
56426.520707 5.59033830872204 1.10283764581519 -19.6477 2.94688266 9.46933782633498 2.44093679145096 230.604567680888 -5.72294774875077 387.095798398415 -83.4086128038567 8.87776226816683 -0.5909162882097 -9.52627866941567 -53.382647430524 335.690816851032 -5.74551124764649 4.27408695390589 -3.31998343088125 0.228850744193551 2.6391517708253 -10.7426605697892
56426.542339 6.79992009383537 1.21184763602653 -5.67673 2.955257748 14.9729334325906 2.44093679145096 -9.50640435405394 -2.81369635573349 -228.952588764161 198.949040453956 -11.7490711929146 3.29779810224929 -5.73737229628618 -728.620343427983 483.561860033818 190.74899216998 -8.5194389939062 -8.38123226555225 4.02084344708767 2.08193156463928 -6.44368212646084
56426.56448 7.28929335197906 1.21710151804037 -13.40418 2.956667087 12.6232072343335 2.44093679145096 -46.7195499277774 -1.22495554885756 -371.169498965228 266.737924222846 -3.14346721117756 3.46733529220426 -5.73086123694047 -557.703929055062 207.169529750146 232.784158034281 1.0645897849317 -8.69871443304683 7.40694128476063 -9.95920715028137 3.82232664693058
56426.587015 4.50929343550537 1.20669109261229 -14.36689 2.959452618 10.3744862289104 2.44093679145096 37.5821510301464 -1.06252418676122 -281.042222548192 265.812844876579 8.02506420630417 3.77931353420967 -8.84476991427373 -881.117541555716 652.558251396043 185.527228899459 5.70771647303692 -4.24805075836173 5.32181632468101 -7.48635214603655 0.98657521752562
56426.608844 5.81703118881173 1.11160547243637 -12.38283 2.95495537 9.96959597130487 2.44093679145096 -12.3641434492587 -2.8384066177237 16.7232121175715 -26.6151689988978 1.13932526375099 -0.77759762849925 -3.25413820510414 -610.838180357869 605.676400968098 -42.9156485309836 5.96358643332772 -6.95977310804896 0.582336353197521 0.141213373679649 -1.81828743237228
56426.630765 5.22066730603885 1.13404095941476 -14.02482 2.953389143 10.8422376415179 2.44093679145096 1.42009329586479 -1.18056520256471 -6.44904540527176 -1.55851547039111 9.92911490282703 2.66914366656086 -7.99286005552376 -690.577639389698 648.09786584993 -5.57782707321011 4.1317274888943 -5.78499794200943 5.9141767346791 -1.43480936489944 -5.96741983339922
56426.739157 4.76391574474283 1.43340365904446 -13.00879 2.958394967 12.6834567726152 2.32911610321908 -90.9338461818562 1.03060629521995 -271.453414067226 130.802565259529 3.64071343416214 -0.0811202945470599 0.56846199827683 -841.706997161993 524.165270287749 132.374193939186 5.77603803135087 -5.9354749003437 2.13820961759708 -1.02537906367015 2.36676726942212
56427.482195 12.1844112826392 1.49877388856763 -6.03513 2.957316768 8.55371803570006 2.95009656088817 -167.741837819962 -5.2202383074118 -1221.02502094071 821.457014471434 -7.2310097237585 -0.614148751315499 -4.54915332309199 -2531.07238425406 1697.24341672576 355.893580876176 -14.1067659863219 -2.8590860670946 0.465406593634199 -2.3605031467414 -2.01758092697553
56427.498851 9.78694106728089 1.47674037933628 -12.84222 2.946172449 9.61647315958908 2.95009656088817 -210.269464418839 -9.77201793925747 -953.68170461177 559.284828490387 15.4498935532368 -10.8310727761892 -1.93281300013364 -1557.60514748792 596.553399417373 494.921083361776 10.7854124116148 -4.3564886195194 -4.0754729504494 -13.3719962619302 8.13115749952851
56428.498313 13.2671979102259 1.73239930046925 -5.32267 2.955928587 9.99142148689629 -0.138124229879699 105.095308332384 3.132136911556 -1523.07839179512 1371.43505684086 -1.4463035471241 7.2071038241008 -4.9908680380158 -2883.58348033534 2007.37343998097 659.438987195218 -13.0581535921875 5.91446042429649 1.684849314944 14.2222602990012 -15.5565233113301
56428.528139 9.37288599414143 1.29210472923002 -14.46997 2.953659633 12.407593625739 -0.138124229879699 -0.138124229879699 0.4716669272674 -405.409453974441 324.119354753751 7.41666828128328 -0.3111538396388 -0.791631778412439 -875.100327572828 380.145593220635 361.269250667203 1.88288740403954 5.42266032311685 -0.3793507591942 0.522555946561701 -2.87485948812489
56656.802449 -0.0923725372328599 0.94718562983367 -10.15706 2.964767106 9.93703296904673 -4.20816575612588 8.09732191752779 -2.52740629205263 8.4858871429173 5.89848074299589 -5.58662239971035 -0.888300978269956 -0.659718180919617 -67.3294071573326 41.9202012873274 29.4655256462597 -4.15447155094761 -1.63618590014269 0.06787025096704 -0.785301740528916 -1.21900863330554
56656.815308 -0.493477419384479 1.17593075160738 -10.27765 2.965736818 10.1259813736647 -4.20816575612588 79.6674321066113 -3.38726773030612 4.8005512725496 66.3640056528664 11.706302693271 -6.9175073660504 1.84725038580025 -395.233740476637 590.907148107403 -109.288439915811 -0.00583178466263989 9.49457296782856 -9.60510149608779 7.15041495580247 -5.08611776283625
56657.801998 -3.02569182432076 0.760126446000637 -12.18894 2.981075361 8.31922493420789 -4.20816575612588 44.7191864096309 -1.99784584709241 47.5176672787664 10.0844766982624 -1.70552887909224 -0.90713844357849 -1.07795014811332 70.6812486256905 -29.4570220983732 17.5018253038735 -2.50629968059932 1.79745350799093 -0.840566567604437 -1.29813722013205 -1.36058277828414
56657.81672 -1.8214469022692 0.79168220360312 -12.98878 2.963962695 8.22525348707273 -4.20816575612588 10.1178506016057 -3.04491166285372 46.2623492246053 -22.0753697609814 -2.99669846358044 -0.690744552617972 -2.62927078469815 16.4709384953185 39.8871275867475 -33.5680764895411 3.02973380950414 -3.05572728701826 1.36767995911148 -4.82457613095013 0.12830442734763
56658.812161 -3.44941425241925 0.818415084409905 -7.54583 2.965484383 16.4882883757614 -4.20816575612588 -10.6680988797768 -2.78997838013507 36.724534700548 -38.688840781881 -3.63292626945273 -2.3528079587307 0.519244474796641 -63.5150743512677 129.25934722241 -62.9228632723743 -7.61830405960238 0.45227191714188 -3.75427229757087 2.42820731583245 -0.0570759108522698
56658.827347 -2.11149769802693 0.776166265600889 -11.5002 2.957626525 15.6398206760883 -4.20816575612588 -11.2040038924775 -3.22996635679699 -13.093545260227 -2.32282527633411 2.67805756472925 -2.63522434188223 -1.85532547373624 -65.4869858890695 60.4860241177452 -12.3516709490283 2.14211072650435 2.40012966969186 -3.08425094113234 -1.60822216079654 -0.65234657347709
56659.823228 -1.50804085862587 0.897401229904855 -12.2652 2.964304011 9.53809363021259 -4.20816575612588 7.52263852087216 -4.33925525686097 157.229102013895 -114.039077956369 1.43787859458704 -0.747834927621796 -5.79737244870627 140.676003451798 13.6701717844997 -106.849674860074 -1.95053825511576 2.44711330615307 -1.50003862341984 1.5261315211908 -7.87701462505497
56659.838032 -0.114546509838175 0.857901069981721 -13.19922 2.961133429 10.1908041377549 -4.20816575612588 12.1259032032111 -4.12257224766163 50.3445059376158 -26.3120316464569 -1.24807792860369 -2.36175265926024 -2.22584996659532 248.08582326942 -217.056077524604 8.06228614834032 -13.2750300633916 4.89136380411779 -3.40028534953804 3.29119189467848 -6.24873556288516
56660.80338 -2.83309539400718 1.24476404749031 -13.21387 2.965751176 11.9847827037481 -4.20816575612588 -86.9197047165456 -2.19125321816548 -218.257723206203 78.8276509393583 9.32368497555775 -2.35574191818907 -2.2002344920448 167.505752820838 -481.770567405949 170.242857658772 13.1138328580101 -0.537674542629874 1.22073246155622 -4.828870454023 -1.06555219290475
56660.857306 -1.99326598062184 0.99131038917815 -15.97591 2.969064289 10.0037798322637 -4.20816575612588 7.80738692147581 -0.0499427061087201 -17.2220248617871 22.3223860388313 -1.09561372114908 1.74677139268179 -2.28540080320236 30.2630355560442 -57.4282151490924 30.3839263076919 4.9945871937559 -5.74398871957938 2.25105303116571 -0.53169257798213 0.15715034758066
56661.806127 0.663360727508794 0.997012263687228 -12.99569 2.965142561 8.94161752942514 -4.20816575612588 -107.071701932348 -2.66800347840523 -56.8145938900931 -58.3155161122482 -5.9444906898181 -1.8317334596809 0.474293342232606 23.852638477746 -147.281780178544 -3.59479801951784 -3.49296736880883 0.40472165674082 -3.46146168887095 6.47953557386154 -6.06966895306558
56661.851106 -1.98193689248903 0.938301003012379 -11.73179 2.96960252 9.75505347498695 -4.20816575612588 37.5344033963772 -0.87584121101311 53.1099683570986 -3.23531175739667 -0.20584413021794 0.20844562683978 -1.5520170036496 97.3882079847258 -46.9775061199784 2.30955655932688 1.31804587758784 -1.55364144572127 1.38324134070097 -4.76391854875021 2.89203135446941
56663.856162 -0.213507907929351 0.883739674184069 -11.20891 2.959848309 12.3464470438402 -4.20816575612588 -63.9297928069401 -4.41741533729421 74.9844566068727 -119.931509085307 -3.41366882673829 -2.72146917122614 -1.4139032670263 308.22454478791 -309.611173752124 -43.0094132384826 -5.40961568459393 0.27808654177371 -3.06517633032522 -0.17782928807508 -1.18273077687555
56663.870388 -0.20032189140418 0.87721881064727 -13.97154 2.953939807 11.1339433924376 -4.20816575612588 -32.6980240807785 -3.86832264698488 -13.8577826040848 -23.6899866783692 2.1983249794889 -3.70698502258052 -0.92029476858452 -25.2912269039213 27.5842140366446 -40.3905420827259 4.86608169808443 0.0657717684624601 -5.96910990153742 4.82426972283823 -3.32257870506796
56665.7827 1.97639438151478 1.0968635642434 -14.24813 2.958084424 14.3336849450864 -4.20816575612588 67.0563115865671 0.49592713998827 72.7010217857715 6.94506325797191 2.35590980729398 -1.57028455842665 2.21513532943431 -229.22014594285 372.998806770494 -69.8071856647603 9.52349565855282 -4.47513415504108 0.94408556022963 0.26157744612045 0.50132374275349
56665.812759 -1.15569957079754 1.23219797538655 -15.13904 2.962521218 12.5046430127904 -4.20816575612588 -45.1681893517065 -2.19134469846476 32.2781415737056 -69.5863095867024 -1.75719595050156 -2.75096042578262 1.20953989734862 -441.909176474717 464.422069710648 -78.4614782551053 -10.9534486183335 -0.885913121317708 -4.00285918655966 16.0388528611954 -13.6488607280622
56665.86723 0.854469723248373 0.965096258577038 -14.78549 2.961352948 11.8138414795142 -4.20816575612588 46.9257687642454 -0.868518624388922 -93.9536273647926 124.690522572419 -0.41831381327614 0.52926985581755 -1.9280524273161 3.9129381249615 -94.8263084171961 121.825165732309 2.28520917542538 0.40294768425382 0.57248364606374 -1.73232542842322 -0.94077765258098
56666.785937 2.99860367404335 0.986026328264468 -15.79306 2.953180998 11.9420284304528 -4.20816575612588 -29.8267937122878 -4.39518683335777 -140.689659665498 76.0332674279593 6.81716414199637 -4.37934269030325 -1.99271450548997 -325.867307567338 205.78423522804 50.4987722081809 -3.32125028814826 8.34564682679142 -5.77087691133924 -6.9549186746759 5.26009173990903
56666.816309 0.704575059450219 0.863699562698714 -11.17749 2.956240082 11.8918949490221 -4.20816575612588 42.1017343248307 2.23963215191347 51.4962939222741 1.21770915065385 0.19496946497194 3.06462896571616 -1.2876772888131 77.4867359590512 -60.5321713036218 31.1535151939908 -0.74916501414035 3.18833619103171 1.77817580716746 -3.48199629231003 2.76321768336451
56666.862179 -0.209131909821275 0.845058134314605 -16.09999 2.963147051 9.831775503711 -4.20816575612588 34.7797751579685 -0.746126696606133 -56.4724212219215 74.7106612513484 4.65766644634818 -2.09687686640173 0.484770129340689 90.0776314378092 -143.443324068615 78.8281310688307 1.79913232179454 2.87044585776776 -1.90836804620524 -0.947463395512835 0.512533094524988
56667.780494 1.1460998692146 0.819523639413829 -13.15144 2.956264463 8.86049594686217 -4.20816575612588 56.5608663689009 -3.68381602822325 66.1642862856197 5.36463039967857 -0.81545154560976 -0.41867247568238 -4.69495435386507 -12.0521959040429 67.4109194140065 16.5417477564931 -5.86676400957316 -0.45838438373294 2.27735022898266 -9.94814078313541 3.62638968012031
56667.829119 0.496937641410041 0.75571076762567 -11.9189 2.957452742 10.6087008193432 -4.20816575612588 -41.1754303474639 -1.62563341463719 -33.1239316299939 -10.3218897131772 -6.82570918980237 3.2611565686047 -5.24514808137792 10.354988723935 -67.8144801950718 11.0190310697261 -4.98279439506079 -2.84422515485631 2.41566009435603 1.78879893784317 -5.91451018879603
56667.862697 -2.6328926888096 0.769762448627115 -10.00459 2.969724892 8.80539209893992 -4.20816575612588 -4.20816575612588 -2.3716997520283 2.14685931010152 -4.44378065105059 -1.86623477656839 -1.72236714664121 -0.31351942734291 -132.386113983591 164.169645630451 -33.5472846039558 -0.872752349459139 -4.16496336447249 -0.6976275386872 1.71921582495505 -1.38606904463679
