Time RV eRV Halpha NaD1 NaD2 BIS FWHM S-index C3AP2-1 3AP2-1 3AP3-2 6AP2-1 6AP3-2 6AP4-3 6AP5-4 6AP6-5 9AP2-1 9AP3-2 9AP4-3 9AP5-4 9AP6-5 9AP7-6 9AP8-7 9AP9-8
53203.583611 -0.541968280276889 0.714368313166326 0.0860613186941248 1.32178238985453 1.01170728156522 -7.60164 2.978032698 0.669335373404338 -0.58842059036549 -2.39569917309671 2.26637491898674 -8.45696388884006 -2.14513568569751 1.25557789285472 0.806928327269948 1.66421677673461 -44.8394669402727 2.2208155456366 -3.43037293571123 1.71433009100681 2.22693430018576 0.140633780054084 -2.75160628317629 5.05068490655316
53484.842215 0.249457025096433 0.631764433183061 0.0860613186941248 1.32178238985453 1.01170728156522 -7.9446 2.970716033 0.653152625885482 1.32186582561677 -8.75565460475399 -0.665700490110845 -20.5781701550003 -5.54341329963417 -0.279845802866748 -1.33516743008125 1.29164895461515 -24.7150319907873 -14.2148517500597 -1.62329992873503 -2.43780748604613 0.428561372543165 -0.863731914900493 -0.576100359231609 1.78816804448334
54172.850539 1.2048482667425 0.63824040837434 0.0860613186941248 1.32178238985453 1.01170728156522 -8.48707 2.97452166 0.766531645279723 1.79336527398046 2.41625856185224 -0.603044550813503 -13.0228571328432 2.79357375306921 2.5906682029675 -1.88339876647963 0.665512111395147 -27.8700413410017 4.80577970932162 -2.97433141447936 6.13275215453143 1.20224665365509 -3.39965637044729 0.667862645866258 1.12022571490188
54293.6514 -1.06347177104956 0.666493887400285 0.0860613186941248 1.32178238985453 1.01170728156522 -9.90261 2.977512548 0.687882081019992 0.290315739500041 -7.84315615337199 3.2548744690147 17.7977440582408 -9.16288421749725 -2.14866269831177 5.06813431923916 -1.8611198282794 -41.5513551022136 25.0602713672846 -7.90664302451048 -7.61931642872752 2.22484793039243 5.44760582630003 -3.10420768676024 0.240311583166456
54340.569879 2.11882911317546 0.608361021292454 0.0860613186941248 1.32178238985453 1.01170728156522 -6.56943 2.971978542 0.716260080669893 0.00877866674835397 2.8921200167955 3.10877031490659 -5.29219252269194 4.63802784175015 -1.43917142979466 2.42679753428478 2.06888492783077 34.0607974664897 -12.0220449009474 3.72018226690568 1.29278873848166 -0.371482907852977 2.03640742142048 -0.19494230823954 2.64215985493024
54342.50174 -2.39657816499908 0.601164910962457 0.0860613186941248 1.32178238985453 1.01170728156522 -8.00332 2.973107121 0.746110330772284 -1.09068197952755 -5.12993482569058 4.32415843172387 -0.329188524225213 -4.65310534806696 -0.65580417394317 3.61706639147088 1.64372157481714 3.60254299916254 -1.44344978423879 -3.90673312723262 -1.80019548605454 1.03318858226824 2.87307144487349 2.49395373175961 -1.06875993777618
54343.504502 -2.47702278061283 0.677748339302066 0.0860613186941248 1.32178238985453 1.01170728156522 -7.56433 2.97941426 0.747815475992175 0.594677653580718 9.41246748170302 -1.18309498515955 6.4802790149499 9.39416702078098 -1.49312125401654 -1.13831866111918 0.76455594296159 36.8430333963035 -6.1001257683813 10.0802109530776 -2.57246577852617 2.60798397866028 -1.7807030822525 -2.12843940106967 2.3816706215139
54344.510226 -2.14475593314762 0.731922947555614 0.0860613186941248 1.32178238985453 1.01170728156522 -6.30051 2.980385863 0.759937407315131 0.331224257499854 1.59803469272597 0.75246858036524 -4.57319980925403 2.62118359987897 -0.4772146211664 0.91388019588476 -0.0054801323957101 -28.5127095824127 13.7957064417092 -0.72015696809979 0.54648816183511 -1.4235685480482 2.77985667979562 -2.74379155867897 1.24915818334323
54345.481995 -0.0806174307846094 0.693318286459601 0.0860613186941248 1.32178238985453 1.01170728156522 -7.89044 2.97948095 0.799861362294405 -0.740471601123338 2.80651007897956 -0.163642376313439 -7.38367419423479 2.50158049028525 2.2224013971022 -0.933963738955795 0.0559365117969254 -50.3807667512478 12.2178121657155 -2.13239383647933 4.98639133360534 -0.190098772740615 0.464810469419175 -1.56892773179493 -0.71541969593077
54346.509962 -1.29769324210246 0.784506772081367 0.0860613186941248 1.32178238985453 1.01170728156522 -8.70378 2.977223382 0.717564446468654 0.768516679245429 -6.57533466194627 0.52052628016147 6.44469351319853 -5.21344762853437 -3.30994297035269 1.95343077330438 -0.634794840403329 35.1022202446677 -18.0248856361647 -5.58089690571566 7.48426248721926 -8.27267857772275 5.68017876695048 -6.68342108098807 5.58638268044555
54347.508071 -4.65101531901919 0.788918064157731 0.0860613186941248 1.32178238985453 1.01170728156522 -9.2377 2.976684766 0.749305723419322 0.866176046184944 4.16504728858964 2.01546395880152 21.6559227714631 -1.95763458932172 4.29265306542984 -0.28191852739155 1.5050684983735 29.7366085993637 6.38796713618749 -2.99858430134036 2.55384654406424 3.54249751280081 -1.33602073127309 1.32189879540976 0.11654317252987
54349.535398 -0.419983899992843 0.672007229766092 0.0860613186941248 1.32178238985453 1.01170728156522 -8.19241 2.970986848 0.677795965430332 0.474464780898841 1.30645133755442 2.4935124934399 -10.6637952404493 0.86386461781716 2.88701538502387 1.13603967252036 0.666143261576355 -18.9057100151553 2.77883613222849 -3.17654992725735 4.739814487034 1.45860319976842 -0.288862464882658 1.53921067976668 0.13965328577527
54548.860872 -0.93807546907269 0.772350262359224 0.0860613186941248 1.32178238985453 1.01170728156522 -7.96003 2.980823732 0.750739647595247 1.68173560974334 -2.40129029347107 1.39085534854329 -11.9748223085511 -0.27230504431313 -0.44484830951085 2.49967338498572 -1.57477879336846 -54.9997805081973 -19.2103975889866 5.73245306690339 3.55764812850029 -5.10589745011562 2.74524852493455 5.29053185917359 -6.10822391475993
54552.812644 0.39513002087879 0.575295928155175 0.0860613186941248 1.32178238985453 1.01170728156522 -10.09075 2.978027836 0.69961202121036 0.0127990919793509 -6.15828754273809 -1.29260168903388 -15.0682847212734 -2.5693372999912 -1.60180675595479 -1.38279960324036 1.13063576867484 -35.3227966391204 -4.82627254439235 -0.74740522608081 -2.38385457567414 0.54103889062796 -2.25603518747281 1.97740663595878 -0.527521792426166
54557.843093 -2.64228948485031 0.628370761794427 0.0860613186941248 1.32178238985453 1.01170728156522 -7.99319 2.978260888 0.866670592018263 -0.146998974882912 3.01001635534144 -0.44830925291272 -10.8972085363116 4.19622231931858 0.81011116818988 -0.49778153554687 -0.38830258856749 -9.24346923845653 -8.01347321083986 5.81034208885594 -1.14366904102296 2.44114893491483 -2.06391748089576 1.71617697613728 -1.56122559369293
54564.846724 0.918871128773919 0.63099907626098 0.0860613186941248 1.32178238985453 1.01170728156522 -8.10895 2.976116846 0.885293181144625 -0.147482328725369 -3.51622481646668 0.414387477623959 -26.7733132117151 2.7577966799783 -2.93479087137828 1.52559018895583 -0.206332029581562 -44.818198015769 0.90217696967777 0.94931292681694 -1.85130778256434 -1.79269241097534 2.1047565219135 -1.42868057757127 1.39693448782762
54567.891484 1.55783432599416 0.66937701687101 0.0860613186941248 1.32178238985453 1.01170728156522 -6.33491 2.983455843 0.852681901972106 0.764330894555083 -3.50875935608529 0.974541303169703 -13.6476271971833 -3.62083679728037 3.43445505482844 -0.34623693392845 0.30752667596045 -53.3261789591243 10.9146754757399 -5.708081231664 2.34389247845569 -0.19839292178735 0.17453776501593 0.70968956853655 -0.0328577095785398
54661.602523 8.12129515938816 0.753880871619175 0.0860613186941248 1.32178238985453 1.01170728156522 -6.67269 2.98015668 0.71863341855011 0.0700572200731804 7.00197225763897 -0.0248686520483705 3.53154440521287 7.17479979714782 -1.0493981990839 0.68194973792571 -0.60296669644651 26.0563721287754 -0.63111789502991 4.36892241724285 2.2026729444364 -0.661278027655939 -0.36954383392782 0.918935988737901 -0.700560967733201
54662.562712 10.865097342047 0.888513324019142 0.0860613186941248 1.32178238985453 1.01170728156522 -6.33028 2.979473035 0.759160105437556 0.0700572200731804 -9.274804330418 0.503096276385701 -39.0027149161705 -2.6176111041199 -1.87170952638761 4.12836287518381 -4.88948928357657 2.3346554632014 -43.5697973291859 3.03777030334446 0.0299753535598999 -0.88972503198416 3.15162377611656 2.2970526859668 -7.66137891892502
54663.671212 6.41425883361621 0.64812928756566 0.0860613186941248 1.32178238985453 1.01170728156522 -10.00135 2.97513833 0.71806582962038 0.0700572200731804 0.0700572200731804 4.02866163116775 12.9808065776895 -0.26834607508387 -2.29591796485055 5.87577674606115 -1.86038346202281 -4.00425677939935 9.81151188655027 -0.44978939835807 -3.26737286635327 1.21162075494077 4.2052889840555 2.41928945932217 -4.26982949825574
54664.630369 5.8998430479007 0.816091550284451 0.0860613186941248 1.32178238985453 1.01170728156522 -6.90848 2.982948852 0.775965712377639 3.83388277050412 3.83388277050412 2.7294405170693 -70.2639641123498 13.9922035139355 -1.07243527019192 3.73196547510036 -1.08121569388494 -50.3218804938064 -32.9872806578317 16.5530210080991 -2.35794522903875 1.04469075157117 1.85403271639423 1.13874985714821 -0.25565901205246
54665.624951 3.35515040304765 0.653755640782879 0.0860613186941248 1.32178238985453 1.01170728156522 -8.16787 2.977586666 0.793894109641715 4.58238446123432 4.58238446123432 -1.68619169520165 -48.3822188684533 13.1010753133723 -2.01374461645057 -1.12378557083503 0.17572269424515 -79.7409708652743 -7.99010807457899 12.2546109024024 -1.28043557229783 -0.90703709426198 -1.54779530005319 2.41285090853187 -2.39644043839793
55057.526605 -1.58848763865429 0.88205222073743 0.0860613186941248 1.32178238985453 1.01170728156522 -10.99227 2.980299943 0.652447680241181 1.92842823877765 7.18242534418448 1.30291649713821 13.4863509473551 5.59699250971318 -0.4486022448989 2.16585685266215 -1.17880266516167 39.5109026556861 9.85102522664548 6.35468958643728 -6.87058678781787 4.08195895783084 1.2833752161407 -1.62517774851228 0.26176875891318
55058.530042 -2.29705726866405 0.96505727001 0.0860613186941248 1.32178238985453 1.01170728156522 -6.55611 2.975445875 0.913642217520828 2.64722797626427 12.4316499938187 -0.15530031115795 90.1944321532535 -2.5236230821977 3.58311835534824 -1.82592191836833 1.02850904394119 93.2166170803439 24.7439958731797 1.11993265589557 0.26493221624816 -0.94097483435862 -2.07856341536407 4.87474373606972 -2.28647876876448
55272.86071 -4.20380493370045 0.770490485033904 0.0860613186941248 1.32178238985453 1.01170728156522 -5.41442 2.977602839 0.677851231479029 0.662896969701317 1.7498388028534 0.0398007390555204 -7.99905500467807 3.3510891259952 -0.58647181989222 2.00270045254389 -2.94560817959535 44.6330146592331 -24.1092742618665 6.83759841940637 -1.25510691283892 1.86452789552514 2.55301897317075 -4.5631794404527 -0.15358502509068
55275.844206 -5.37189690940971 0.714141773586163 0.102780010792635 1.31983147892816 1.01853579563946 -8.98498 2.978121339 0.651475538748041 0.684446693912522 4.96184782065879 1.92663173826208 -2.11683002380221 3.0894457232739 3.13643359217386 1.38218169024921 -0.667057968134889 8.2910964379824 -26.4928581600906 11.0745602204201 0.48280817535661 2.00045549695453 0.0104866722410106 1.20035500109928 -0.10851673773916
55277.841634 -3.23284193560803 0.724257393016386 0.117402370803825 1.32618336693742 1.01826219675657 -8.19224 2.978132592 0.692132501234128 -0.396841063352744 2.4473395237617 -0.47180660415353 17.8441582546189 -0.38561535612869 0.18302339903152 -1.89433531954238 2.31335535573373 30.6732846251488 -3.69952529432289 1.12409633944612 2.02177579692123 -1.73899275744597 -1.39438757252973 1.89787622705011 0.41131351680949
55278.816074 0.240147041957926 0.747037313656375 0.125163223896616 1.3268058431911 1.02013845268591 -9.04344 2.972123258 0.614134892641541 0.362963446147131 2.67301094025365 -0.090313611679422 -22.7836542474455 7.9618777622598 -2.82952397008473 1.66057814097229 -1.49075666164841 -7.91443534039755 10.3654977580464 2.51327370969283 -1.17820080837273 -3.10608088808744 4.07998852737239 -5.46389852019231 3.123299803582
55281.801051 -3.46698503413225 0.67996051116356 0.119505007497415 1.32425885688457 1.0192769173745 -8.1207 2.977053876 0.636603520605304 0.824763493962078 -2.07586377407881 1.15373124948727 -1.80686150843675 -1.56953333470073 -0.33563686832103 0.36145540325634 1.52339175815648 19.7858965205063 -8.32038573834734 0.89384558744047 -3.87202795108351 3.73106609366633 0.38533776605417 -2.81010214970865 2.98107381409618
55282.876735 -1.24558547979694 0.684247018730726 0.117678283490493 1.32894824379697 1.02188164924484 -7.31744 2.977309238 0.647576814453309 -1.13705870708884 2.85053541122285 1.12824140359521 2.84079266477114 1.81300191295835 0.85431064510405 0.36323638003415 0.840109563814545 19.2237086192961 -3.50563658030633 0.68560607311192 2.32445508922188 0.47609778073116 0.1249728849651 -0.77497107438061 1.92356209744719
55283.840835 1.37457445939069 0.726435147296679 0.127125459181479 1.32697917411678 1.02356686672877 -8.84825 2.980890073 0.644991174090718 0.264109032018997 2.57125569543666 0.937407267776515 -33.2412676181102 9.8724695326863 -2.79168554540037 -0.245732480845865 3.50288920902316 -9.1519162169462 -23.1304494236581 14.4877746298222 -4.84874447365481 -0.310414129266486 -0.841785600328934 1.59506764925671 3.56699945120736
55287.849125 -0.418232405972385 0.639046939499458 0.128748940210015 1.32554228146177 1.01882982216352 -6.29477 2.977206518 0.628025304117139 0.353896672604372 -1.32733802280832 2.17094448508121 4.66956915732676 -3.8787432557547 2.63417319417372 1.08659581451478 0.426599193456882 -3.18699921047379 5.87621598238932 -5.64697259560012 3.34263542507488 -0.19630089603641 1.34015324434411 1.58984592879962 -1.61575738244072
55390.596107 5.60521977669584 0.807275951658372 0.0721607902279409 1.31713296388425 1.01943933495445 -6.52368 2.975584103 0.674868994610027 -2.36826004067684 2.11647286436759 0.48069720814851 34.5446719573656 -5.10358495979134 3.61237542580828 1.03349919311442 -2.66663865373076 15.9994560098412 11.8691035210638 -7.24700731796568 5.7825500531725 1.09122678220935 -0.75997901235 1.22885922326185 -2.28962463724837
55407.511916 4.35519584810694 0.645540296904382 0.0822133231007296 1.32051931079647 1.01851346747183 -6.66868 2.971870473 0.685543633826945 -0.100253592186115 3.95587492895062 -0.98831420992156 -16.4898907849821 6.36221157434079 -0.48980700984122 -1.80132790772508 1.67657249486369 -52.9153445116361 -14.1283535417448 8.86764417648359 1.97824388275604 -1.93378161532935 -1.81487625582943 2.01410911117812 0.33940154378282
55413.540186 1.4191155153441 0.647593630146687 0.114202883367576 1.32063756705824 1.02032653106874 -7.67933 2.977481731 0.712845181196168 -0.289915859862329 -11.1114496213569 2.96599568482112 -5.8288299546811 -11.2802041516644 1.39396770499611 2.03708345044489 0.84950105481027 -7.1950530531628 -9.69046198424518 -4.38587051611451 -6.35276170314937 3.17829365747583 2.17643631176117 0.84715466209278 -0.8824700649399
56079.658291 0.574357282489683 0.736692864821083 0.0490197300344162 1.30072047320743 1.00695661311421 -7.88098 2.976163973 0.725325818868537 -0.319952079122385 -4.47968503743315 1.05077458393284 4.26969930006046 -10.0443260155159 7.03775959809307 -0.28162281693343 -1.22406719652623 -27.8000208931544 7.25758837070471 -12.934789012167 7.84261581615994 1.89195177403065 -1.51520496979538 -0.248883189493144 1.21039964294524
56084.591155 3.18852470374605 0.848328087273082 0.107933010132794 1.3005333525728 1.01400777183589 -9.34946 2.974691064 0.579135747674437 0.944963718824772 14.0193293208502 -2.58759301111982 68.6258462522855 2.30373827993993 4.10915635303252 -3.97040960700941 0.39776692283933 118.158989596726 53.9482347501557 -7.43437373865632 -1.23653280336198 6.11794555178291 -6.49653097411783 2.87927703999373 -2.07019225365429
56089.634904 1.75183101430151 0.744991131996448 0.0742191242475811 1.30632900499996 1.01105506673462 -6.75002 2.975353652 0.643629282980986 0.0956766903365948 5.18438839753362 0.73336238751511 17.9536131099239 2.76144060471624 0.21664688846807 1.51703681398963 -1.41328366536951 65.4934805584969 35.9056737196648 -7.2260126421246 -0.266024024180693 1.074568300462 1.06390975603838 -2.22639142951359 1.50657283821601
56092.634963 -2.2442428212079 0.926146771774495 0.0560290697861363 1.29584426262691 1.00953227597223 -9.3478 2.976596225 0.563575093653267 0.604392791380701 26.4754667997477 -0.86861510431836 27.1142583154505 21.6971603792081 1.88026098269701 1.34489430250861 -4.29353756183292 234.886052899512 0.983226589047799 18.4163446588974 -4.81237522652541 3.691824559395 0.479336454067387 -4.56372013643794 1.51388854379415
56098.55599 -2.52712640500972 0.869133356831989 0.081172995030703 1.30418833292414 1.02185094227629 -12.38434 2.974761024 0.559983260157562 1.31927671461974 -34.2814823410998 0.93881156941915 -71.2999015315603 -27.9092488098821 3.41328380246733 2.56959271941482 -4.03734039489327 -234.028060129591 -7.1566922248393 -25.8379530943456 4.97114771349751 -1.90085850957033 3.69540323013064 -3.95759838332942 0.70339844658343
56100.564078 -0.51189134970279 0.976465004443448 0.0778320432543977 1.30278465017982 1.00974739019558 -6.33753 2.977380282 0.538213351580964 0.936462760059067 28.892618225849 0.37666203470573 135.427081707939 10.7669768748302 0.184967712335462 -0.0633087561715709 0.611138132624441 138.196489275055 37.025057697194 16.5347383272561 -7.36258900632129 4.74057551069499 -3.82507446716833 2.68918477616336 1.67352401514237
56119.483508 3.51740162386849 0.82813921102921 0.103535200318846 1.3011488329226 1.02215881823415 -9.56771 2.976005202 0.616697668065492 -0.185232745099239 28.5713697935679 0.0390606736806003 92.5960151184554 16.2965304744272 0.89563651848206 -1.12914151516784 1.48212781136806 154.497141017018 34.5187230463557 13.384994923312 -1.5133949189043 2.2026611567037 -1.82236081900286 -0.97433075726916 3.33911525812803
56150.591559 -1.86272552527919 0.846731330262183 0.0601218676047888 1.29147823797444 1.01892628347465 -6.28515 2.978977804 0.671951114020301 0.847458934979911 4.86982545909318 2.6248555526108 62.2141030192915 -2.41223809525119 -0.30859514789618 4.30069975397329 -2.58153825943324 291.766804643021 -33.5921694257523 2.04760653222567 -1.8803968204817 3.06719352138615 3.91218162218803 -4.07205330468017 0.71381989450627
56385.751865 -4.89365851530064 0.743324152956855 0.0740404820799403 1.31224472612633 1.01534778376871 -5.74919 2.972470567 0.596194831182796 -0.44498759177949 -9.5041313095478 -0.32392187702565 -33.2030271425251 -4.99542718776327 -0.32628829981992 -0.193977956301911 -0.0676160402334993 34.9809816902641 -23.330822573111 -4.79721430963417 -1.21078288428776 2.20356036184851 -1.44776267336681 4.8245408182028 -6.71866409546692
56386.770824 -1.90074228138292 0.788800868863626 0.0775878283639109 1.3068646954603 1.01802377143939 -6.96341 2.97536152 0.548716109352149 -0.562435585923456 -1.02448555290232 -2.42251224704941 -49.2314912083973 5.38776926394179 -0.1447811832159 -4.21648534369101 3.04206898227869 -58.9003150228064 -21.6339177862868 9.79925313882088 -1.35925964934675 -2.75107404392349 -3.93011479011154 9.25451057743601 -7.23595431429022
56387.792386 -0.395931352142262 0.692027777624126 0.0655443989941917 1.30403345035326 1.01089948566447 -6.98929 2.973932887 0.655922837318784 -1.88345195148027 -4.92282914610665 0.221804892849259 -31.2549505529381 -0.003159373427383 -0.980682341387101 0.560581818771683 -0.099804509748298 -0.1165288632877 -14.6386568126554 -3.80226611274658 8.03105136637926 -7.76017317648971 2.05688637129636 2.61344907653566 -1.96589185145792
56388.769037 -0.72970609345784 0.756462746955485 0.0830950162941142 1.30771340735825 1.0075609682335 -7.77033 2.976740639 0.503582006582088 0.677912516318486 -10.712511039773 1.10043775195955 -21.7850737867735 -4.57138364549786 -4.47911619090029 2.7128987556235 -0.58063784524755 -10.213674119024 -37.3197156432105 0.9109258733299 1.09945494112662 -3.54895240544111 2.7132447877775 2.63504169108582 -3.87863542455572
56389.736044 -1.17735746054272 0.8157809466426 0.0877824497621449 1.30217232783583 1.00722752901459 -7.99687 2.969626277 0.638632932466687 -0.764732681397696 3.03126495318063 1.48439041735736 -76.6889831268181 14.8200294367105 -2.87016332505523 -0.72753058573174 4.82244570366221 -96.6573179301365 -40.5391613560416 15.3683969972326 6.59325010387458 -6.33015601304109 0.54036457163704 6.79195512597085 -3.38940787827214
56390.747244 -0.498498785263468 0.946640767552525 0.0881587869334228 1.3019674713034 1.00177312143151 -5.89603 2.974355358 0.509140777001747 -1.92840746976367 -8.68804448789273 1.45016417232607 -25.2843729376605 -3.82274306621011 -2.11674738753799 2.17403831534008 -0.264903430109575 46.1545849248335 -28.3515333314607 -3.5310495821359 7.84596395389209 -12.5174991726453 3.72887538201998 12.3946639378143 -12.1229194017399
56391.813227 3.25729230948688 0.935480677016134 0.0699416305740472 1.29110221868921 0.998466193457616 -6.52679 2.982174083 0.575465769166613 0.140431520802794 3.99702299685335 -4.0624272090488 -24.9761780276068 9.07725185580554 -2.41540993919292 -2.87956160894612 -0.84337107527123 162.202039560669 -58.5267221311321 17.349076391841 -3.33520818657841 -2.5073427747431 -2.00787132866826 -0.21812058421193 -0.37766545152247
56394.785746 2.73385010147673 0.88867221691837 0.0765189200578067 1.29126620164191 1.01530885205114 -8.94319 2.97762811 0.517571856579095 -0.848760404883076 -16.1002925539151 -1.3371696332532 -27.1397484028759 -15.3633821431133 3.83071604877168 -2.08744578844967 -0.45847837094582 20.0473320063417 -6.5430870890163 -17.240316684725 2.01010364554126 0.59305481364627 -0.84266888116996 -1.05416336667702 -0.64013574187953
56395.746716 -1.54148972678808 0.744444662184564 0.0667234560071346 1.30338596054952 1.00128445691141 -5.6617 2.971692084 0.621945387944645 0.0999311853903599 15.1446485707629 0.28263523720441 10.5434451063159 15.8482855918678 -2.79432892580645 0.47123287119472 0.942842165944515 44.9881173744793 2.2105287821562 13.4077133941016 1.92375043369098 -4.56664734850668 2.23245154479456 -0.42902864227048 0.70914205637542
56396.794416 -0.763442408689502 0.798768285492113 0.088968587985002 1.29151131417851 1.00604833705565 -6.75261 2.980119916 0.565808418436828 -2.67358941713808 2.81907632404983 -0.194945741568696 19.3933909647542 4.23806398607889 -5.38718452146995 2.46020295377326 -1.94351933190064 -52.9348305704076 23.1759254369154 3.79038901187936 -3.06339913383281 -4.6029414653688 3.07123371156349 2.82496841847168 -5.19009068939007
56397.811337 3.59615332809197 0.884571967228392 0.0916214718405233 1.2952829319582 1.00504182786808 -7.05602 2.97667388 0.567092772400887 -1.41923122580753 19.5246055130779 0.82109829780397 27.175348419761 14.8533752243448 1.60057017405233 2.54149535920258 -3.44493209958487 144.548864118754 -47.2835236894003 21.4434444307654 7.77000104136568 -5.27874825868988 5.23303334732769 0.4495272064246 -6.36623898071233
56398.690562 1.54449431715785 1.03183469530056 0.0974948264521651 1.28822354299026 1.00173231265328 -8.39356 2.974074217 0.567128717247913 -0.749503910903678 7.27109895594493 0.4814571621369 103.988417654254 -7.24863701049747 1.55211843688158 3.81620337699672 -5.7359659233154 257.972080061286 1.2724262755792 -8.81150694527031 5.81536701459903 -4.41830935294608 4.73908637525793 1.06137076872871 -6.86294393418436
56398.92736 2.55007944480066 0.697994036819311 0.097633947705942 1.30728351071463 1.01194027636318 -9.96236 2.977705497 0.603682901368018 -3.02359214303616 -6.06505978658152 -3.48914855198652 35.3391827885267 -10.9538977955074 0.813963021674479 -2.31997168714553 -2.39383406890002 3.39461808452617 20.9159891392414 -12.2150253478722 3.19547656464343 -4.08001290612076 -2.37544931510659 3.32288896235167 -3.99281917286053
56399.706265 -1.93435878685836 0.742690414840756 0.109386292651932 1.30533875493831 1.01548069588297 -6.78893 2.972930482 0.592504125305522 -1.66675860961347 14.9744471042728 -1.69598575902151 -22.0012962943327 18.4103766645323 -0.899232094116102 -1.31511561688722 -0.22615593821499 -58.249661995307 23.7271549349341 15.5516561646642 0.04889719121473 -8.93756674704956 2.73283716885103 0.36591571304543 -0.55379367254123
56400.750962 -1.85990477466867 0.742596080533917 0.101764377488196 1.31043278532347 1.00156756344509 -9.86438 2.978983844 0.585708397215255 -0.491088022764889 1.46198284420893 -3.28395559439088 8.61344953523194 -2.40662819687908 3.79848035261415 -2.77290215337273 -2.64866517086829 -4.5960667475115 11.0544966504514 -2.60391065725497 0.994009647518418 0.786739654384086 -2.70812420941858 -0.81497805646405 -1.18542996283147
56401.71968 0.416045088781588 0.772817689715891 0.0981085204686041 1.30790770223047 1.0059964905875 -5.89019 2.972405389 0.537914637114251 -0.486930900563431 12.1800591089389 -3.00097183004564 -5.35022564271775 14.7986635433502 -2.61484246746205 0.37706576052306 -4.43538267042373 -5.49581279673339 7.01034953979536 14.2501020708162 -2.08430526178753 -3.90061108618831 1.1023442300964 0.31191026467788 -4.38486152106082
56402.738528 2.88892344879357 0.832118014246573 0.104670136720088 1.30758113682643 1.01309709717076 -8.64673 2.977444487 0.554458477236946 -0.764550432770448 8.58355612712357 -1.02482627978405 7.21148553885405 6.13125527112356 2.06561535362051 0.0834747174040897 -2.71595940148356 156.040854015622 -55.0189612576373 14.1484297064182 5.34327302472902 -3.59544722252045 1.95330651221632 -0.73229931151065 -2.87798046805323
56403.732778 0.840020373382493 0.811093499548786 0.0883815363233316 1.3061740128933 1.0127143052383 -9.39187 2.975123042 0.539770479919524 -0.996676430998554 11.6508061816454 0.183716694166839 9.89865289862242 11.7632983723962 -1.94636967332341 0.020983049053203 1.12732390259594 12.169604478821 30.1802306118747 3.40675288896212 -0.23670015038529 -0.603661446192088 0.822164646842748 0.00443224238498008 -0.643841950443882
56404.759609 1.18262768973569 0.854609614688681 0.0795741001016343 1.30349715623479 0.996408768758054 -5.95856 2.976436475 0.637410466729119 0.110211137941211 24.5560010672121 -0.5124034233347 -9.6804686324388 28.9403440419853 -4.33044561272421 0.134083552195801 0.81847167330124 -24.897479601068 -16.7441298524874 35.8259515351413 -6.78019979960775 -0.043004711934475 0.540809182800402 -2.28561895467405 3.06492666987248
56405.894605 0.793943302264286 0.893015365031409 0.0959283365060124 1.29600357141069 1.01057065701099 -7.48587 2.982389662 0.585544117608765 0.110211137941211 -8.16110977219597 0.0649983193032561 24.1282757214192 -8.1869554504911 -4.22167021510021 4.60939328638862 -5.50598901803888 37.129082971447 19.5573941962519 -10.3150828408653 -6.62838240583197 2.18079381153452 4.28999695460205 -4.43397980359848 -2.50488351444666
56406.740208 2.96871159293984 0.934578684255876 0.0861746387765718 1.29296836073861 0.99720656126587 -10.36811 2.983021141 0.589282688222822 -0.934651723945115 -12.7064157705184 0.7738638981555 -8.6864376600241 -9.52880696671432 -2.75769955051898 1.57064182444219 -0.0732456054411101 118.7517566412 -21.061362095824 -14.721960629465 9.28432015801293 -11.32997000617 3.65883502159738 3.9722413481673 -2.67131179817702
56407.695168 4.01964099991469 0.841593186270928 0.0767285229555792 1.29717077222839 1.00216282673022 -9.83195 2.97433374 0.562674429370576 -0.934651723945115 7.8765872080358 -2.47626132770987 64.9166493271913 4.25929518925152 -6.71087867253094 -3.03786264920915 3.79178639981824 99.6002786243076 6.52995987544465 6.22318008636669 0.856958032595239 -9.79594882724083 -2.64404190636069 7.97665747595917 -1.71239885877112
56415.668008 0.619600582213044 1.09419071431552 0.0917591020082273 1.28258655680216 0.986186987582757 -8.48427 2.980311328 0.504495401687672 -4.07665022859647 -4.07665022859647 3.9913683921013 -105.288749390141 10.7597384683955 -1.5561070674672 2.50634246154327 2.86673925733926 -78.0096084759987 -16.533411900783 -1.15958764806728 8.74705638158191 -4.3737349599055 4.00402255238966 0.317453289084355 1.35426039742315
56415.77939 3.23784075664229 1.17485771250653 0.0915615919248036 1.2784718926503 0.988218528376801 -6.17901 2.989348324 0.573495136607636 -4.07665022859647 22.8316881712928 2.75769050706929 -57.257254630416 25.9721331393984 6.36513219646844 -0.48974269968609 2.47791021603957 19.9200287208213 -28.9011006286298 20.1040528509904 13.6989159621624 -4.7265318873894 -0.383112355575673 8.2096032702398 -4.45501260555605
56416.707531 -0.929936104137327 0.765693126267842 0.085712815064235 1.29705995823024 1.00601503863392 -10.72812 2.976038747 0.650047444627481 -2.37179287906486 -5.0184866093411 2.83937893175482 10.2302512711281 -3.32732995836212 -4.10731895088449 3.11961784733646 1.37191868884618 -37.1673884269404 20.0027108622401 -4.81602383975356 1.36967549288537 -10.5240032049196 5.91429043162354 5.96565235882008 -4.63816522125952
56433.822483 -1.83672233907213 1.09518016004019 0.101827230193364 1.29238722164699 1.01095865248897 -10.19506 2.977281704 0.515694674463482 -0.866624155503829 10.2220254069304 -1.60423772710355 83.6820155317226 -1.41472101669865 1.07285212454278 0.768940319177165 -4.06247295988307 308.862673237103 -13.2067782399569 -4.94156643590325 3.38616957830813 -0.825340723043371 1.14489651209324 -2.08424561108996 -2.33166452262721
56452.637514 1.63042914177709 0.718266058527969 0.0900001295515434 1.32061445761106 1.02277227871306 -9.56127 2.973892784 0.54729771130727 -1.69546264268112 1.51981975123707 3.70797304066984 -1.60311110961336 5.50084104292884 -5.2708540992631 6.27004712913154 -1.83772889666161 78.3718262542977 -1.57484102560085 0.817640292468712 0.53072078753971 -4.64149078728724 6.47843789110412 3.96641544985412 -7.02856723449777
56453.750191 4.22133376563306 1.78868369319998 0.093976200346167 1.25103960349098 0.997146731493466 -7.03919 2.980221708 0.358054750162635 1.12845349134435 108.817896492433 1.26979233088826 405.050170434368 34.5862354413564 -6.69687400928039 1.16508559048931 2.42307237484009 328.209389460854 127.057992779266 33.3022893788798 -3.39785603802121 3.71518051259402 -7.34595854006414 23.3747201731259 -18.161256484851
56454.576818 -2.40450490720991 0.884135191597149 0.0785639067901154 1.30365779310113 1.00116065262515 -10.42623 2.973670138 0.640703252891587 -0.614186137918286 24.2752619576809 -0.92499156929765 138.047607683668 -1.33160315940533 5.87276700753925 -2.94779156010509 0.65954058186832 263.606481557333 19.5766243546296 2.00747038613479 0.67114595364254 1.79133376662709 -3.42760331765446 4.52036550628627 -3.43623180492441
56456.621577 4.35542957139464 1.00441473042761 0.090437799568635 1.30952445826226 1.00487380409097 -5.87344 2.978693784 0.537807893811172 0.0763139089199298 13.0944807233377 -0.597246359510479 133.018183209767 -4.50680658523186 -0.26741318724845 0.15271936916541 -1.07796938779805 423.7641055083 -46.3304184021466 11.6569134663416 -3.46622047649748 -5.29995616788037 3.23564583481616 1.03752171413383 -2.88579815901806
56459.60267 3.28239941854035 0.747934027008828 0.111210481807706 1.31412284107579 1.02060155216173 -10.07729 2.974493347 0.55893117334456 -2.83525923137348 -3.5775761824913 -0.55647335268602 14.6186598612622 -6.03031313756476 0.88509120488227 -1.0492431217303 0.42433590355808 88.9622838435564 24.4757117713093 -10.088029338526 -2.27052763522899 -2.60044651354269 0.59577194454656 -2.04071241750438 4.00452454270241
56460.581195 3.26031277754858 0.913046401841128 0.0998112162258742 1.29883188015363 1.01032626587947 -8.23872 2.979771723 0.607790714860569 -2.83525923137348 -14.7742561968377 -3.1915660838975 -0.0564442152388978 -10.8851186777803 -5.29067794083031 -2.70862751981679 1.49409983265333 61.1610608643947 -25.1901942180851 -10.0138742130771 4.19675929823759 -8.65956134786106 -1.87293533071898 4.58838439693217 -1.82813071105858
56467.721548 6.4488928475096 0.989339178330241 0.0896021118063648 1.29911240080038 1.00790851464646 -7.35562 2.985393138 0.573751437386098 0.167057271247137 2.19174899940265 -4.617402507652 76.3313572626122 -9.83474475135953 2.80967898136893 -4.28154605717329 -1.71402001560825 68.4582522278047 37.7919133703596 -12.1656903739623 -0.814106176751 3.42470514832938 -5.75239726035915 3.80241689967947 -6.17071234468491
56468.670282 0.824397125862164 0.73134785358345 0.0623364301920382 1.31199905185275 1.02562864365036 -7.80357 2.969150177 0.642212293702804 -1.45666085897338 9.59422412797021 -2.34356098151598 67.7368613833398 1.44208562945683 -0.0690923169883702 -3.5630876842907 2.08509253698035 186.279937879351 -13.9097340586962 8.07380071714177 -3.02520190350753 1.6673051783164 -4.03746921453872 2.92743692369056 -1.57916453822556
56469.57352 -1.0138010155029 0.744027360446354 0.0462300309185508 1.30058626279924 1.01245779848245 -6.51494 2.975963057 0.669648504009092 1.07569158773579 -1.40428931037348 0.0356940993678099 -9.90209243236469 -1.25443545777681 1.56807818676777 0.689155713326399 -1.84540139629814 -5.20055148833004 -5.19398934891879 -5.44053648012778 6.26516250157207 0.603117973791476 -1.46598191422378 5.13402568371052 -6.93747223656212
56471.599078 2.74057360818782 0.782380199074661 0.0469622060224995 1.3189413591704 1.01800641187699 -11.22887 2.980865758 0.704013526902129 1.60691626798985 -3.83038838645283 -2.33238904997257 47.6415513706432 -13.3908799651563 4.6471028678068 -1.77045544198316 -3.1087783164235 39.4900990469579 31.4593672455008 -18.3088841914703 5.71887099370725 -1.14250703270358 -0.0759966771028102 -0.76969205324694 -4.15335555208317
56472.612503 0.553079828295805 0.721706304245992 0.0938540428013526 1.33025158362404 1.03365184752591 -7.57569 2.980492796 0.597414246315599 0.537965716728531 1.52668367671276 -3.87792969654586 -10.4123567844509 1.60293788118283 1.86602875263867 -3.75366813578503 -1.11353474765446 34.0178988634968 -11.5670346148586 2.14925049962598 3.33632225825788 -3.31059227117381 -1.83340257190455 0.568453555968095 -2.69659701658983
56473.565061 -1.40164413711554 0.96844916429597 0.0911944982958857 1.3075467851798 1.01822070229758 -9.29921 2.977073706 0.589100372583901 -1.26688739460132 27.1363254286641 2.92259911873265 93.0020279296268 12.4456367465079 3.06771770466682 0.61039592996529 2.39137919952113 167.578205140022 -0.275343110933299 19.4775637727341 0.38475194198163 -1.14144549612882 0.59373449954602 6.30129710647844 -3.2739960017918
56474.582546 1.03897251854896 0.937855779718516 0.10048491375253 1.29891482787297 1.02253715316858 -10.58496 2.980342624 0.579684384633707 0.308616403137412 28.0186465401445 1.00338393628526 133.937777431181 14.342815836817 -5.10620187626952 3.74519250753457 -2.21368152353808 263.848261628436 14.8445615509651 20.131606484134 -6.9221570878577 -3.14052392426433 5.43079409640021 0.52355342065783 -4.56403830925878
56475.625201 2.20532961545935 1.16362703292585 0.101958607885903 1.27029225044611 1.01976418693009 -6.38565 2.973710246 0.552413467125281 0.0892217109746923 22.8260413999532 4.99222187260309 105.248917341942 8.6978368113507 -0.454666318033805 3.03055743155553 3.23177954243959 341.446930241077 -37.0332805013683 17.0275671763083 -3.28128170745872 0.906192388958008 1.88594109708438 2.18760242881357 2.84085173361921
56476.551669 2.61861023796124 0.82576537677998 0.103282372604224 1.3033887006103 1.01686915651526 -7.38036 2.975365257 0.5498165838268 -1.15982270705468 10.1647340376839 2.92281435602265 21.759421768012 9.61049918984545 -3.39710838301963 1.55224529107426 3.8767578367667 89.9778161922568 -7.7506694297255 13.5560342600082 -6.52293213434438 1.01902916047667 0.765638290579901 2.10420683255347 2.36397805976217
56477.573477 1.59765950919837 0.736871826931095 0.0865277610731114 1.30883315325794 1.02046938756238 -9.63429 2.980300441 0.594835821267815 0.158219848330113 11.175656364561 1.44526365381384 94.9951804566822 -1.84583597814336 0.830430674842335 0.61082727711658 1.0163225836265 223.140475503545 13.2382907766031 0.21721642403546 -0.27927030849916 -2.40072661150491 2.47528297300328 0.0174645489607399 0.46115225538694
56508.491034 -2.5401865122716 0.820804478014742 0.0937677127227656 1.31491997970395 1.03060368471406 -8.05424 2.980896406 0.525167472450119 0.851593915554213 -1.58974342719733 -1.88883172572416 25.1251869057475 -3.86846416585721 -1.58314711048231 -1.21123757523736 -0.39433728887357 46.3984261505857 13.6180282396582 -3.69414544524308 -6.64055555469654 4.0977226011368 -5.20956853330236 8.17115358405964 -7.3050953344042
56728.910492 1.51139327139554 0.721162760946207 0.0952562417809328 1.33139628032407 1.03032217131589 -9.47048 2.985479818 0.496398884645118 0.522891421977794 11.5637179372777 0.39368724001518 47.7640906885253 3.49210551100539 2.21876312001064 1.11078784155278 -2.32716256998398 33.6381242978538 11.133926823588 4.0785394105818 1.80960373909293 2.89237795775346 1.07127258427854 -3.81079062989867 0.373243909481417
56729.849217 3.35280446891541 0.682386755653472 0.0958631479842929 1.32999935198276 1.03451815368991 -7.44097 2.97499588 0.520427630029462 0.522891421977794 7.79799362001345 0.98822357343203 33.2909952108717 -0.516153481020198 5.40446110050542 -0.0623096084132797 -0.84064963684606 52.5287072038081 0.28851108885018 1.10686477244208 4.00993472919162 2.187640865156 -0.0755483862774096 -2.95080663793766 3.08388212009113
56732.84743 0.728244767889248 0.885572107021793 0.0983981204717157 1.31506877286011 1.01272516704602 -8.96289 2.978297366 0.525865653866018 -4.63090895479311 -4.63090895479311 -1.11633507345245 -1.60213342838004 -4.3899535653568 -0.0384686682567499 -2.61728276702372 2.43015142581619 -168.774923528861 5.81942231333174 5.3069395911615 -8.95344270514607 7.20861416069364 -5.88925409726881 4.42458707845966 -1.49930556713766
56741.879057 -1.68607022056543 0.789556104680354 0.100913095910429 1.3222306114869 1.03592070493426 -9.28113 2.985033952 0.56900867234046 0.532048686783438 -10.2213963241586 -1.01891884036288 16.8748178503714 -6.84795191022984 -7.7809177115953 1.15694122933279 -0.0183403461900697 90.6491843613709 -1.3156549365596 -11.6219163738856 -0.969759054207419 -2.35744478727368 -0.57907126816111 3.35951039242226 -3.06551619470298
56742.830194 -3.30777744636584 0.741194297449057 0.10353415665713 1.32971278975765 1.03523149494741 -10.37332 2.97884733 0.491642618696117 0.532048686783438 -9.85970427300427 -1.06597826359381 -20.6833593214752 -4.44740473063983 -3.54095947411081 0.92443810309549 -1.71833924394612 23.5199389644131 -33.849409632008 -0.53798005428005 -0.0564291090845903 -1.1732840490911 -0.14549543598238 0.23772565960386 -1.04839651931769
56743.82086 -0.33244631849771 0.730056060562547 0.104384392359061 1.3228393657515 1.02634190528221 -6.14914 2.975913736 0.482860707306984 3.54767550167008 3.54767550167008 -2.06762414977024 5.11363914005919 6.08658802487278 -4.43289917406403 -0.343003873653487 -0.871073534342139 -64.0485952199701 22.8601822571383 3.5117444080045 -2.55214353145285 -2.58792155042315 -2.90873646022247 7.0201173286162 -5.08935695846698
56744.838819 2.6912819323107 0.71025416910243 0.115639877724028 1.33161754382701 1.02217107803124 -7.46838 2.97963718 0.469779769634724 2.01753715724391 5.17414006432951 -1.78553214379471 19.5466651938674 4.86853323681898 -3.23498917252131 -1.271327890497 0.67399455056876 -29.3044794053138 29.5981455499832 1.94787024117008 -6.73877789593281 3.72430351209668 -3.28747163832782 0.85670233925517 0.0921673211753902
56745.777198 3.59428172100886 0.826062234611836 0.101167656684381 1.31984349389664 1.02840474044662 -8.90645 2.975538892 0.517142371681645 2.01753715724391 -7.05855065685251 -2.38202268653925 14.4552950518483 -5.81472933685739 -4.40427901450284 0.19040898632502 -2.29178198940674 -86.5271075266673 -4.33800601150886 2.57336253336569 -3.49834527377007 -2.6105706786095 0.76167842919586 -3.21806616108824 1.81450747745117
56746.846571 3.20336276029873 1.21268058644887 0.101209406973964 1.3111968741527 1.00130316985933 -8.20908 2.987996667 0.456656880291726 0.78469208286991 -2.54885907546613 0.12367925832576 6.21108353199189 -0.0631338185205896 -4.49924876361737 3.30420691627459 -3.18962877084477 -6.74122426340482 -5.70035843977085 -0.49314230396562 -0.33887360478711 0.38261455400751 2.77469743942346 1.80872167384734 -7.7609733708614
56752.845395 -1.69431786001089 0.695724956447801 0.129503515920767 1.33036435370799 1.02856389099493 -9.47893 2.980894113 0.531431760935102 2.9372493240195 2.9372493240195 -1.22948705193055 -43.03515165956 8.44415500830778 0.365415146157474 -2.16722523616259 1.43944653537705 -32.2635112042105 -36.9407433461535 11.7885224113098 5.8624210692819 -4.49884643914171 -0.7762558696356 0.57223439733484 1.24690313654695
56754.870611 2.17428168103255 1.3197621626253 0.121494065751162 1.28303602834225 1.00561326048601 -8.7087 2.987472095 0.393809285895981 -3.576108136075 -14.663421795866 2.58449184159778 21.8680979103609 -18.2089265495468 0.292432254928435 3.28876444555613 -1.19178784193535 8.6778961338281 -14.4751980773902 -10.0019061139351 -1.50403721587382 0.370693149006554 1.45355879567584 4.8691227046371 -4.523235253083
56756.767444 -5.00838958221324 0.741751753960825 0.108553470192643 1.33588859181074 1.02482126206743 -8.43647 2.976354633 0.502991733847106 -3.576108136075 -3.576108136075 -0.566033056522301 -43.3510181364034 0.42058161703627 2.26927877001418 -0.95658385868945 -0.39173662983786 -55.341226155138 -25.8590610835575 1.03489818610888 7.23478960452312 -3.26554836898843 0.26884571114905 -0.68756054203635 0.56504846282171
56756.889351 -5.50140782088699 0.628332499882656 0.110350127180995 1.34173275337701 1.02984424148363 -6.80961 2.983497231 0.499717191279624 -1.17421332873929 -1.17421332873929 -0.30291269000121 4.5838967812703 0.85795217013352 -3.76422632427384 0.72092790255613 0.18258377694865 45.9641034564021 -28.9106562565159 5.76907481259693 0.93838129089557 -2.88889629326413 1.59742055203095 -0.42218789705571 -0.61216441742767
56757.818795 -4.05473877350295 0.754796290578181 0.110037154779342 1.33783111383621 1.03186979186364 -9.87458 2.97923231 0.48532624898944 3.04028675096146 4.69301586253883 -4.66036846529908 -9.55261957276877 9.90150697507032 -5.49827310009159 -4.00696609566657 1.45634021558754 37.7253362606668 -41.8701357527448 22.7500010014628 -9.03208587885318 -0.69675396609325 -3.78429098141107 1.81111722519903 -1.0517179449083
56759.838142 -0.0918523135026501 0.765848792533446 0.1234231238952 1.33212540898083 1.0285908158219 -7.18564 2.980304192 0.482166873434269 -1.12403623317175 -0.06538251066064 -0.842316218868981 2.6290076454572 -1.25291202988468 1.17210313709443 1.01745035669366 -3.63631677518115 -22.184583478409 8.02756961995018 -2.13471837859109 2.80824156725718 -3.31252222952634 4.45125926930746 -6.55290590411289 1.09372775011536
56760.824612 -3.36382451755314 0.769986874617904 0.115218393956861 1.3322489424001 1.02944827623815 -6.73356 2.976981604 0.4524412291646 3.48557432271246 3.48557432271246 1.00188817889745 -35.3526586943056 8.39483317699622 -0.6993531406344 3.62670686920503 -4.04213361737248 -63.3771616987619 0.0690760887883197 8.06358853311967 -1.5914175060144 -1.77476332959313 6.25428460032363 -5.96262060640714 0.08561508589192
56763.734927 -2.38344384975031 0.628029378833328 0.0784981795379052 1.33524354545486 1.02694944905376 -6.62374 2.974274203 0.562191825224021 5.68816131824781 5.68816131824781 -0.53999121976735 13.5665974929311 5.45609011167264 -2.14353149070645 1.21904964850113 -2.02786473083431 46.2384206110902 2.90820760084121 4.75911430319632 -0.642911506613936 -2.19673005041138 0.32733931857766 1.74145581950675 -1.87811049863278
56764.787021 -0.856788154852878 0.71997059398068 0.0576932031832544 1.32717853438195 1.01948235090643 -7.64903 2.978579689 0.649867316725066 -2.45480121396622 -2.66111176276076 -0.71701551413142 20.68551035786 -2.44050622395509 -4.14723394816061 -0.30724803431517 1.28121353012548 10.958310167867 -3.87397438644045 -1.0937420277523 0.0524249011696991 -1.96478912796843 -1.13643498672906 -0.92874368787334 4.34139075656247
56765.745347 -0.0291725024543738 0.67926772024347 0.117805586321058 1.32030283350637 1.01742205549181 -9.0398 2.976588927 0.496252065005641 -0.598568171448466 -1.4476302272653 -0.30318483503433 23.0525077876674 -1.04877032321321 -4.80965021419482 0.824308025615345 0.355844569687981 -11.8657687853813 -7.80572054611771 7.71094331093015 -7.24077369860204 -0.683203830721549 0.849666762658893 -0.493156251026918 1.27235906712189
56766.775505 -1.42493433633268 0.658333676183969 0.11405284835537 1.33698604105808 1.02814904317434 -8.81775 2.978424744 0.548205438931212 -0.305014413959618 4.71385650030357 0.61042973415332 1.18020838448777 4.39102612306869 0.22945603674588 3.89683911996972 -5.88955422116073 -56.6820559149792 9.09116406259148 4.72609639237923 0.33740098185399 -1.17548417360801 5.06733760814819 -5.93925814203623 0.19022785692295
56767.793091 -2.32492617525606 0.727415087935368 0.103468960620074 1.33151514462 1.03995760509133 -8.53889 2.979597487 0.508874057075056 -0.594209904791212 3.72661893957904 0.77407573508796 13.4017937482328 5.41099662972773 -4.72317241490541 2.79001680121796 -1.19426438888238 3.9476909444258 9.35333636832379 0.59810717977081 1.28442321400896 -1.3152518397533 1.71753435368199 -0.89773334106461 0.3343470290093
56768.780477 -0.0153343063793253 0.645583126039791 0.103522735100965 1.34343537040379 1.0338005158538 -6.50371 2.97943861 0.511003263200819 -1.10426473543263 -7.89050098461608 -0.757980232143609 53.8692830214719 -13.3926039173525 -2.46520025838622 0.222087424341566 -0.487805939251643 46.7043370182183 45.1068255041005 -20.3510636890056 -1.97205427123658 -0.399492438946567 -0.51337469363693 0.283916214454991 0.141647491003247
56778.690297 -1.70405456456243 0.706274801492094 0.0991327670271098 1.33083961924618 1.02632073382634 -8.40671 2.973921226 0.517912653863147 0.64594002284801 10.3687414919101 -0.19654967384947 -9.38895966490708 15.5831016939432 -5.49791076404532 2.91379102889815 -2.76187594116716 6.1892708771878 9.32943412769317 10.8460673232759 -1.42102145512785 -4.03169120678091 3.99129314378273 -2.75962219162902 -0.16566638008802
56779.783112 -1.84261967524314 0.816778619881462 0.108120638678656 1.32635306128461 1.02757154192889 -10.61836 2.982071391 0.531867205362663 0.64594002284801 0.64594002284801 0.0813006634930999 -56.404045031764 6.71085584450299 1.96098674429991 1.93777560089667 -3.96484851664905 -107.57376879313 1.91720396079659 3.60732017483444 -1.64817843346032 4.85213917754834 -1.23302027740598 1.84176393666037 -4.46828525931329
56781.690717 -1.59269995527323 0.854375567590324 0.11351618353282 1.31941070402589 1.01975453016928 -5.71205 2.977421833 0.503566546710017 0.456177074599536 0.456177074599536 -1.7448777968214 -75.8724057883489 9.72804500863192 0.354363050708503 -0.530238582751122 -2.11484360413823 -118.538886659309 -7.00458185109725 3.55618073121999 7.81083122612793 -5.99509610426363 1.54376614823803 -1.07679438657623 -1.23560963732417
56783.736806 0.512691448694333 0.718980571423246 0.113939566382896 1.33181541042062 1.02655112954992 -7.25611 2.978977993 0.535318062205827 -1.25006179318634 -1.25006179318634 0.818510902182924 38.5555962202119 -6.60261221290381 0.298033131286306 0.825160279604437 -0.15564630587455 86.0941225116117 1.65912024266639 -5.03121537463359 1.63625792232368 -3.0060050250201 2.23280332169728 0.819637213563192 -1.52540114065792
56784.704805 2.84153608619828 0.915220531801352 0.0916431617577713 1.30036193181122 1.01462898484621 -6.93458 2.977476136 0.509392065704045 5.73454002926269 6.19481809650195 -2.26688191054536 -27.9100268681132 9.54477330377658 0.21834903797889 -1.66287801934648 -1.05936148660672 -230.567235841897 60.956132990501 1.68828054327204 1.1527791575374 -4.86814297463457 1.03392671248059 0.66898120362919 -3.07808121803719
56785.625047 1.36344540838359 0.854492321132892 0.1061652379437 1.32026765225471 1.01743980580688 -9.0978 2.970252628 0.522358010213869 -2.25323251514817 -2.25323251514817 1.21947287836127 -45.0954070262447 0.25761821613532 3.76559964127285 0.20204435660879 0.08711095550194 -321.643269700989 67.3359531132359 -8.5576281033069 1.09919013849199 1.64815600613151 -0.06371750955002 1.26594555274583 -1.09817949203853
56786.680164 -0.7293014860978 0.710205073839282 0.0998609089690283 1.32470407256232 1.02613244263748 -7.87903 2.974121471 0.540472503235452 1.5964290660791 -12.8519412338947 -0.867436307010525 15.9835984200604 -14.0988573736992 -1.2345528618591 -2.16447287335422 2.80836938527019 56.021676716656 6.69380468559783 -17.3143572446417 1.45860330242089 -1.75322557199269 -1.72124094657191 2.3980001601374 -0.24502722988618
56817.691837 3.34062235114553 1.02509515285648 0.109385215368101 1.30590469516724 1.00831823320793 -6.50799 2.984074136 0.528123145099751 1.91582262555198 0.60638563763987 0.25395009207617 7.36665475063967 -4.72188000685402 5.8564805552633 -0.19922231618938 -1.68256790215039 -44.7757841052883 31.5969068736754 -15.5282979091427 10.5059260585839 1.32018912389386 -2.33684284980689 7.56413584818694 -9.45771209773062
56822.661214 3.0354281103982 0.806971681592723 0.116586575762772 1.31598913297833 1.0223740030195 -8.93022 2.98073479 0.532064993878322 -0.776536579546653 0.89670162802273 1.79467434001548 95.3989990934654 -16.3076854963939 5.7847204469479 0.70329216468519 -0.7829448503211 243.593392618185 -10.6582610009078 -11.7105002584651 6.7267977910281 -1.44960812388432 1.73234208026108 0.91060110700434 -1.62234672480756
56823.724567 4.07839418355079 0.841853649224502 0.119189708293422 1.31771141346882 1.02423898959314 -9.2951 2.979778887 0.516112897574198 1.09821190559512 -3.49704985743883 0.48615395005629 -17.524639153778 1.35481149059983 -3.5844513281427 3.57916039323887 -3.4846350576161 -56.1999483126317 30.3585727131334 -6.87170921316713 0.391185824507439 -5.7109252884861 4.37550770955002 3.09523273282804 -6.68401667506962
56824.702469 0.142212285996139 0.771748052915959 0.108489159874771 1.31717653324782 1.02830092520658 -9.47016 2.986229587 0.608177446654155 2.83885430045757 1.59493231764553 -3.04774897789407 29.9962993946154 -7.00581234246156 6.29909564784544 -5.06830312226476 0.406802126334641 37.5117643255944 22.2218143164501 -9.12727870182131 3.40760492797206 0.03440447212515 -4.61608084284079 2.24574272241832 -1.07547338823519
56825.666701 0.726301881976368 0.794436607342784 0.101958742918392 1.32129105196189 1.02434304588026 -4.42699 2.981556523 0.597165372900784 1.33728121168276 -4.2610993210227 -1.17350830968727 20.3827771494448 -6.29349305628463 -0.97632733460482 -0.0261104159521899 -1.45620125921504 79.2494557659727 0.36122919069267 -7.66524104654602 0.63191179893519 -1.16725830785253 -0.716696881556431 -1.27826684974715 1.93495574992253
56828.64751 1.16566812502019 0.769379273224537 0.0865195104799883 1.31204370286975 1.0246355426172 -6.83958 2.985440447 0.652647647354326 0.264889618741515 -4.36836355203311 -0.02053355267376 -16.5919124933102 -4.41948678984554 3.2473689883636 1.96943385980486 -4.85995530338981 8.9759162024603 -33.5864689483517 2.05149413628657 3.19451065827778 -0.20447429680137 2.74046302261159 -2.26970991176182 -3.25088806895991
56837.742106 4.7327501734983 0.806978077157028 0.106063580741116 1.31105392829048 1.02148343130673 -8.74225 2.978014005 0.569891637145648 0.499254462004257 4.32648737049816 0.0193248084637396 69.83898081156 -1.82596785190917 -3.11018045125634 2.01283123915115 -1.92542305438948 153.56584014288 -0.41243415857214 2.20192652814059 -4.15318807453311 -0.0558626091684502 3.25331289665255 -2.56673481414161 -1.72531808609113
56838.602389 4.29139460126991 0.761037149412106 0.0840446284694014 1.32238750915896 1.02917506988426 -10.01982 2.983100315 0.599450139318275 -0.221419746054535 15.2025607509866 -0.69653458191415 15.4587749817685 13.4718995431166 -0.437473437962461 -1.10425236686629 0.89436782187735 57.914916978071 2.52628182248035 14.9212305938509 -3.09474859712201 -0.31742799333458 0.17660123215043 -1.56329583358857 1.71852859701076
56839.599261 2.28572189739822 0.818866357619613 0.108162106122895 1.31479801792785 1.03148513886384 -6.68895 2.979790126 0.562068585715381 -0.423144944798597 9.55832626157313 -0.38978834610178 -47.755216391739 14.7029606025544 1.58327141809904 0.28398204579604 -1.82313436177338 -38.7334664229334 -25.9551312178834 20.6531422277825 -4.74131007305647 3.61522185642401 0.76238828009736 -2.80686925873043 -0.66425867657234
56840.607775 0.945683842634654 0.783510297248204 0.084287940452729 1.31625978456313 1.02013092881927 -9.69098 2.983691588 0.654691233789279 -1.44562891673135 6.71710913406274 -0.902607408108658 49.4890513330335 0.43258159630977 -0.88131293504169 0.34412739116562 -1.66757683508522 114.463226341474 27.9153516692273 -6.81347977550802 -2.23556923388095 4.9700384614974 -2.80037744754467 0.934534363630835 -1.9609214816531
56842.505245 5.68428577774757 0.914584096320223 0.116825345174337 1.31663991588736 1.02612420783442 -6.63567 2.977040677 0.588258203277523 0.730611751946286 35.5996956055254 -2.37934745907142 101.842069023223 22.1165581862495 1.09352094529465 -0.98901965542534 -2.64824815855753 208.085194076376 3.8244487102778 26.1891674424451 -1.49138083940617 1.49004809346273 -1.52802274471796 -0.46102562147596 -2.04057013444899
56857.575771 4.89963040145364 1.06406486067123 0.119370734864318 1.3390594402814 1.02086582590222 -5.8972 2.981560498 0.540145212025764 -2.08441927038892 4.73175560539582 -1.99929778007948 26.3465696224015 4.96830595128757 -5.14326256312816 2.51342954658576 -5.00615704194425 75.1777140372916 -19.0204130071277 13.0215617828127 -9.78635405347207 3.16521747324445 0.46108812999979 -4.85758050073433 1.52246338615247
56858.59116 4.1850481907661 0.716266593320748 0.0989699103595412 1.32394002074647 1.02109646433629 -6.11423 2.981198642 0.683092022979148 -0.670395243577495 -1.93873048961955 -1.03119017002224 31.9327157629072 -7.32676977349907 1.59841221835135 -1.47304550038109 -0.00616337292949032 -9.9484978376576 46.1623893220355 -18.0383614587167 3.23496531691146 2.4635392685843 -1.91932250110551 -4.41878311077418 4.76200328663755
56862.639442 5.26474317084306 1.31093986369 0.0203214478597682 1.26853266068148 0.98626725147963 -9.10028 2.978328126 0.556562542574632 -1.54682618293899 23.6006751221256 -4.15815593847576 -232.887708151549 53.2288674841011 5.7486921491478 -8.10279575011064 3.87107206382016 -517.243914475669 46.1980698609952 35.0201905022797 13.1614238422055 0.9596823184927 -6.54530906076554 0.43297566574503 0.170677392479741
56863.567436 0.702855765466195 0.801870527106966 0.103498221181595 1.32097678274076 1.03220790419088 -5.90238 2.980146048 0.585836573336926 -1.54682618293899 -1.54682618293899 -3.30674424139907 -16.7474871292301 2.15982509189517 -2.13396797145124 -1.27048019072764 -2.41968754666492 -17.35022543048 5.15448804682727 0.51215400434006 -3.19122767117966 -0.00677857303185991 -3.37806376417577 3.05761655069069 -3.39601429872606
56864.560703 -3.95390123897194 0.770988070414249 0.0903701836675093 1.32448443219424 1.02632627764561 -10.39223 2.982944554 0.598319153003746 0.641351202127347 1.62637893880554 -2.95180176516186 24.5753696919748 1.10809605815345 -3.80192086726919 -3.11571811618742 2.0581186382039 -19.2925260612185 22.4195764900817 -0.42436041215225 -5.29347335190313 2.26644321708993 -5.59380278851786 2.47971666097579 1.16237922631734
56867.615838 2.81809005592643 0.931680846730848 0.113510643351219 1.3022140412307 1.02910385649373 -6.33412 2.980048867 0.56208610071313 0.308451768439235 -14.0279795450908 1.96445951087277 20.023498081245 -21.2455966346158 6.45370100685309 2.95038089877251 -4.24802798202878 -113.713130004129 -8.90824181065149 -9.45245062441415 -1.68831355656687 7.36286140214174 0.91643670417287 -3.34430225903334 0.19088989281904
56871.640488 3.9365240657431 0.954866703343192 0.103065123081494 1.31603218587266 1.02065754746691 -7.37951 2.975950951 0.576174073013328 -0.799708114819444 1.1842215393997 -0.31927589981599 23.6674199638873 -2.29787413224902 0.78321793859108 -0.961564854390899 0.69997389425497 16.5776831584813 -6.12248094410595 5.03694517855952 -6.9696331471997 5.91175704351598 -2.31180063268166 -3.17535149777949 4.52997326121809
56872.55659 3.97890542878538 0.887550308275344 0.109855656380206 1.32221031088723 1.03057678609553 -9.39002 2.984075342 0.512681540475748 0.0115954700853612 18.8078900953993 -1.24289905453912 -5.1133954483514 16.7211142779353 3.73507886592874 -4.83792642913921 4.19152283397105 77.9095943060359 -13.6114384897229 17.5413993930161 0.05643740071319 3.19469072720982 -5.31179031677591 1.87415599784376 2.26440990804991
56920.501178 1.22780207631754 1.14877365865988 0.104556206317547 1.32296640397182 1.01209703081802 -8.72302 2.975877557 0.596547976511267 1.47849369393325 8.18941219001288 -2.38290657295361 27.5893129338084 4.48058023704933 -0.0202996064107999 -3.50691011622129 1.72313315378947 59.193594635883 -87.947400325255 28.9168014257216 -2.97462522564868 2.35618393345108 -3.98913734937898 2.19732583836565 -1.45820386332639
56921.493865 -0.697917842261821 0.811691473124009 0.10644086338557 1.33606124420812 1.03339216769055 -10.72814 2.9831952 0.628459669113367 -1.5732549608167 -1.5732549608167 -0.13281491703695 13.8570622275758 -5.31559270295276 2.62059658786501 -0.505196898207192 -0.569514245267439 -91.7713884838351 28.8936198617712 -8.69896832219589 2.31358009806102 2.35314752057729 -1.70705571564645 0.752446122907059 -0.944055533122522
56922.518736 -1.98266883283338 0.687051090808652 0.111104353058282 1.33647767082192 1.02720016563074 -7.45839 2.975537835 0.622273643454735 5.71578843799775 5.71578843799775 -1.39391330053953 45.1764695853687 0.77784366464966 -0.9936656084542 -2.62437069137866 2.62478317831069 91.5344638259738 4.67793255006339 4.71053635916336 -5.29571184678792 1.9283441112501 -2.25018500119258 -0.14981188123245 1.64032693938133
56923.505383 -0.508959477714715 1.19496311492927 0.109650065990702 1.32444845388676 1.00389089770184 -9.19636 2.977707427 0.625758577540446 5.71578843799775 -23.1502016487169 1.87832695229687 -95.0616144290741 -15.2682359061339 6.52508508450364 2.28339105827368 -2.97151366333916 -432.766204061945 78.2045496276902 -20.5509968827964 1.02541772272239 3.39322947659339 2.00512299540535 -0.550701136994 -2.61537509578222
56924.492563 -1.74549568757416 0.924546026367901 0.106894778368947 1.3160013695929 1.0086655290628 -6.10445 2.97837858 0.736214657758269 5.71578843799775 -9.40552025113935 0.32594982189807 14.0736607401606 -11.7760393969233 0.86155699497825 -0.0935256507353299 0.31658925970415 9.28309891147369 19.8981539169279 -16.2346120627206 -0.85872367075672 4.29878684895327 -2.02993068509373 0.37523667572398 0.18300697651621
56925.49296 2.20819783798378 0.796420918012662 0.0938776403112596 1.3344654417185 1.02732525289685 -6.98647 2.971646109 0.676282982416475 0.914320716002997 -7.01350211999794 1.51822178799102 18.8856796597032 -11.7226716682155 3.27303471853685 -2.30500249920567 4.91425997981321 -23.9833632631412 24.1230103862216 -15.7813795611189 5.49339416968471 -2.21758019728688 -1.0922784291993 3.73725907841243 0.70584547355271
56926.4833 2.5115192046117 0.77997685371172 0.0904196049332719 1.33227979836647 1.0312307289924 -9.55068 2.976369601 0.614705985368352 0.914320716002997 0.914320716002997 1.31987022639734 12.9565093289434 -0.97969166643571 0.36788212117008 -0.125813515241 2.23116862732088 -76.1632872989755 2.42326480667324 1.69079339020846 1.6146111924041 0.15736810816909 -0.08910146808046 -0.51929242800747 3.04756285562338
56928.490972 2.15377395663261 0.801562087634325 0.10462313288782 1.30942680105864 1.01769873570066 -9.54109 2.973067353 0.615289451471702 2.81884142824837 19.0068064346866 -2.23899000168142 104.420457851682 5.34963516486823 1.70717383083515 -1.20732224853811 -2.43507642080376 110.048271379239 34.7799366670453 6.36552739441688 -2.23950670346149 3.00141618460859 -2.18581166656731 -0.89744264287649 -1.23707387936338
56931.482568 0.769581495395198 0.71819449494891 0.102399157833791 1.32005983533914 1.01751094421592 -7.48084 2.975832814 0.571483982977509 1.92089115039857 -5.24035938259832 1.06463546860754 16.1703834267302 -10.6338263315803 4.78900936534428 0.26084580052065 -0.853486760333477 -6.50511996312727 2.31852650692458 -9.4984789558657 2.898533449508 2.8063365014459 -1.61092208312524 4.14936728631123 -4.26893256143841
56932.50011 1.78501939054673 0.975578252429124 0.0994581012721201 1.29795584986097 1.0168473692538 -12.67168 2.979169061 0.579899232707724 1.38658048250316 4.40342839413482 1.40528011402501 -14.1546020143189 6.58234544127026 -0.583269880372213 2.60352149202967 -1.65545799341092 59.8746638773513 -13.8891795306693 7.696362339207 -6.41491201093801 6.1204951711281 1.03971196281647 0.186706372422029 -3.65341291914628
57061.879249 0.451605177030926 0.737214815436767 0.114410952997559 1.31069255102306 0.998519699508197 -7.36583 2.974382528 0.687618267806771 -0.499703323802269 -15.2621911093142 -0.876739701095965 -54.0652878831909 -9.48138986611581 2.00264660060417 -1.50507276038643 0.16577327112388 -132.53371158659 -21.46268682694 -1.91222425141495 -3.32132883987365 2.35862470307054 -1.54311421018968 -1.98698151734297 2.91508900707132
57062.874065 1.51352682230273 0.677834863589034 0.121242579913581 1.31760838752195 1.00718191945492 -9.3714 2.97313536 0.646403562910191 -0.499703323802269 -3.12344955884993 -1.50410729790416 20.9986379271238 -6.39750688706563 0.76089907877934 -1.99786039652656 0.496223516512991 20.3810792109962 15.4452238923199 -8.74815748648769 0.63263039664981 0.0616285456178902 -2.78484438135833 3.53491109322369 -2.81204531134704
57079.861021 -0.43596997459968 0.852275853080659 0.113385088330565 1.3232015496377 1.02456629006208 -4.06296 2.992421992 0.637053100740149 -1.12560045192838 -1.12560045192838 -3.38751551665336 0.4012622103202 -2.62218355953485 1.98563506574103 -5.4211317234646 2.44643601949599 64.6848206576572 -17.625347243924 -1.48408031097949 1.0169574865817 3.0671445997989 -6.85533058087952 1.59397661379822 1.37541562661634
57082.873588 2.43099795617481 0.698678385363427 0.114059237329052 1.33073965052959 1.01662134822422 -9.04106 2.9805549 0.637434741803059 3.71666099013799 3.71666099013799 -1.31089997515211 -30.1387327748334 6.87145537160947 1.32242770851219 -0.34795890030097 -2.2983531529117 -94.08616732855 10.5444913838084 1.305344298126 4.5537256185999 -1.05363329055912 0.75579871560462 -2.66394577203588 -0.84768326918758
57100.871196 -0.482558642576456 0.889484552987664 0.114059237329052 1.33073965052959 1.01662134822422 -8.51015 2.986508651 0.588174243890829 2.42241139162054 7.35431109250843 0.485857815919013 -42.6020288676683 13.7208188966249 -0.531122689080435 0.823224575424286 -0.315316315807763 -29.8118797881179 -33.8373440663462 18.0514603535972 -1.71063806615634 3.16154806951714 0.655159119038676 -0.896877459796603 -1.74784381430317
57101.845557 0.337914000175889 0.717295612191533 0.114059237329052 1.33073965052959 1.01662134822422 -7.88276 2.98168216 0.634769959919071 2.42241139162054 -6.91950247743268 1.0465347303268 -45.1136040555272 -2.01794665877826 1.91618354271427 2.79397904260536 -3.89561175750873 -94.5325536704956 7.81850766688355 -7.10685843986847 2.30778069015361 0.518815243393356 3.02488117018859 -5.10349602206758 2.03051539715093
57102.902853 1.38142927831181 0.891368526773271 0.114059237329052 1.33073965052959 1.01662134822422 -8.54635 2.993965492 0.613095610089875 -0.534775804630971 7.42752108827684 0.18734061127192 -30.9586126135512 11.6713195008529 0.11862267633251 0.92500959046416 -1.26077253327435 -89.1988759947293 -8.96026814743811 16.5549790964085 -1.02572194135739 -2.83523449166086 1.37251841175173 1.2269530814286 -0.99532487860671
57114.87797 -4.29565617754369 0.808231146948801 0.114059237329052 1.33073965052959 1.01662134822422 -9.69023 2.988140042 0.58486097625925 -2.3249411903495 11.2551682561643 1.73434675138278 -6.2931463920638 10.6644646587615 2.04114301061829 -0.0663463044601205 2.07655042830314 -51.3838332934884 0.6134988569037 9.94255789255715 3.56251296898198 1.25554375242612 -0.309023392212699 -1.913576629017 4.71417051617091
57115.901283 -2.0492505256047 1.01507336535869 0.114059237329052 1.33073965052959 1.01662134822422 -7.30734 2.989745647 0.534257796134732 -0.69405477517982 -6.00150514864256 0.61454816139937 -117.321366572762 16.0961265446174 -6.23466679856587 1.7860922108873 0.76316401400522 -183.055731424163 -15.0345745070114 7.76947956754249 5.35767943847648 -8.35882487648628 3.33299099469916 -1.61382417944636 3.57022348702901
57116.796448 -1.08961595560094 0.776461320757984 0.114059237329052 1.33073965052959 1.01662134822422 -11.02545 2.97974864 0.586879976831195 -2.29201699845767 -19.7461223233012 -0.487841175961509 -56.5758240725132 -9.00179943428815 -4.40818855726004 -0.30328048960549 1.75097984903001 -45.4611295143258 6.9435580689459 -13.1695072439483 -5.6146652820683 -3.61101566276494 0.38899429059628 1.76284769888726 1.10908617150085
57136.803148 -0.366321927065287 0.738244881506437 0.114059237329052 1.33073965052959 1.01662134822422 -8.88703 2.986822077 0.639859715215625 -2.71234238109731 8.73888319554499 0.992663052192412 -38.4566429858637 16.3156993261448 -3.35100310009155 0.22482971078432 2.89260641618576 -51.6169820849299 -4.24775505263556 16.520550155513 -5.10432266185264 -0.15796347093394 -0.56325438178085 0.10130397602043 4.99380448173341
57140.817332 4.11819530301484 0.671954201305316 0.114059237329052 1.33073965052959 1.01662134822422 -8.37717 2.98352839 0.615779180085715 -2.71234238109731 -2.71234238109731 -1.48559469464725 -21.9949307066356 -0.45973740713381 0.86134458912003 -0.88469150593156 -1.47686225471691 -12.2200245959481 -19.7735019464069 1.9114177503469 1.89252760403748 -0.790201349447 -1.16913657809767 -1.56299915418182 1.92082259688982
57142.797626 -0.282667825275776 0.628280878097471 0.114059237329052 1.33073965052959 1.01662134822422 -7.63309 2.987611826 0.630623103417008 -0.28590171731582 -7.10902388508118 0.563247406535992 -25.2383993319917 -4.5900105726211 1.46784580856818 0.590505999233859 -0.837351780720772 -52.7427025012808 4.41985758371988 -3.56441456338848 -5.52326452370813 4.16777670483601 -0.422433165552909 -0.924951377241475 0.769701786848644
57143.79787 -0.876893920487249 0.689709435899343 0.114059237329052 1.33073965052959 1.01662134822422 -8.01656 2.985594972 0.635661960665272 1.342611783852 8.15816622356857 0.941831550411812 -14.3816058147846 10.5758413420299 -0.73676272006294 2.84677864407672 -3.00321055590501 -4.35732432694347 5.46125695093085 5.25684967830414 2.22479083200362 -0.630046762468621 3.11164065181614 -2.63689116537399 -0.901428589698405
57144.713698 2.3593529215802 1.03891808775007 0.114059237329052 1.33073965052959 1.01662134822422 -13.73732 2.984844761 0.609316817757397 1.342611783852 -13.1681245555114 -0.88395671112489 -40.8164893204878 -8.35427952670529 0.80079546660109 1.31979598006509 -3.77642766172646 -149.945324329406 21.6825912971517 -9.6743166426107 -2.58730142354614 1.23229851151168 1.01499373821328 -4.92045308105945 2.72084903341187
57145.833574 3.6023849393108 1.09582784828289 0.114059237329052 1.33073965052959 1.01662134822422 -7.85971 2.982478508 0.520678260152586 -0.679047294417209 -5.72234766903063 -3.87814736763305 47.0626717918995 -9.01998138073691 -3.85595615961353 -2.92448944388888 -0.0257184079790198 -38.9602431456154 71.9388388371479 -27.0114050001209 3.55897560290148 2.99006042448269 -6.7325178095139 -0.991709832778346 3.26449611581382
