Time RV eRV
2451655.72529      1.79   1.13
2451655.72921      0.05   1.22
2451655.73309     -1.26   1.17
2451681.80795      0.89   1.06
2451681.81196     -0.73   0.98
2451681.81573      2.28   1.29
2451688.66317     -1.28   0.91
2451688.66714     -0.42   0.90
2451688.67106      0.14   0.88
2451707.67233     -1.03   0.88
2451707.68185     -0.29   0.80
2451707.68578     -1.54   0.82
2451737.69886     -5.24   1.02
2451737.70276     -5.15   1.14
2451737.70660     -4.52   1.18
2451740.67769     -1.60   0.87
2451740.68155     -1.04   0.80
2451740.68549     -1.61   0.82
2451761.59655      0.50   0.91
2451761.60050     -0.57   0.80
2451761.60443      0.79   0.84
2451801.55320     -0.19   0.98
2451801.55715      0.03   1.02
2451801.56062     -1.07   1.53
2451802.54067      0.36   0.87
2451802.54468     -0.46   0.94
2451802.54843      0.44   0.96
2451818.53020     -1.69   0.82
2451818.53411     -1.66   0.79
2451818.53803     -2.77   0.86
2451946.89728      0.16   1.26
2451946.90122     -0.48   1.16
2451946.90512      0.55   1.20
2451975.90765      0.44   0.92
2451975.91157      0.36   0.86
2451975.91550      1.07   0.86
2452118.53856     -0.14   1.02
2452118.54204     -1.28   0.93
2452118.54553      0.39   0.99
2452119.51820      1.14   1.03
2452119.52162      0.76   0.98
2452119.52519      0.10   0.88
2452120.51797      1.98   0.96
2452120.52142      1.96   0.93
2452120.52498      0.56   1.00
2452121.52311      1.74   0.94
2452121.52662      1.51   1.05
2452121.53012      3.51   0.93
2452122.52367     -1.54   0.93
2452122.52713     -1.45   1.04
2452122.53065     -0.50   0.97
2452123.53540     -0.10   1.01
2452123.53891      1.21   0.86
2452123.54236     -0.41   0.95
2452124.52860      0.34   0.89
2452124.53203     -1.30   0.94
2452124.53562     -1.32   0.92
2452125.52336     -1.02   0.87
2452125.52684      1.08   0.91
2452125.53031     -1.10   0.83
2452126.52804     -0.29   1.02
2452126.53152     -1.85   0.98
2452126.53510     -0.79   0.84
2452127.52300      1.04   0.89
2452127.52655      0.72   0.95
2452127.53007      1.33   0.84
2452128.52911      1.59   1.06
2452128.53260     -1.08   1.03
2452128.53609      2.02   1.00
2452129.53706     -0.16   0.84
2452129.54053      1.14   0.93
2452129.54402      0.42   0.84
2452130.53969      2.15   0.87
2452130.54322      2.97   0.90
2452130.54672      3.27   0.87
2452131.52388      1.27   0.89
2452131.52741      2.22   0.90
2452131.53087      1.07   0.97
2452134.54076      0.21   0.94
2452134.54436      2.47   0.88
2452134.54780      0.46   0.96
2452135.55738     -1.10   0.95
2452135.56103      1.19   1.02
2452135.56445     -0.58   1.02
2452340.83342     -0.22   1.01
2452340.83731      2.53   1.04
2452340.84113      1.41   1.05
2452341.84974      0.43   0.95
2452341.85348     -0.72   1.01
2452341.85759     -1.13   1.06
2452366.87559      1.56   0.96
2452366.87953      2.52   0.89
2452366.88338      1.49   0.83
2452424.76525     -3.07   0.85
2452424.76905     -0.09   0.92
2452424.77282      0.18   0.96
2452438.64147     -4.40   0.94
2452438.64530     -1.16   1.03
2452438.64903     -1.78   0.93
2452466.69582     -1.59   1.03
2452466.69976      0.60   1.00
2452466.70356      0.42   1.11
2452478.68958     -1.01   0.96
2452478.69341     -0.63   0.89
2452478.69718      1.38   0.99
2452492.56711      4.33   0.94
2452492.57088      5.26   0.91
2452492.57471      5.50   0.98
2452496.47103      7.08   0.83
2452496.47482      6.78   0.86
2452496.47870      6.67   0.87
2452497.46462      5.95   1.01
2452497.46839      3.76   0.95
2452497.47214      5.62   1.01
2452498.47004      5.62   1.07
2452498.47403      6.27   0.94
2452498.47776      5.73   0.92
2452499.49384      5.58   0.80
2452499.49762      6.04   0.83
2452499.50143      7.69   0.84
2452501.48483      2.92   0.89
2452501.48863      0.47   0.87
2452501.49248      2.32   0.83
2452502.48636      2.72   1.06
2452502.49452      4.85   1.07
2452502.49826      2.36   1.00
2452535.55290     -0.21   0.86
2452535.55674     -0.36   0.83
2452535.56053      0.22   0.80
2452536.49987     -1.67   0.99
2452536.50366     -0.27   1.03
2452536.50743      0.61   1.03
2452538.53350     -2.21   0.90
2452538.53732     -0.93   0.88
2452538.54108     -1.37   0.86
2452539.51134      1.18   0.83
2452539.51509      0.49   0.85
2452539.51888     -1.60   0.79
2452540.50860     -0.24   0.91
2452540.51233      0.49   0.86
2452540.51620      0.47   0.91
2452687.87473     -4.98   1.02
2452687.87896     -3.20   1.07
2452687.88292     -2.76   1.04
2452687.88680     -1.75   1.00
2452709.88046      0.56   0.98
2452709.88419      0.57   1.03
2452709.88793      1.40   0.90
2452743.88736      1.56   0.97
2452743.89108      3.49   0.91
2452743.89479      1.08   0.94
2452763.89349      3.19   0.99
2452763.89705      4.22   1.16
2452763.90103      2.63   1.11
2452804.66115     -2.21   0.89
2452804.66483     -0.10   0.91
2452804.66868     -0.36   0.94
2452839.58427      1.09   1.03
2452839.58794      2.52   0.94
2452839.59174      3.23   1.05
2453070.88331     -0.46   0.84
2453070.88719     -1.59   0.85
2453070.89116      0.60   0.92
2453082.88700     -5.52   0.85
2453082.89090     -5.88   0.83
2453082.89481     -4.83   0.86
2453088.88186     -7.86   0.83
2453088.88580     -5.88   0.78
2453088.88971     -8.17   0.91
2453099.86131     -1.68   0.85
2453099.86521     -0.20   0.93
2453099.86908     -0.09   0.92
2453125.87877     -1.74   1.06
2453125.88267     -2.37   1.01
2453125.88656     -3.43   1.19
2453165.78051     -0.60   0.94
2453165.78450     -0.46   1.09
2453165.78819     -0.03   0.93
2453191.64340     -5.89   0.85
2453191.64730     -6.16   0.93
2453191.65119     -5.61   0.82
2453277.53227      0.87   0.81
2453277.53617      2.14   0.85
2453277.54017      2.13   0.91
2453430.86182      0.65   1.01
2453430.86571      0.69   1.01
2453430.86961      0.70   0.99
2453445.89056     -3.57   0.90
2453445.89445     -2.51   0.92
2453445.89834     -1.27   0.88
2453446.82094     -4.55   1.05
2453446.82482     -5.25   0.97
2453446.82868     -4.68   1.00
2453483.86019     -1.11   0.85
2453483.86759     -1.13   0.82
2453483.87500     -0.38   0.80
2453505.85941     -0.05   1.19
2453505.86340     -2.31   1.22
2453505.86719      2.32   0.99
2453520.67681      0.00   3.18
2453520.68081     -5.84   2.03
2453520.68460     -1.86   1.67
2453533.69441     -2.20   1.06
2453533.69815     -1.72   1.10
2453533.70212     -3.71   0.96
2453549.73320     -0.46   0.91
2453549.73716     -1.10   0.97
2453549.74100     -0.88   0.93
2453622.49141      2.36   0.85
2453622.49532      2.45   0.81
2453622.49919      0.10   0.92
2453658.50631     -2.01   1.01
2453658.51028     -2.64   1.07
2453658.51416     -2.97   1.12
2453813.83940     -5.19   0.91
2453813.84357     -3.52   0.86
2453813.84768     -3.98   0.88
2453991.50268     -0.43   1.24
2453991.50673      0.74   1.15
2453991.51060      1.75   1.18
2454012.55419      1.69   0.93
2454012.55814      1.90   0.96
2454012.56204     -0.44   0.93
2454013.50699      0.50   0.83
2454013.51094      1.91   0.90
2454013.51480      1.78   0.82
