Time RV eRV BIS FWHM S-index C3AP2-1 3AP2-1 3AP3-2 6AP2-1 6AP3-2 6AP4-3 6AP5-4 6AP6-5 9AP2-1 9AP3-2 9AP4-3 9AP5-4 9AP6-5 9AP7-6 9AP8-7 9AP9-8
52945.643308 -12.3358811153103 1.01134693896115 2.652556 6.524009976 0.16262877219803 -1.36278402362532 -3.2448761302165 4.22967675579453 3.88939302197181 -4.07457732388961 0.130787522177199 1.8310323426279 5.34399413719919 -6.39663897906984 0.591431736518501 -4.9388727886973 2.5188526740875 0.6996288212318 1.0266914660929 -1.8184661715081 12.8017849662024
53000.620997 -13.7915189061424 0.513789525235958 8.379879 6.519269903 0.167191195215109 -2.92874480575267 -1.9586179164953 1.6363455458443 -0.1523754420865 -2.4349515435273 1.0869368241872 0.1696494582394 2.0915022138144 -15.3991353635645 3.1697235174671 -1.079621510575 -2.3398562525037 1.8029812438802 0.254648855161399 2.4989652505914 -1.7061389120581
53287.704134 3.18340026442955 0.553842875182008 10.431105 6.537128234 0.174871884034323 -0.593060571228276 -1.21777618196225 0.70721879581533 -1.3852864051414 0.12879498395475 -2.13562655789119 0.8149705643197 2.23764536974649 -1.82283995457486 0.75254201162622 -1.04610509424319 0.47999651760742 -2.14711973782646 0.17874488871229 2.71374530311823 1.51755782080973
53289.716446 3.03840484600747 0.386163209643815 10.047546 6.53208744 0.176927165094828 -0.247653261632844 -0.38579270926167 1.70761964965482 -0.94605398096498 -1.0282117181781 1.87053132068858 0.0989902034336203 1.41866738341815 0.64680300784272 -1.03955107335437 -1.45297873224377 2.53186377462609 -0.37010821209556 1.46205923302632 -2.22399423204356 3.4459850606008
53294.703852 3.9028386696799 0.560456585173745 7.243104 6.53348234 0.16720965105788 0.274071320619531 -1.65892202002548 0.96950433847683 1.43655192523935 -2.34834511888571 0.77050977202336 0.24506511820971 0.74417647392985 -0.20038072274311 0.43801712362907 -1.52120882982946 -0.59724331106346 0.24365626773955 0.36730531276087 1.30139570872345 -0.27801326349513
53307.653449 3.96253703888445 0.453863716364137 7.797645 6.529419886 0.168918798698762 0.156364960743466 0.628956407684969 -1.58530497771565 1.55690541601505 -0.25777124145879 1.10435557786589 -2.63438141338328 1.08035540634904 8.51836536716768 -2.13540130004662 1.48238635342748 -1.43472497697615 0.79675049232569 -2.3204791869885 0.74670575771816 1.38820793272803
53573.928181 1.85136318900831 0.571415389326645 17.978627 6.55840041 0.206049336715078 -0.685168183622856 -1.17304574392099 -1.44609254219756 -0.89963867988423 0.0882628905455802 -2.21041782812652 1.047235625659 -3.09914783026389 -0.41589606435415 0.81794042604199 -0.12245490334421 -0.93248719128618 -2.5011491992751 2.8593391493064 -3.60824969555254 -1.22126678586516
53575.883741 -1.43903095683819 0.456724569578865 17.622377 6.555780358 0.203634202330266 -0.350256780172171 -0.633941010513474 -2.24007229127864 1.85719411887448 -1.1001351647499 0.0521088186984999 -1.36815441483781 -2.10522110314248 -0.682640301298233 1.62640649752756 -1.64025350643019 0.35998210856474 0.447725705455062 -0.832275992640612 -4.52112538331829 2.65604056484973
53668.65336 1.97866199867087 0.447017332472671 18.461474 6.562474727 0.210990766745964 1.76513555235985 2.68690618823766 -3.6593970821306 3.08771020867688 2.50883442293569 -1.14940789295058 -1.3979828853749 -3.88013032634774 15.2276749197838 -4.75913280911882 3.3259083278179 0.74651785098797 -1.22640493205585 -1.64757866077388 -1.96820772260707 -1.71158599173469
53672.718557 2.3068738174013 0.376521032022137 15.559814 6.553545394 0.202503233562845 0.152712975978416 -0.51167761344162 0.64759958381739 -2.70552046023517 -0.73422412809756 1.77701314499069 1.25771039389676 -3.60725860536943 -1.52168179169045 -1.42931130383828 -0.69294839292925 0.1526679198033 2.71519523191464 -0.26411154121529 -1.55708406020224 -0.89383827004304
53675.722697 3.60115258866793 0.391711477211174 16.857167 6.550031925 0.20441911436524 1.59319890616877 -1.22284148678704 0.91040068192651 0.303024993419299 -1.38736397957749 0.19188166576018 2.93988489709978 -5.12796386022375 5.6108551438362 -3.56035829747201 -0.8327724387619 1.09609202396947 -0.1386863213249 2.78758442329472 -2.10285235801218 -5.25991851594997
53694.587105 7.63884977638657 0.635221001463753 19.87512 6.569115081 0.213266361636475 0.870640385208853 0.98065124547065 0.64910413937424 -2.76322329719067 0.88268611716671 1.45994261299936 2.50283233201992 -6.02310919108235 0.567835873864709 -2.58255754358277 -0.41712810242076 4.89873960852562 -2.2194012645963 2.3005380130517 -0.85884880425929 -6.6365356950725
53694.590531 6.22772350974843 0.631973395361862 19.329661 6.567923347 0.215168912243101 0.822517701112131 0.822517701112131 -0.7748411437172 1.5106003966029 0.383834384440511 0.218031907580549 1.23347500075437 -4.91366576540329 -1.72978550766995 2.62245099796175 -0.8140247520761 2.12117803422089 -2.20033122074264 1.99644942973652 0.993810735823121 -11.9365262469604
53694.594119 7.24991362123329 0.651063630143169 25.971298 6.567618671 0.214815427484463 1.25629239019618 -1.04017889585532 -1.02047644057353 -0.335610051443512 -0.922207484825719 -0.0936979821018697 1.95578519301507 -6.7699293265666 3.09909191525185 -0.846868286167059 -1.44848283143776 1.90226140557063 -2.19788921566705 1.92955895640245 -3.00562617604788 -2.29206371689972
53722.585209 21.3817500258821 0.408754494376964 20.062235 6.586668948 0.2337124891507 1.68128119143395 0.0824339878351026 -3.9555592436165 -1.3380649579597 -0.2300291764778 1.3712246536939 -2.9126472537048 -4.1727490474356 10.3143343049358 -2.5518500619353 -0.318172174098297 -0.169556167113701 2.1855614054316 -3.4746064747941 -3.8514589767652 0.529115395212397
53759.529396 15.3332704437829 0.40544893431654 22.036359 6.576580665 0.231342451445681 0.808666095017196 1.4207941628623 -2.2413587885005 0.825220556044799 2.0945958993318 -1.8722249825272 0.7721572435754 -4.6655081399873 5.88235502028972 -0.576786959316101 1.4493764576079 0.6787241308432 -2.5021503661469 1.1829475298529 -1.2791784069714 -5.81248685677999
53763.532279 10.9895945096301 0.359766773959989 20.382064 6.559130501 0.217853633378032 0.590874555147423 0.894915456432701 -1.94529731356204 0.8413471988901 0.626622777863799 0.1281070755672 -1.034101513313 -2.23717653754993 7.42078502032669 -1.4506630144964 0.997599003858801 -0.5001208538193 0.488205580897001 -1.2190310087914 -1.01789036219128 -1.55771744279248
53944.904739 13.1908242822666 0.501495694412493 17.867732 6.562428057 0.20609186541012 1.05657180284175 1.4418575506295 -0.540083057471001 -1.2634117962434 1.7929578868779 -0.0955125439006004 0.8475355969289 -3.1631122568033 -7.4021925741765 1.2280873909748 0.103210109742401 3.3181541539907 -2.0642089695483 1.6176844273129 -3.1970921268353 -1.1870587967968
53948.919533 16.8550870967412 0.747406093291307 11.167046 6.568091194 0.216360317388407 0.575945923782258 2.7677216495814 -3.4461199893137 -0.1752299828033 2.5865146179965 0.4528193628271 -3.0605490501431 -1.4110781556672 8.92758268303931 2.4801095626425 0.840717039982497 0.389398741807302 -0.088292399309001 -1.0221015320566 -5.3537437431372 1.9460906806814
53950.911156 23.8665798488505 0.430195723794925 14.35927 6.570807825 0.218609828688515 0.944986103342069 1.5874274489675 -2.5096940549654 0.1885401640879 2.124476606242 -1.250191473839 -1.4359100118856 -0.972994890517899 3.7531917135881 0.3498944429783 1.6516979700117 -0.381656695014797 -1.1659942714968 -0.961380712957503 -1.5631550261687 1.1461519575224
53974.806518 13.5169075701889 0.495976151413407 18.840503 6.563352196 0.205107052258429 0.66602385443771 -0.0339407405854004 -3.3870873993143 -3.3808656572477 1.052536713369 -0.625716075219101 -1.5613882775691 -3.46699513690588 -8.3112250092268 -0.2935757159881 1.1417301424696 0.6021357583368 -2.3315476519368 0.0309868108046008 -1.5168088219464 -5.52275654101532
53982.841363 14.136743937391 0.372771600948506 12.615457 6.560481072 0.213295926771734 0.507772594408694 -0.405222391740299 -1.7758896029455 -0.8886582486516 0.352107012983799 -1.1117339627355 -0.9518799994384 -0.5775204539071 3.397696569318 -2.4708553214646 0.8753277139728 -0.4544353119355 -0.724944371758699 -0.425720302264899 -0.887198220073801 -0.962707326975201
54047.581216 15.9480273151722 0.42811999206394 16.676069 6.571501738 0.225433025135864 0.342970370937594 -0.336162148431498 -1.532312967821 -1.4205554551346 0.136656595576 -0.264971345928402 -0.615832112570398 -1.834330688758 6.3123467022525 -2.3564935411136 0.574765837034001 -0.112918082921198 -1.325983166561 -0.4083811795223 0.159109996914101 -1.1122597332338
54049.599087 17.4861878998798 0.473874346350877 23.645171 6.575616919 0.219380791663444 0.984870615821674 1.2495019267752 -2.7836572935348 -2.3959547993855 2.1926779455681 -0.785527332648599 -1.0986555584933 -3.0003573895504 -0.3329907286615 -1.9547990756146 3.2118556783307 -1.1882856446915 -1.1144753004964 -0.828077611536397 -0.664671371431501 -1.7966166349571
54051.627709 14.2350582927875 0.541345679789199 25.900572 6.574960213 0.220212362484759 0.574427840272846 -0.508264039026299 -3.6376844821335 -4.7636621897249 1.8798589123284 -2.725368764658 -0.742545748393201 -3.45535902733821 -8.2356381283835 0.0169306267031004 1.4756413537711 -1.3042434220498 -1.5966724351258 -0.987449830232499 -2.1094375184086 0.3676769499322
54053.67721 10.1091967328562 0.44594667082133 23.813932 6.566182093 0.212493048530289 0.837261438041677 -1.9645395329515 -2.45905958290985 0.1573409159717 -3.57441690315202 3.26086106554802 -0.4928296512599 -8.66454998276307 -2.1096204370601 0.104742807587799 -2.69397564006995 0.75655457860115 1.2935649062295 0.00678744540710063 -6.06800071504158 -1.9459110889344
54076.671694 2.02977472353552 0.491720009980647 14.155465 6.555786475 0.19953890393925 1.35299598846718 1.71415483253563 -0.60470029630425 -2.76633415492452 1.73660519428626 1.25882379104012 -0.63290337428872 -1.42758169849461 -2.14151541851252 -0.048552017193159 1.84423107927051 -0.75749936171696 1.76952679792284 -1.18165206647617 -1.01850290488961 0.89674216831582
54077.607069 4.51439721538809 0.371824973141369 14.152968 6.558023186 0.202839888137479 -0.0486878742016796 0.668054321738871 -0.0123749025494408 1.65488481037151 -0.77045372714217 2.18838184093692 1.79631165113898 -7.00657888891712 7.47649529600282 0.92413977584426 -2.17062668281866 2.46842919659761 0.58005000953748 1.71758262213246 -4.33449939589021 -3.68603857697034
54079.613707 6.55000809975177 0.461495976068681 14.873852 6.561815481 0.205448359630341 1.86212711677173 0.47956846026988 -1.46178522036649 2.42393887166321 -0.15496683170825 0.12400402419055 1.28498257835046 -6.61385115556527 4.91849782845846 1.75620187531822 -0.35272799991022 -1.09672538358805 1.02262973671564 0.49336943856362 -3.81081937738997 -1.03718527832398
54083.61658 10.4415980084353 0.548035213503495 19.098185 6.566964995 0.210167723477716 0.59644612436132 0.320884879176601 -2.12728609026293 0.9002525434872 -0.623729400749699 1.5337104014532 0.0906177012056002 -6.99934450093432 7.51838163321615 2.70998346202854 -1.9358853952453 0.524786144161901 0.5865318980374 0.179153812989799 -2.98978193180439 -5.89153910959327
54121.532416 6.21771823667035 0.579880363216841 14.646351 6.560748663 0.204125459817645 0.28413099535764 -0.64727100293274 -2.72799191284507 0.91166194324212 -1.66567168144916 1.66777948276828 -0.69775257874647 -6.75569131068011 12.7734812408394 -5.23000159690682 0.5495323032721 0.11439696254072 -0.26286663268526 1.1365206223663 -6.21164499941147 -1.71881214460685
54340.777791 8.39162443541852 0.384886847130191 15.469587 6.556968768 0.202095963412879 -0.0969441760572673 -1.70567653151849 -0.0474363636523796 -5.84565998414289 0.843953800121939 -2.28358540493434 1.7107790420573 -1.28529773371051 4.58652888848615 -5.89000833431162 2.32566892331821 -1.97784339599591 -1.84225380273823 2.4857646113532 -0.26144551358305 -1.74418722627663
54341.845284 6.46859258096887 0.471801842554675 15.447384 6.56303687 0.198133743960724 -1.69425979598216 -2.6715064878299 -1.73665536699313 -2.75724528409144 -0.81110028167899 -2.4908679918348 -1.3827718289447 2.11509711688594 5.06616159133095 -5.29638658202222 1.63693825628261 -3.01078442975977 -1.66588281434326 0.2216055989178 -0.14177120921866 1.52590495310953
54342.729513 7.71998581910662 0.4768767267807 16.505355 6.568388823 0.197550320545867 -0.844604709239845 -0.5474887049996 -1.48491527863665 -3.06309015640044 0.56456092636448 -0.80581045948408 -1.047040689775 -0.0441702787478695 1.48773131957858 -2.1495144422326 0.24145329382941 1.85841188199015 -3.76840822510517 1.11830639858643 -2.96837453715829 4.42094936428285
54674.924742 1.43251133986552 0.616935733742913 11.806318 6.548063297 0.181569092620942 0.279801855091342 0.68800779411415 -2.47218079936076 -2.54330347678384 0.058859917987316 2.46150170893434 -3.20646863251567 -1.23913793816569 3.45936747291863 -5.67304425299261 0.856324420832945 3.63633478748451 -1.19177188252383 -0.50442432027904 -3.3737400647984 -3.09916482573879
54681.872573 3.44262071131089 0.494194482056006 10.253924 6.542487179 0.190365926607378 0.104875916139914 -1.28069802385191 0.5613873564754 4.25092606852976 -3.6540633300298 2.81259746295647 -1.26747042433181 0.88155432415059 -1.50985976491528 1.44608666127728 -4.64241161665528 5.26380960094 -1.47352815987142 1.07682717477287 -2.72298077270629 -0.10924588021411
54683.908069 7.03729774950631 0.504681338917952 12.042102 6.558836965 0.192459396986082 0.151053303097374 -2.27127866434276 -0.35549421444656 -0.51460570130155 -2.15367015877813 0.00824009180975072 -2.28870059467453 4.66306632083286 -2.49666882932385 -2.44618480333299 -1.37531040508622 1.57848400277495 -1.96734415149719 -1.00865819566823 2.49360914253266 0.56314283430068
54702.838116 0.371439764498421 0.534467647444083 13.832358 6.552356353 0.192736110987101 1.67778295289917 1.38222072015594 -1.43562928333128 1.41567574859139 1.77248021408053 -1.4732077753878 -0.783339794855705 0.241721612999557 -2.30566212400144 0.840082178971728 1.98399020821757 -1.7439241049916 1.10275301329575 -0.956663897641605 -1.46690496352463 0.766884335498577
54705.836225 -0.708148128047948 0.633396190290745 13.246832 6.545306989 0.187672434079091 0.685989481706654 1.39835511762699 -2.3329803712944 -4.29659550510621 3.55047917867667 -2.37548901105225 -0.49036371971341 -1.54611426019305 -10.7595876381004 1.69116109301504 2.74021645330684 -0.442019005609654 -2.86070922465076 -0.34022095984221 1.21368958864839 -2.58355181402993
54708.845577 -3.84798284506729 0.399354725105766 11.076498 6.538123204 0.181381443907086 1.2590055708366 1.36271561039551 0.15690719622366 5.01441102461734 0.23900372248641 -0.21789644589642 -0.0900302241704596 0.89192199799856 2.53880922892817 2.96999137708116 1.4528823038047 -3.66525387999582 2.26011401971742 -0.47366061711321 0.53131344335833 0.60261809371523
54736.777839 -2.59464267072378 0.559100892931522 12.31639 6.548232267 0.188674582175203 -0.65411865137962 -1.55494676910434 3.59892977773384 -1.82987971822357 -0.57092132277962 -1.11102385882436 4.08356414367769 0.168386527738466 0.585976159361095 -2.74790086080742 -0.69260448790122 1.35870875370568 -1.84576221762073 3.87642553923207 -0.708656893466648 4.28335283266255
55037.944804 2.87873541981383 0.416051128723351 7.358555 6.534030981 0.171325478344794 0.160569910596097 2.51268680056771 0.57019981306182 1.62015003018068 1.3201837884707 1.5950917721878 0.57900862798581 -2.01007850635607 -2.07192362287589 3.48343139619937 -0.05396244643519 -0.44131985675521 4.55835403485701 -1.30333891057151 -1.10553978560499 -2.54337767639063
55038.855781 2.97329210846709 0.397167577242457 9.046269 6.534620077 0.171703493372037 1.02160354893965 1.32276214209296 -0.18455523437047 0.1977434618118 1.23195237026245 0.0821992841496102 -1.00430508831337 1.91357982078914 -2.75015365494754 0.71491833757598 0.52250957098369 0.16301713797069 1.99590384598619 -3.55024133241594 3.86609374759921 -0.16319520685387
55039.902917 3.32168873833066 1.17914568434558 4.364593 6.529614135 0.171112251217466 0.699268865317712 3.56781280406327 -4.47025682603573 1.84285890169369 2.39034290195012 1.61055319398175 -3.79739094487112 -3.48876219081786 -4.00780339360801 6.40059547268667 -2.72021282642109 5.71384345628886 0.76923246051357 -5.69883834024842 -3.44678370584551 2.63102785650448
55064.832787 3.85055108854095 0.384777280382852 6.638533 6.531396428 0.16864289710412 1.09282261437617 1.74246420530781 4.16876749168719 -1.38107461038834 2.68978765398568 -1.19829553356672 4.830168364996 -0.15387266377923 -5.85200818670137 1.31651757703752 2.87366015464484 -1.6707985252111 -0.27001667391922 5.59871069330878 -2.70296005830984 3.62947026614778
55066.843198 5.37775656764632 0.430117437176971 7.210199 6.536752754 0.170267768701321 -0.456273821029025 -0.17424498133289 0.515391721257091 3.24294652409746 -1.09597328517733 0.2326965180162 -1.46664741198524 4.46646437890599 2.772671681844 -0.1822205112215 0.17832433080533 -1.74200858570325 1.85248562829474 -2.84210306623589 6.1286454002652 -2.42306250420406
55070.796837 4.50550084181047 0.606005265656872 9.124598 6.53249284 0.167118917009426 0.572271302385721 2.09890273101292 -1.80497421543561 1.6264292598634 1.70973314701174 0.0102689722771308 -3.29801736450003 3.54147796123035 -12.9112738834769 3.08916889758215 3.23881702869445 -2.56101107585036 0.67767472144826 -3.49930289231956 4.37573771873591 -0.90098041035615
55074.795741 3.82276698540093 0.40951027529279 8.285086 6.521540704 0.16976066977798 1.24604789727602 -1.13006481936038 2.29305231125575 1.57372992678183 -0.82675874168007 -1.38809630098286 2.86228726630483 0.30677480971294 -1.34759981961116 3.14622044308221 -1.67966528337335 -1.46701853332183 0.66577890320785 2.82370095337652 -2.83624380272655 4.9436832405108
55077.762794 4.78897825804529 0.423189078577593 4.761515 6.529838016 0.171447233107684 1.08354118729461 -0.38202972891796 1.87566493878887 -0.11800365759889 -0.29417099895376 -0.11852232830995 0.480877588682151 3.51267395380241 -1.63786443165471 0.80390858418246 -0.30205938929737 -0.118353566374449 -0.66354174339003 0.76587683178481 1.42404455470058 4.228908424723
55095.71254 3.58667599581909 0.416592716606301 4.685988 6.53232872 0.172651990441519 1.19066297460871 0.49676050491513 2.69509914191294 0.42869256190678 0.3098840320489 0.16172670937562 3.24336805197918 -1.53305558611528 6.25726852186916 -1.96132496882923 0.15563108666785 1.35472330160067 -0.77759794770779 3.71844324602469 -2.07616721078286 0.53847350876223
55098.677916 9.1743894917505 0.386720950794581 8.617113 6.537870427 0.173647836536733 0.600346075531583 -2.02183170997114 0.72392766217083 -1.5615010429493 -1.08351892327032 -1.08322098998552 0.516982571322369 1.84650732293597 -3.81085500393609 1.71409615953299 -2.17237071972023 1.47454120024513 -3.7795009751914 1.64490182860487 1.49870708499496 1.73386414866637
55100.705269 6.92266846037141 0.366783405864383 8.927364 6.537440246 0.174514299414342 0.773697531916234 -1.51362226642871 0.54689049699847 1.30324098601624 -1.14950408324461 -1.40602643275734 2.84057482274651 -3.92366149588167 1.70276617490596 -0.839212390024869 -0.37431814496233 -0.419171739152381 -2.04989410719597 2.62979783054885 0.64548457654567 -4.48409198150569
55103.741328 3.81726319110475 0.738849160815977 6.698775 6.544131647 0.171705436959576 1.27071297862607 2.09781413777397 0.28207285487096 5.22726537010536 0.52355489304762 0.83677863940009 -0.51227144218035 0.91148632324904 -1.50744557727706 3.72392106497858 1.12509535468733 -0.08029989992197 -1.3536188089217 1.06113145529155 -0.51617697556934 2.13629664977797
55372.91879 -13.0321544246283 0.464620842412809 6.142381 6.523599215 0.161109587969499 0.645290197244378 0.596689329284301 2.3060490521422 3.2273300986016 -0.9797786019685 1.691137794877 2.3572560234887 -2.1979147689742 -0.7829145503537 0.512187069676401 -0.901838740805101 1.0208591217621 2.0876183236715 0.694741620693101 -0.63305086579 0.8712540184413
55374.925968 -10.3921281780042 0.786327841045963 1.896166 6.531752704 0.153958162533178 0.680810715059426 -2.97219094907015 0.4398885682636 2.25551414749975 -3.58416434736295 0.248710123496 -3.1041630887512 8.16936082572005 -2.07838898148882 -1.60371676319818 -1.84271947613936 -1.6382431649068 2.2640435444552 -3.8445648619088 5.07121982814326 2.97617079761402
55375.890515 -12.554971375064 0.637828908905319 3.368091 6.533820196 0.158290895635738 0.896347005687273 -0.236817720785 2.9464065267833 -3.2723006044793 0.958120529854501 -1.0584979418176 1.7673236550044 4.09943096407987 -1.7345623812079 0.426426049692301 -0.0354148357765016 -0.354664082928299 -0.0942235803608007 1.1155176330515 4.94009995991051 -2.93374149997911
55396.889039 -14.7575328284521 1.1224454837081 0.666697 6.537866394 0.146879060306914 0.821440317033174 -1.6169126015714 5.1679860037441 0.9615485091824 -1.6247771511945 -0.355677815750802 5.3936212760009 -0.1214950483953 13.6694413683984 2.5986770541702 -5.5487977788189 1.5925372040775 3.0986987881384 2.2438857949899 -2.8951658672081 9.07642893359113
55401.825219 -11.6537722313708 0.895812827018826 2.582355 6.525041189 0.146818425176563 0.448240020582386 2.8143589749764 0.806985675426901 0.66928902273 0.2735873001399 4.78443852038565 -3.68705882398615 5.01517931136264 -10.5214825252213 0.1417785498619 3.6925260705237 -4.6795838686157 8.64339921685231 -6.85174484375341 5.99348999194501 1.20301631550417
55403.830059 -14.4003234098279 0.671433803867845 4.782539 6.525692634 0.160505691149606 -0.3985386470057 -1.5100399538286 2.3463712255723 3.5686996622582 -3.4075530352792 2.1510451276806 2.1432653010003 -1.9336284286128 5.1697375212679 -2.3037154095807 -0.255486620216899 -3.6136598138533 5.1602345867434 0.9111443220672 -2.2788715831391 2.1391727826005
55408.923648 -10.7401877597512 0.575954994150051 4.417279 6.524900868 0.157743772413796 -0.0816511180265512 1.0400837829164 2.37970155045196 1.8864796739181 0.4739203007989 0.309994937197699 0.692250963610601 3.67207106217842 -3.91211147009191 0.1431695533861 0.474722843334401 0.5597797167556 1.2079301810393 -1.2319820539538 5.08610208087501 -0.380105145305969
55410.857332 -12.6382517142287 0.634241259700709 8.593517 6.531453046 0.157996744512368 -0.800210459343019 0.889232137300301 0.549374603064999 1.6516569708667 -0.4688367846838 1.9403342513126 -0.7447259029219 0.818283963927401 7.1413975782229 -3.5650418516622 0.9274132520962 0.9597641128376 0.972535613365499 -0.5774362797046 1.0933148194963 -2.0717120539199
55414.832238 -13.4756801873013 0.600209506835579 4.827703 6.523369732 0.153870990134939 0.623982165559653 2.962585849646 0.134517772714501 -1.7426892481465 2.4018027434956 1.8276443591182 -0.772308897534399 0.0372848230282994 -3.3597500211442 -2.0652099843244 3.3646644487932 0.6707075400665 0.768624125775899 0.0661505298195006 -1.1982020339933 -0.194602341533399
55423.794369 -7.78657371057279 0.664799809423191 8.238679 6.530574674 0.160157259215935 0.768900332953094 3.97704946603757 -3.5385817632557 4.65813433181647 2.01484202104852 1.81110630549219 -5.29828247360498 2.10603637524215 -7.35035041773801 5.00269760043792 1.88064151906139 -0.610932484339361 2.80999114779744 -4.27329183733258 -2.43638411418831 1.76550446457943
55425.725739 -10.4072149658584 0.665776230516866 7.187008 6.530851382 0.15951426186307 1.03625100436934 1.420448919435 5.42968892875559 4.0452910907929 0.3183038133294 0.4427832697349 3.741240521476 3.52779199038515 -7.67581411617457 1.0462628317477 1.6471117582593 -1.6979665511804 3.03453676695086 1.87827933046614 1.6979632259565 5.88768143303968
55426.896169 -13.5955769534572 0.4414415510138 6.503194 6.522705329 0.161234219697501 -0.62505830914861 0.6940008480058 2.3123767188236 2.2920553532904 0.9595485178844 -1.4948610345308 2.1329824516439 2.1825342481642 4.5359974088795 1.723479766945 0.6414525495919 -1.760470962658 0.429278908557 2.8043824421599 -2.9517175325053 6.68069964778417
55427.831505 -11.7449673740344 0.494701026064563 6.013168 6.52322098 0.15947893599185 -0.854789021183882 -0.842502349288399 4.29494446439644 -1.3942420675685 -0.997131197532699 0.921505859039399 5.02788535466611 -2.85101415081511 -4.50177475186854 2.0079758212869 -2.2344341842105 0.9820799993752 0.724019081762799 5.86312295314451 -6.47489953759231 4.94648794337144
55428.809965 -13.4777075300821 0.616630997261581 6.935709 6.526170759 0.158993262040878 0.37563713073316 3.2324528377132 0.246738859703401 2.2515219356503 1.0714746412796 3.2702402910909 -1.6633090839292 0.712820123996199 2.9184315926834 1.3833743668907 0.893161004947199 -0.564955809983299 5.72437413134214 -2.25569983864414 -2.9444903804397 2.0700282499641
55435.774652 -13.6634270117952 0.410601355443706 4.76843 6.527111997 0.160615404712782 0.459951338890593 0.205515304432101 2.4441660805941 -1.5458089336835 0.374647139122999 0.388016878450401 2.5595350390304 -0.7593895896491 -7.54446247755996 2.0819310489734 -0.302849505696001 0.3116883446963 0.0787236245508005 2.5414659364557 -0.819136740094599 0.8350988555316
55436.796775 -13.1782594929939 0.357676041291222 6.066732 6.523981987 0.161563310754809 -0.097865274798762 -0.4903552829935 2.1190924339673 -2.0211109237995 -1.5249135080822 2.9604348382666 0.200073388998399 1.1712267431432 -3.2048939572814 -0.104486884459401 -2.5862029891756 2.1476200935403 3.0387310520918 -0.4864449355267 -2.2816291251525 5.08538196130472
55437.706734 -11.3685806452226 0.417591056884674 3.747632 6.524342816 0.162141598464341 -0.454334662508573 -0.1491612946317 0.347326957286299 -3.07949419389965 0.6058802479993 -0.0507285931248003 -0.112388322411899 1.1752815994687 -0.0575254609863105 -2.63462522284903 1.0932982520503 -1.2590822334303 2.2755856391539 -1.9864732922717 1.9959563292162 0.978681839137609
55439.833001 -11.8293347134978 0.458481278902463 4.364527 6.525368122 0.161104473862433 0.739945270552607 0.6107579049593 1.0625653666967 -0.3999663603924 0.5032874526591 0.388316747503699 0.401034309028301 1.1438487602983 -10.1117728323524 1.7303299853843 1.3897093640788 -1.9681881261823 1.826313195982 0.458737349263 -1.4801131357308 3.99603904864244
55443.751918 -11.2060518605491 0.592412706363423 5.670673 6.529942491 0.157690784373632 -0.25639571380954 0.569416402416399 4.54837685562431 1.0653244229809 -0.494345324094899 1.5871900263959 3.12114685961611 1.56625982449206 2.1468121606245 2.1220699451437 -0.539267359239501 -1.6903385086924 3.4093185614385 3.02070696591985 -0.624380635231599 0.814041888570469
55444.751246 -12.8320305017375 0.44106980249944 3.66929 6.52222862 0.156983180445709 -0.218116238782757 1.5687472628947 1.3141995697073 0.4661710713424 0.7909930484487 1.3029849140278 -0.233907471050999 2.2027364496192 1.6350108896724 2.5005403174025 0.2335919765128 -1.1844825769441 2.7043351862821 -0.3973868822179 -0.922333878801901 3.94213725571631
55446.810315 -13.0553992699612 0.482856596215858 4.317888 6.518335575 0.156668640681295 -0.352003816113961 1.7801402254556 2.6738773953764 5.0165997045945 0.2752148681266 0.733763508289501 1.8727577171793 1.07821614593077 -5.1451146603658 3.9969667177357 -0.356110785020499 0.7862930699077 0.952480458949999 0.9679923768349 -1.027864673647 6.65793639726856
55450.83568 -12.3849116760736 0.603190464786862 3.250816 6.525820244 0.156528485040643 1.11160511657962 1.6611069706936 0.460848890896798 4.7027989768086 0.7188440608705 -0.249946152405599 -0.674962686605101 3.0007658561519 0.191980159264899 3.1077578004629 1.3990180097738 -0.722692603177899 -1.7693638933073 1.1216914919705 -0.141129162685599 3.98203422903981
55454.751591 -10.1535762279068 0.48357356989173 4.086391 6.522941953 0.161008354534245 0.671847200054216 4.82574416348772 0.77241542583489 -0.493985063668001 4.63802379483905 0.597866747180801 -0.443237643052329 2.27075447734357 5.1473313714693 -2.2105246619157 4.67733744907638 0.0212164087843298 2.02791698770931 -0.848119153523331 1.08873810179105 -1.59207891154137
55455.73443 -10.3799810325482 0.570541648711843 6.624099 6.523641145 0.156816598172599 0.512370811878816 -1.4002389930105 3.39750866729258 5.05196771073775 -3.23396088495895 1.377677611967 2.87287685870577 -0.356044254322612 0.9618236825116 3.44837616023426 -3.39297932534156 0.3086295687124 0.764857438723499 3.74338342232867 -1.11248529834847 -1.7893585142995
55463.723548 -13.5786907808333 0.48768820553188 3.884387 6.526235584 0.157531118344716 0.379361684896327 0.634498560235102 2.8247363617175 -2.96532950474 1.652952476054 -0.677569019669001 2.6120857794651 1.3112800765582 -9.38696216984475 1.6960222306502 -0.189124526600599 1.309928940106 -0.0560249226061007 0.9508338553174 3.3069177144972 -1.313689971877
55480.687984 -13.4994721671148 0.483038805830467 7.019526 6.520547392 0.158865838748394 0.794460176268546 1.300883322956 3.7048482715364 -0.0578071439639007 2.1506967978553 -1.6297346328973 2.323136190673 5.28387750376986 -2.774005669109 1.6828084733126 0.8183493768174 -0.0740157751293005 0.0954050930060006 1.1741903155374 3.95154013316063 2.03914464662976
55482.731613 -11.9202416661258 0.561305867101696 5.115281 6.525311112 0.155343781637387 0.745591662137124 -0.825306558924499 4.74683809903892 -2.4373988712457 0.410623609174301 -1.3520835174236 4.71955764725177 1.65902856568371 -0.7901992450977 0.459391130924701 -0.313160835581101 0.890262512882501 -3.659742614546 5.68581825354525 1.38502332407155 2.20966980372511
55483.622448 -12.0255834216815 0.586968320650184 2.154196 6.52844336 0.159652186742052 0.711909824344163 1.2908650725502 0.557286021783598 -3.0144472615944 0.1621418359698 3.4905496995176 -1.4871738924343 0.855495653907301 3.4380295609733 -3.626373593366 -0.5388247137432 5.1147209390059 -0.851438922572701 -1.3528482058121 1.91329170712 -1.2806804928514
55485.660531 -12.1538987280376 0.430547823670247 3.54343 6.521565078 0.157525833693632 0.807315245227042 3.2808795701723 2.76563441537557 2.504539142872 2.7374770017585 -0.0822140880270013 3.08029398765096 -0.673903289996561 -1.7252038758176 1.1805087010689 3.1548025573269 -0.7523031320219 0.779074422411199 2.75906746065931 -0.0430571670214412 -1.19934821773017
55492.695425 -11.8316265180929 0.405960190453346 5.102292 6.520369112 0.159988652311702 0.823063179095596 -0.586379990991199 2.5477598389362 -0.129375384952001 -1.2948168910114 1.4463074784694 -0.219696960654 5.09119982885105 -4.58723551905003 -1.0495031161405 -0.3270602538436 -0.207340622527299 2.1084590075647 -1.6507219536578 7.18045495590777 -4.31832273198737
55493.686877 -13.137196585229 0.426672170068639 5.82865 6.52281448 0.160241189677408 0.427450231274573 -1.2992960042571 0.2066559190955 -1.6513948950544 -1.4719925436174 1.0531677902898 -0.971155994647299 1.6537392538293 -12.2789435877752 1.9582374391013 -2.0234116878351 0.981168309402099 0.701916763586501 -1.4298778300773 1.2153196544936 1.0552547138324
55495.728378 -12.6096216673411 0.434554427921598 4.628814 6.522292957 0.161942012662171 0.865309985503257 0.0240756602847991 3.1527071199458 -0.173254128061 -1.5631248850901 3.1755291502177 0.2520683464983 3.34827059764691 1.3776541490867 -1.9280086942872 -1.816016194889 4.0294095196281 -0.347569406326601 -0.3651441206773 3.69894295402582 2.38872640942181
55497.634802 -12.6172005255752 0.476749172472854 5.121577 6.526336072 0.162148576504581 0.800490177954561 1.1439815040957 0.561485700183301 0.926402282176699 0.667010555689901 0.505580850666099 -0.0196199415462992 0.818346762900799 -4.5986568515828 2.1431684323817 -0.3924908656785 0.4638254262461 1.9681139809648 -1.7353668698392 1.3979304302328 0.475378830571101
55506.597001 -12.6858094799989 0.449812555587591 3.433699 6.522357728 0.161742234344278 1.02601936872974 1.995146153076 1.2991185689326 2.5920993096627 0.5500480809505 1.6709299662502 1.4586157353712 -2.3830127979166 -4.8365377441363 0.477980591961598 1.2545120257191 0.620159871606599 1.5527959970567 -0.7006189183603 2.86855189258075 -3.64439585252665
55512.604899 -11.5470312543207 0.44514719495209 8.318211 6.524373386 0.15828212331743 1.06386911712077 1.3947447990399 -0.787248978828101 -0.743679246064499 2.3203827772752 -1.4860001875731 -0.0829360138208006 0.0569078711892992 -2.3480807388713 1.5512836296103 1.6958170005542 -1.5709351777131 0.824727651490599 -0.9267202939984 1.2437964385162 -2.5900077124573
55516.625791 -11.911975920885 0.402152691413085 2.635782 6.51951504 0.158106434884481 0.910234004511732 1.0133861264154 1.7345825460504 -0.895182532478 1.3217098217014 -0.197583591573101 2.0648299940271 -0.57416713334 -3.494975239069 0.7068959171516 0.4251841941708 -0.2788246896466 2.2005805798628 0.579012556972499 -0.637990049213599 0.689095849595899
55524.584694 -10.8661068740014 0.513099075468552 5.315833 6.524031079 0.162430040812691 1.09466313231592 1.3849423273664 1.6455876870819 1.6645187287738 -0.00271963266699871 1.98495404134737 -0.358800275587271 2.53282508844761 3.9268772300648 0.0925715309201003 0.815865454654899 -2.4771258960706 5.47442036336833 -3.07415992270093 3.0898538916762 1.77964139144771
55578.543249 -9.1234074526699 0.503749675427966 2.621662 6.519887556 0.154333478701833 1.13741941291869 1.82439664693329 1.96837200577916 4.77912800799647 -0.18782559539347 1.79892757252955 -0.508076340428111 3.88883628884312 0.514126430273599 4.04196215621703 -1.48977960696273 2.63675216358056 -0.60258895088802 -0.49832502685857 2.30771012256661 3.73238377019175
55803.698376 -3.16390306009512 1.0071473466672 4.433418 6.538067835 0.145627980646487 1.69288088689189 3.74831595582503 -1.71432415952024 8.07005485870459 -0.57119389096812 5.31171924459989 -3.38576616168565 -2.00183794103921 -13.5718260141942 7.37506074367167 -2.01850602869462 6.03804496429701 -1.29278494675555 -1.36037141459968 -5.29023685557688 6.54460192680037
55815.814381 1.74662851976629 0.619085284241924 3.969022 6.528034088 0.15744238355061 2.07919511258461 4.61059266411826 0.99752007729484 -1.33627734008894 5.660517891359 -1.47959957119366 3.08965614241747 -3.30945309160966 -2.91179284714084 1.1314615679236 4.30022550625319 -0.24906767049037 0.5914904462665 2.64169677597557 -3.06993601253005 -1.59533005600178
55872.655985 -5.11576235184062 0.487097284606971 6.600439 6.526608717 0.155959354206291 0.55246001253664 1.60831723273438 2.34277402435592 -2.95333726962366 -0.249331689156359 4.80258293218052 -0.40072430978594 1.06873913219542 -2.97746518765269 -0.0884756530787598 -0.31696579957127 0.63878002090971 5.0984869502163 -0.55488763907075 -2.56009104729448 3.26189619956687
56083.925245 -7.19107300216714 0.702524498610142 7.715418 6.55063291 0.173327490259449 0.939981703323662 2.99456408318384 1.66422918987154 7.07140497673674 -0.20746548001137 3.34282418390907 -0.72847325647104 1.88860265416052 11.7581016534696 1.33132910788115 0.73499614049566 -0.41966822711689 3.58646054967916 -2.82223163007186 5.35389406963037 -2.56382375164846
56117.961435 0.352996785178666 0.405186775550107 11.206728 6.554698069 0.179092780091297 0.322518023141592 -10.092602266959 -1.586347376779 -7.10665568189502 -7.47690215150993 -2.15477395981608 -0.33738972939758 -0.5480185409662 -5.5926210591292 -5.82415515263144 -5.81425799148094 -1.62799477561919 -1.24460884983926 -0.37972653343025 -0.46695978335372 2.1041870101779
56150.865729 -4.78240142363312 0.644357055838357 10.907828 6.552967929 0.175311248642124 0.775163831772954 3.46873273191071 -3.66442816830165 -0.69879657341792 4.37074057361183 -1.46058589769769 -3.97505798368678 2.43369267485983 7.83728682399569 -1.39179798650074 5.15438245142197 -4.81567990550753 4.65467870745497 -7.63306487589454 3.63020860883063 2.90549644499895
56171.746111 -3.16957443237107 0.482909532626768 8.996205 6.543658153 0.18243494976477 -1.34567310394846 -0.65083507863407 2.51202675825789 -2.80893567448639 -1.65151404941803 2.98958156820812 -0.14000932837439 2.99852116434752 -2.52501700857734 -1.32732049055684 -0.7230373006561 1.61870392691446 -0.8492088493023 1.58637429873512 2.43589116958297 -1.61426798160811
56181.79243 -3.27944645683683 0.483469203097237 9.581802 6.546828226 0.181896009079548 -1.50855355352033 -1.17519862777456 1.22980359656973 0.2243278396012 -0.9313687100669 -0.55854597367146 -0.66502877454469 5.33695851561333 -0.42857343578969 0.47381920883791 -0.88430885526656 0.34863381645986 -2.02783434359249 0.75754000830089 3.19098264762303 0.191034764971542
56207.760557 7.39083070113127 1.22811276922692 7.143392 6.566082791 0.183042832056073 -0.279528203383964 6.12085515410025 -1.28805929403766 2.89412068691826 3.83054628550187 3.30020247801397 -4.00027577353451 2.73824179797394 13.8030046026896 -2.76896554496484 4.32811736521055 7.10576673180799 -7.40196935962104 -2.33269966042102 6.63773156455516 -0.564416939730199
56208.737769 7.13209570673264 0.75053764211243 12.184676 6.562796823 0.182053907824048 0.305897888020783 3.46745181636359 -3.23773659731736 5.92297115986439 1.05456846712089 2.3651370844381 -4.47716594033966 0.26591711977407 6.23988233081598 3.25642903605977 -0.837489798871021 4.77624980344559 -1.54238146891432 -5.39447606749785 4.52088099937651 -4.04412505822071
56209.726704 5.79831329538607 0.994597451359886 17.537408 6.560274096 0.183056040225258 -0.433989541932985 4.86031055707977 -3.56671022251246 3.63425175819167 4.84365059853886 -1.26123530088448 -6.99034203209175 9.35239064510109 16.3870381498341 -2.45353565089606 3.19053361340282 4.39333276954643 -3.49138891205288 -6.13520161061492 8.53832416765739 -5.7249719686827
56249.594253 2.7283820343345 0.485448622176402 9.582958 6.551298207 0.179967373006844 -1.1615549014107 -1.47535725906023 -2.49742577325269 -2.22163524064053 -0.80626161895073 -0.39505027882763 -1.92578962864414 -0.935757754335197 -0.653953242871091 -1.54061103690424 -1.23854648050244 1.75987356087106 -2.15281479723691 -1.0679817135644 1.95797954028716 -8.17670107736374
56253.620479 3.66827120359782 0.579730247514171 11.845512 6.550426964 0.181742948297871 -1.76409867141193 0.50573527297657 -1.45491890825698 -0.55700124260222 -0.1054880779745 1.38463191076206 -1.70370342938961 -0.97971497089405 5.15303829264203 -3.50923461413174 0.77379404839099 2.33222231352594 -2.06891849787553 -0.798778758926 -0.43552545097015 0.79750686337277
56291.581944 4.14373145678021 0.491899636992427 14.020685 6.55209595 0.186253515985314 -1.94847075835743 0.12703125103509 0.49815000801413 4.82110559458201 -2.04098754679679 2.28140670298239 -0.0986044760811895 -1.14303033162416 8.26398206386537 -0.31182630338236 -1.76006425968478 3.45125920363906 -2.36682644369349 1.02915076699825 -0.37615420280131 0.4505672025579
56523.916312 14.5149900065355 0.539766302043155 20.085115 6.585248255 0.200619294044068 -1.13016801344827 -0.819414836186398 -4.4228388528008 1.6455327581791 -0.2901277543634 -1.6455453777202 -3.4627407364257 -0.4472721756176 3.2705882138201 3.9620050341202 -1.3871237719777 -0.956387260738799 -1.8140773817607 -2.0914511381371 -1.4614899909076 -0.354194594945
56584.67115 6.9256093685981 0.541379210533712 8.112754 6.574057314 0.190368466914442 0.101417675384229 -1.2007645354244 -3.7406723928757 4.21340694406378 -3.00202794241737 1.77375666888222 -4.7015097484158 0.32468571291714 -1.68308626021599 2.32769500646456 -3.01252025424026 2.38732789279637 -1.80467558372633 -3.66222397412947 1.91463467076104 -3.44964621089988
