Time RV eRV BIS FWHM S-index C3AP2-1 3AP2-1 3AP3-2 6AP2-1 6AP3-2 6AP4-3 6AP5-4 6AP6-5 9AP2-1 9AP3-2 9AP4-3 9AP5-4 9AP6-5 9AP7-6 9AP8-7 9AP9-8
52945.66121 -5.82522762085082 0.909796559367089 6.986925 7.680300136 0.177153878241995 -1.36278402362532 -5.65657305937847 -6.86315664458598 -5.942020351608 -2.84011926509506 -1.8091108128118 -6.53118449721852 1.1845528910235 -2.20635623353872 0.4941302321965 -4.35749614957089 -1.93974359864283 0.0819584600246106 -7.60293363556018 -0.9405327769589 9.27465414414082
53217.923511 -20.7847719724698 0.663084735052831 10.668957 7.690727934 0.178336540191526 -0.337731206624815 -3.2577324067856 2.2861598392412 1.4228071499337 -2.2551479059604 -2.789121898174 2.4447096380544 2.7364544517309 -2.4364138989225 3.0021485309823 -2.6420118949652 -0.7836480228985 -3.9802886802981 4.1224843614129 0.291128323414299 4.9674138245504
53270.762772 -17.8308913814862 0.519017779556677 7.726323 7.690817124 0.182518437810922 -0.190029554172447 -3.3003897332945 -1.849681897011 0.4822845019035 -2.6164244287015 -1.7263604760628 0.546823393225601 -3.629776700447 -0.590025404705601 -1.2175274116261 -2.4998239204427 -0.0982553402022006 -0.0346304776631001 -1.4451280872606 1.383982538623 -5.7616195850871
53272.755202 -17.6479938165318 0.631718100895685 7.891575 7.686661066 0.180231336575843 -0.113551802655381 -1.4242514998049 -1.6752666059628 -1.933315648223 0.4261891048763 -2.4526477341685 -0.689647778276001 0.512684472294502 -2.7027261215702 -1.0507996429041 2.0795996897325 -5.2773623558864 2.3402396632743 -0.673069711199599 1.0124518252746 -6.2362448368062
53291.706344 -17.8686586891184 0.786315330594148 8.952411 7.689886163 0.179888995056036 -0.0914875367795539 -2.7665979637608 1.9151624085523 -2.5651445599129 -1.2083652526694 -1.5221775457406 2.2357505872237 0.953153244772899 -4.0386504136404 -1.9599578167304 -0.7971764629707 2.0977911399311 -5.4560734397097 3.32360205222 0.1026925135018 7.3687889838455
53307.670604 -25.5043593053223 0.81530829637186 6.646254 7.696924243 0.175915848200189 -0.17379667874823 -0.9481255821159 0.4878481214968 1.3892093042305 -2.1147781054338 1.4523732950737 -0.5681475516392 0.808530281207702 2.8718135779091 -0.138965300774803 -2.0758971530551 1.6698765907745 -0.822080523382301 -1.6501724767513 0.240784175298998 9.6170394087452
53307.676113 -25.5730515059839 0.846199686963355 7.273677 7.697467732 0.17607440157523 0.128601901468169 0.353005229891203 -3.4479335904562 1.980731775168 0.459624479779201 -1.3357708083735 -4.3433897747259 3.5366765191324 6.1283129922193 -2.0171055405543 3.3781670682415 -4.8690123646614 0.751402222902801 -5.9384199886799 8.4012959674462 -4.2631966175276
53308.717868 -25.8336688759819 0.694481574363866 10.597109 7.689131728 0.17749926364145 1.36738694960706 -1.4249827348644 -1.2386741116136 -1.7496294846179 -0.905959821630297 0.0409223802380971 -5.1111866317894 8.9890777198503 -1.0759040446724 -4.1590317427647 1.0232869706523 -0.525829046289999 0.3603640536613 -6.9962092465721 9.2890014184383 3.463051691032
53308.723389 -23.2896975898569 0.704359360366514 11.677006 7.690804513 0.177158536641274 0.243711975642775 0.643535104745101 -3.9615197237749 1.6470718364682 1.7686277289923 -3.2379474026385 -2.2493222603221 -0.268677995257999 -7.7192782790181 3.8634957795015 2.1432632098354 -3.2565383506293 -0.963366434994501 -5.5930165014231 5.4483202562548 3.1933336116978
53321.671383 -21.4587230376009 0.536575393932558 12.713907 7.704650681 0.180729846122838 0.138279927654053 -2.240643499294 -1.737108861152 -2.4442354956465 -0.896490057168201 -1.1346222334556 -2.1916667394168 2.4957059742721 -1.3154154675745 -2.4976223708993 -1.1689097405503 0.7856909958169 -0.1335136481669 -3.410899474334 4.4627644169126 -4.7562734305281
53946.845804 -16.3633362445508 0.712488604571948 8.656923 7.692834269 0.178069496577327 0.955288401368897 -1.048511117397 2.3639900525209 -2.8535273249943 -0.3018336415054 0.248329898385698 4.4986035201901 -5.1839786430292 -1.0450779658587 -2.3928940510961 -1.0914185232557 4.2013845037612 -3.8880810511675 6.4768656224125 -8.8589655840887 9.240254592747
53951.896533 -15.8151548084687 0.955585935144379 8.041397 7.69814351 0.177585392343817 0.8236424086208 3.1224295965757 -1.2673079807157 -3.0214762777179 4.47877696437 -0.869167037922699 -1.3759873917043 1.2085004667455 -3.7367441545232 -3.9014514445164 5.522351262153 0.4131706666952 -0.7496062779638 -1.2648165273661 -3.035452255202 10.2326666967804
54054.714404 18.7017128003234 0.549775847090046 6.789819 7.682593807 0.181855009800792 0.932227993460986 1.3765352820391 -2.400124244409 -1.7058640974809 2.4792343844378 -1.1584705417727 -2.0943900874403 0.6263882716563 -0.5338984732286 -0.4082563440741 3.6918345652827 -5.294361463187 3.9506523103669 -4.6299069308606 3.7749336413856 -2.5814912216136
54078.601722 5.40819613095591 0.65917781148013 8.501976 7.692091065 0.174989002545671 0.368529686530157 0.55779787197794 0.78730963454489 1.3227709761288 -0.45003666056714 1.1836505653248 0.49203240216665 -0.6593490233345 -2.25330822018706 1.17345041089328 -0.59293155395282 -0.21163860666906 3.17983350982894 0.50821489653026 -4.65453218800419 3.57213241108257
54080.618049 1.36146518045218 0.639672842527116 7.607538 7.687003419 0.172916427604555 1.55280866255364 -0.79102941766585 -4.4941308004958 -0.87880850166674 -1.7111127453464 2.33188024565747 -5.25311231217995 -0.90940381767176 -1.16170830162159 -0.61569060977766 -0.51933593269272 -2.63877058931802 5.68390464491182 -5.81181091877746 -2.73879774718513 -0.41766778203749
54082.635184 1.66627483709481 0.604677355566342 5.837036 7.682520036 0.176342545304937 0.424162153621182 -0.740666294685881 7.45139627730878 3.33694359019758 -1.09358055773241 -1.28362147758354 8.8045883907057 -1.69874909801781 4.50672416957871 0.69276404151461 -0.64282948549314 -3.80444907162392 4.11746948203617 7.32644583630889 -1.64155393607055 -2.15013184347186
54084.62233 15.5751052910589 0.81751098667792 4.746029 7.690627659 0.177778098295473 1.2654506463081 -1.029605036622 -2.4284713973132 -4.5213853533891 0.592336064466501 -0.5517333504059 -2.2079926491328 0.0871558464457998 -5.9230863601028 -2.429058170075 0.4201666952904 1.0277706811024 -0.498042960841898 -1.1778055847342 -4.5149668276259 5.8900220259096
54117.576667 -1.90239956734672 0.98387812792653 6.554076 7.685160701 0.178756071595724 1.48717717032418 1.46159183224249 4.86689907842315 -9.5653631127361 5.59675858430807 -2.79864206377683 5.89777995551357 0.5938786137823 -18.5097482540786 4.7257727014163 4.50223008457003 -4.92239788616477 0.60197842969632 6.97459232856008 -3.83984528087577 6.73188315310754
54117.583298 -0.49222193638265 1.0249356085212 9.536265 7.687733739 0.180148437114795 2.22893590906166 3.12042984187918 -1.26290642516881 -6.22625585186796 5.44887620086496 -1.14866639876871 2.73761078816932 -7.9255826519463 1.32036785176736 -3.51310757652264 4.14996979464738 0.893394957558541 -0.434444053941638 1.94788551679529 -4.92970539310994 -3.10101008786621
54342.758196 -17.6876286120137 0.577520476374235 6.611275 7.695330564 0.177641917074768 -1.07194608353027 -2.6569595227114 1.9482289033973 -2.9669598819926 -3.7652885432283 4.0973620609591 -2.348602447753 5.1903793886762 -5.6162276253479 1.2283446719475 -4.4656248319057 5.4149462486658 -4.1097392714391 0.3797378082431 4.2673317731812 -0.2051202636356
54343.87281 -17.9838418829284 0.667785339127372 10.994001 7.687449557 0.176666954078996 0.368634608283311 0.652423576206598 -2.0765293962656 1.3705874067015 -0.467838731788699 1.3774066498317 -5.6350442643128 6.6862775421605 0.830443986275 3.6167609685448 -3.6473860616667 7.0489264590339 -6.3380465181717 -4.4288868397751 6.9710011172117 1.2011296514827
54345.789631 -20.1959692462913 0.49294495228409 9.23468 7.686399236 0.177755423625087 -0.0695489026514727 -1.5732727990559 -1.7461040987337 -1.7195244655078 -1.141311757448 0.2229652713931 -2.7051024056205 1.9925106812914 -5.7180114472816 2.0086337593684 -2.0110859818143 0.8171337463592 -0.670076192175902 -2.244341116154 -0.384983032066199 4.5758810753227
54348.796215 -15.709367210469 1.10920440432554 4.596903 7.67899014 0.181454541298134 1.09124699972835 -0.739736362511401 3.8736543712131 4.6854003907747 -4.5163469631585 4.6074904960664 0.318019257145901 3.1762546602751 9.4722372117314 -0.5461454624081 -5.7793192380792 8.4955879616916 -4.0946599553149 -1.3774860074583 9.63636522539163 -1.67488461644881
54348.798438 -14.8877408493959 1.12008947837288 10.829607 7.689330955 0.182515260927997 2.5476950733205 2.5476950733205 1.0427552673093 2.0328254203908 3.0600988508198 -2.1014213244003 2.1895515580465 -0.365149558773899 1.4406104814117 1.6679010731507 2.5410449832533 3.48036876499421 -9.67903749653621 6.6544503693932 -0.357875971651501 -1.0998211251751
54348.800672 -13.5652283796848 1.10405730679099 7.569144 7.677851656 0.181893539075012 0.585969569365901 0.585969569365901 3.4326305805249 2.2329627552139 -0.0800046063256001 -0.0192743532163995 1.595360650912 4.33490473039876 0.2425455101629 1.53227720567 1.1641750892325 0.796539681445401 -5.6330911876361 6.8184847118066 -1.2780738824159 4.05919969780083
54348.802882 -15.3391109723988 1.12074040089483 6.101439 7.688913085 0.180054525969889 -3.8689557938821 -3.8689557938821 -1.2435464863998 -0.489022714610899 -4.1197241790322 0.751079232444603 -4.548241514118 6.9471309315931 -7.36872306481265 -0.636826253036999 -2.0224565153802 -0.468608779839801 -0.708283613037999 -5.4653993560499 3.8342773321291 14.5569468024195
54348.805105 -14.3686827905483 1.11138463330133 7.478876 7.682940169 0.182680244369293 0.830536887665895 3.4843863238484 2.8064378251765 -6.8186757325562 4.1398163822238 2.5505326016092 0.408817850267399 2.78633014869371 -8.94113457897278 -2.598140965684 5.0347704083813 3.4815358014849 -3.9749298065263 1.4722808271215 3.44453765699262 4.5406863142227
54349.809947 -11.0191318044259 0.552349074098809 9.423523 7.685870213 0.184003551640825 0.454132363107364 -4.55564636185561 1.9815214795307 -0.56533700496697 -3.03298184465369 -2.8170671410265 4.5236277003948 -2.5843335723175 1.50594129786064 -0.16978806030942 -3.76069464786626 -3.0888352085897 3.0242548290545 2.3150019229064 -4.9077335970489 7.83863359913043
54350.826733 -9.35578637487186 0.598011631398773 8.184625 7.697235283 0.184470674616078 -0.351563802221698 -0.25469653109656 -0.859404936702131 -1.54047937758739 0.173676789236589 0.0728672369686016 -2.23311649901658 3.07347009871061 -6.75092661991297 1.0911062625621 0.56207403125144 -0.156636943008479 -0.984113965861361 -1.3845780501633 0.965979738578699 3.79356024408117
54672.863491 -17.2990174608844 0.58408467495327 11.495806 7.692267725 0.180462300261684 -0.124797625804334 -0.4356537534963 -1.6382316996548 0.4817860420623 -2.3193213714374 3.5321141296549 -2.420896703236 -2.4489820390577 0.682435504107101 -2.1343411661972 -1.4043410575925 4.2244322537717 -1.9526685374326 0.299810896600501 -5.6504853143756 3.7260796724337
54674.894752 -12.1884317582644 0.825384187010968 6.659977 7.694270579 0.178440050134117 0.483777020445267 -0.1388143152437 -5.6336337694116 -0.654878191414799 -1.6035062150396 3.21033046943522 -8.89524899362192 3.9705427370983 -6.84766902567686 2.3530356983573 -1.7495255245632 4.96705461985854 -5.23094648012904 -4.6791037395902 0.738608769569399 1.5629285573422
54678.881634 -16.4031514851666 0.932367182188162 8.663534 7.68656071 0.181597542321208 0.991361879140922 0.0738103540254009 2.6847951190992 0.866553866174598 -2.1467659000389 3.8219325368529 0.567590623495601 0.587781928451399 3.173181748722 -1.3175936679159 -1.3598162113791 3.5794772442903 -1.8556828993735 2.0443809912184 -0.9427230593262 5.5310696163666
54681.910068 -18.116876713673 0.814650959891567 9.422858 7.684947352 0.179423071721309 0.235003399758076 1.1610666192605 2.7502171262493 -1.3444010329331 1.0879398356294 0.968880416522499 4.3237088791862 -4.8267818916403 -7.391667611896 5.0147457733648 -0.609761566669 3.1444651356827 -5.1343705771213 7.5091157907399 -6.1881282342359 4.4874076430519
54702.863741 -14.2699683923787 0.656065637057338 6.181678 7.692274667 0.179536104094019 1.67778295289917 -0.2460153890116 -1.8945187593676 1.1014813556524 1.7947641195652 -4.4405684049196 -1.5618229720331 4.4025992684748 3.2791606684669 -1.3313288069133 2.7379510709899 -2.9380471116985 -2.5548239836899 0.8865732430428 -6.3320227146769 17.7018339722868
54705.825111 -12.7303171717847 0.773169141832363 9.10314 7.694768652 0.181944359627699 0.685989481706654 1.4509460394894 0.319365067972001 -5.91469781957767 5.0633802948743 -3.2718426843324 3.7009665630885 -4.6100631278205 -1.587257369037 -2.6894528069162 4.7519465278192 -2.7047928510915 0.112486737344099 2.1676549209475 -5.4223626715011 10.3940656410287
54708.820731 -9.51029217581207 0.675081342463819 5.791799 7.693840308 0.182523014949643 1.2994309312431 -0.0531766759085812 -0.81142466729786 -1.66562118573842 1.17715741234394 -1.32155051869105 -0.4508435111922 0.65230282337793 2.93632279808898 -3.79867972637478 2.61519207865982 -1.49787941142645 -0.59202724540877 -0.945447890781001 -0.319803745232798 6.97579474239983
54730.764922 -18.4726290248958 0.675087203668703 10.229185 7.689725553 0.1780924975359 1.06077333908459 -1.3221916587514 1.3995013836399 0.177419751129101 0.229084047777501 -2.9705704384745 4.1143737356655 -3.4357028284519 1.2941168030189 -1.0640256974232 1.3416371024625 -2.4026790976134 -2.1724803921523 4.3787165425148 -0.111653989340599 -3.8357285433129
54733.728361 -15.6379626574049 0.506280918594152 7.853767 7.68928179 0.179505068741174 0.438840129693825 -3.3793241500412 3.7462440130806 -0.4967335711959 -2.7355894832472 -0.912793267017101 4.5622664792046 -1.0579311806556 -1.0421157438239 0.676542882939801 -3.7572918392054 -0.726849403094 1.9566257484697 2.9757066835118 4.0705662439745 -14.082338870749
54734.725164 -14.1040096496927 0.847781898843753 8.232982 7.686548844 0.181137837684696 0.557515852713858 -2.6621158291685 4.5976082028799 0.3430913596117 -0.758285780676099 -3.7095046860843 4.4781802346831 4.50084027478125 4.8577380809382 -4.0206396174411 -0.4456340719395 0.654377214142901 -3.8017956706838 5.9265825199393 -0.0296977452768008 5.43072767855655
54737.683723 -13.989234239518 0.792977541177864 9.70584 7.695196822 0.180433390522916 -0.638675840052899 -1.424031060763 -2.1982467190579 -2.453466337714 -0.694451352914299 0.0737908851103999 -0.6732748962947 -3.9108927763341 -3.95084224310141 0.955909682388299 -2.2065010672298 1.2750524594724 0.109847019591999 -0.8991793564881 -0.391415115007 -9.2154441611492
54743.654652 -15.8970585349414 0.543900271094624 9.218993 7.698841727 0.178455711682935 0.717306988544669 -1.0762543276435 -0.9853635130142 -2.938266852917 1.0712620817994 -2.2781704713796 1.9243005687935 -4.883897203437 -0.488913294273599 -3.312524396611 1.2493960988973 -0.0752812046212004 -1.6025725388 2.8282013523664 -2.9093337083539 -7.8596571862564
54745.652263 -16.2928597866406 0.581894780780861 9.952154 7.694797641 0.180112716203745 1.24373444481332 -3.2350598542347 -3.4208014884931 2.2719548213619 -4.522886820975 1.0885980953555 0.879683844293901 -12.5404871496531 3.4379460489392 0.1125769988833 -4.4426563813622 0.303827558864498 1.3267285401792 0.183635643228801 -5.5378948879837 -11.0165784437981
54749.819548 -18.4439549921831 0.630428240168118 9.659935 7.692669098 0.178741379382195 1.28144607365524 -0.6612864048437 -0.562611258226198 -0.2445129989798 -1.5921585188314 1.8091732804236 0.6457525023974 -5.1047569084472 -1.2254233761889 1.9345172590506 -3.1115344431561 4.5064275970594 -3.7866932308884 2.6976474631378 -3.1459006110332 -4.2447777327754
54754.695279 -19.8035038150696 0.58809288478098 7.694675 7.692556738 0.176683391646812 1.17711534206582 -0.988903439742501 -1.8575730776599 2.0551831023948 -0.7196272663912 -1.7347809825443 -1.2000674435135 0.3985006052507 -2.2881997588818 1.3138440928816 1.1862241806093 -5.2267786270364 2.5702853307633 -1.8869823829617 3.9666292325095 -10.6080327435223
54758.669194 -11.1170779065775 0.807727887570596 7.812307 7.695640383 0.180334865811763 2.86325886921936 -1.1134633141978 -1.326667400647 2.18997211875017 -0.715411049986669 -1.9758573263216 1.0975575354607 -3.7676403983702 -3.9847095435212 8.13735675921878 -4.19332971620278 -1.5529347586379 1.6722034995854 1.02143272792727 -6.67392930856347 3.0306410003538
54758.674889 -10.6682445516189 0.782384008250138 8.908872 7.698207371 0.181621255730851 1.70119427094254 -0.625461009886909 -2.9981717138982 -0.122881965689459 -0.51089202468118 -0.1420151632399 1.69179022386806 -11.488597340294 -3.41501329429867 3.65288159572682 -3.47300616818182 3.94528411775446 -3.07850861513226 3.78253133585803 -9.29707756433043 -7.3214272250978
54759.661153 -11.6448054083806 0.771195702321289 8.012016 7.69707281 0.182892651014723 1.74268790219162 -0.0168240634945001 -3.04860631718 2.1369923774417 1.01297608945995 -3.18293680995585 -2.0445175582323 1.2083786201089 13.5334499134297 -4.74746153760464 0.8472982630021 2.01036503434303 -5.12080695932623 -2.3549492864319 5.6384787453889 -4.9833354355271
54759.666847 -10.0087248804608 0.745367948009834 7.220884 7.696072102 0.183176449675841 1.26406240852691 0.15789335048998 -1.13620719924215 3.93660306200252 -1.82523089824212 1.38999849866356 1.14493519846404 -7.4413577567234 0.376274464823199 2.39372524701681 -0.97488293520288 -0.37719545600563 0.317373101910009 0.25332683967374 -0.69283729436885 -6.3103976081084
54760.673318 -11.0341888402464 0.664440980814433 6.876074 7.693061516 0.185092556556988 0.8368403323204 -0.2458192994523 -3.6901763448198 -0.995483316478349 -0.470943026399199 1.0220843425084 -3.8640920407837 -0.784269151387599 -2.02149342960839 1.54643667265443 -1.35216028679833 0.8959035366256 0.122323989000099 -4.7626972279149 1.9212814080833 -1.6270953211195
54760.678896 -11.3727767190408 0.678647407119001 11.141146 7.694719693 0.183925927507835 0.722914964719151 -2.23797579706721 -1.4417709105969 -1.04564016797295 -1.0582436787498 -1.6029874459222 -0.2123924616932 -1.2259088651267 -2.37955881299326 -0.35988769642 -2.6899987545685 2.0166341616226 -0.9018402377672 -1.1568285064668 0.766704660038199 -4.4941048403989
54761.691418 -6.83746137172628 0.643938525694777 11.697117 7.701002999 0.18512435645155 2.53583574610621 2.49249449033984 -6.82720144811186 5.16433174916678 1.22156189493434 -0.63933597518302 -2.17583239556513 -11.1282876832823 9.05035206724273 -1.27875012751945 2.59603079414797 1.14398120966178 -4.51694145466904 0.53370425824712 -4.73108521319971 -13.7958141647471
54761.696951 -6.04831448640588 0.626945070198668 11.940822 7.698500692 0.184481123694687 2.35956421562577 -0.8157650553116 -3.06600485605241 2.88669564915879 -1.08120585860805 -1.18216272162032 0.58058132861066 -7.89395965075033 6.84991770732168 -2.6919208738828 0.27590549353373 0.84910517078566 -3.80806689171262 1.63784995311662 -4.18137058901606 -2.167309191498
54762.665572 -10.580020190266 0.663061496988098 9.264638 7.698461654 0.182774181343171 1.36796959617518 -3.28166415635095 -0.4922784499984 -3.90123378095611 -2.91213131772123 1.6282077829883 -0.5508981004403 -1.7886984694094 -6.71192533350656 -2.68125981533058 -2.5555523824205 3.55122502519901 -1.95327004000341 0.938528655501301 -4.103473511827 3.9232390604683
54762.671092 -10.9538703397389 0.667267352575792 7.674549 7.700888774 0.18200312604417 0.693248772379024 -2.78677851187424 -1.6693872469394 -3.31264494623101 -1.8080030072484 0.109207493816999 -0.250422180298299 -3.8162746042857 -1.65339983493668 -3.32162125450003 -0.5343263680956 0.326599107599501 -1.5581153915737 1.9732577201611 -1.9959610973136 -9.974304850686
54776.651273 -8.13179269147804 0.63334920189155 8.079557 7.690701767 0.183060396881758 1.41896008150157 -2.54840264451121 3.50101332098752 -0.56185631725242 1.74899002041766 -7.38349145656868 6.73541524439814 0.0767324197920995 -3.37771560576926 0.36955183313833 1.49090666703851 -6.25701834633214 1.2270443598586 2.72532558846579 1.60272166928221 7.49433597001168
54780.596764 -19.8869185904789 0.655273641921409 7.215081 7.68829074 0.179620420250905 0.666618248179613 -1.9200127084746 -1.1595621923875 -0.454272156741801 0.429392912861701 -4.0019738319899 2.9822235786232 -6.084232339636 2.4177927580708 -0.204892396043 0.488587812958603 -3.1467337249844 -1.6102970495436 1.843682945248 -3.5820794106368 5.2492390487389
55020.919919 -16.3942300997927 0.476481520133656 7.68044 7.690437833 0.17567139042428 0.973706368070498 1.2370948510679 0.0370588598291004 1.357903904833 -0.376313314164399 2.1983943809851 -2.7485295763665 4.710686449129 0.836142941957199 2.0762324935714 -2.1628023262356 3.4490100870383 -0.1167937785803 -3.7446553233879 2.3672727467819 9.74943414074019
55022.872061 -16.2366689336787 0.651493066965088 6.025862 7.691149143 0.174242903263972 1.00090136188289 -2.803593527793 5.8438751530173 0.5124513035463 -3.3516282164488 0.718210366996402 5.5566849228333 -0.1036851109351 4.2018854204516 -4.476066988623 -0.734395768769001 -0.656140702951898 0.00250046715389729 6.9976687802267 -2.0070109665007 0.6552469577297
55023.924765 -16.9656332029152 0.58252245501607 7.1924 7.690742332 0.174065594534765 0.851457777387101 -0.5219314894766 0.686498148479302 0.658064273456002 0.537429205482098 -2.3631988717105 2.1383209159413 -0.891508368128502 -5.2138182833886 3.6119797093874 0.243695266987201 -3.0926766494586 0.5479091113205 2.855245370581 -5.9445201004212 9.2799469988473
55036.898599 -13.6953202344073 0.629908671102876 6.782962 7.688632948 0.175261606570372 0.740205259896614 -1.1485233157836 -0.828087047171302 -0.8881130502181 -0.602080697027299 -0.486016105527101 -0.212954301236399 -0.979249329575701 0.450820826535601 -1.1660948080476 0.4670702501846 -1.9945444476924 0.6056666021358 1.2135079697409 -6.7352967333696 9.8519738548012
55037.882682 -17.546443490927 0.49420264065822 7.470376 7.696605739 0.174729593357873 0.160569910596097 1.0828488239803 0.6282006173364 1.7981893492476 1.2982303648046 -1.4895713625131 2.0764403249675 -1.8668516848372 -1.7548547018655 2.4240942563042 1.5826279853124 -3.4303461231592 2.1779892247177 2.0997686185607 -4.6419481350226 3.78803905076
55038.891871 -18.9883300227619 0.52095052283022 6.83074 7.688906747 0.174554898618062 0.835276511525709 0.844765431348499 0.112629100248899 0.866386951532299 0.452485066630601 0.224079139339899 -1.2638974133398 3.1408491909724 2.6732957321799 1.5983111550341 -0.4328136034068 -0.418552880839702 0.964465476434 -2.6474376804176 2.1942618792864 6.6295575867121
55064.847698 -11.8653506790787 0.529622798522018 6.866652 7.696031179 0.177823798976538 0.952643860811184 0.194615280354499 -2.3843858986981 -1.7440341617026 1.200748896048 -0.8624131702959 -2.2110427227165 0.567788799908699 -2.74674462946994 0.9940460893196 1.2829498954564 -2.9836939729184 2.239243097088 -3.9868547554177 3.8473989750301 -4.7778562848318
55066.857094 -13.517663065539 0.566996774480317 8.361788 7.693304208 0.176327410839928 -0.358058354000594 0.4332866667062 -0.543367949753 1.1204979178159 -0.119277516950101 0.3695628928605 -1.1637013120438 1.1218027830589 3.9258789566288 -0.969998631693199 0.585401977116199 -0.068013101187999 -0.596369535655001 0.275795743658501 -0.992278638441 0.612472946555901
55070.785532 -8.74137583537203 0.606389229640336 4.908063 7.689798546 0.17797808088293 0.572271302385721 -1.25793761510283 -0.94049506139331 -0.964549207937179 -0.52432604090742 -0.79743569585901 0.94192206689341 -3.71259573316375 0.209325064569479 -1.24914218436054 0.28672125959676 -2.44507876456972 1.9074455145402 0.12195186470678 -0.412136961330601 -6.87459760417178
55073.767749 -5.9712085246373 0.843898803368047 12.653444 7.698876082 0.181517300776021 0.873081000253824 2.82326236405602 -4.12655033314553 3.78380964445173 3.52354473226792 -3.41371012977371 1.06465087860386 -8.71171115904404 6.56532843071329 -0.25381421780775 5.34903152531013 -4.97052147419284 -0.10701998168441 1.87951121662955 -9.96732224182057 5.74488738840775
55073.773062 -7.54342266754639 0.721790019047708 9.388308 7.700516923 0.182026591924645 1.53409845140592 -1.25118475430788 0.49146822004758 1.68660536878604 -0.544275185785071 -2.26940622281181 2.66832429053702 -2.7610429016023 1.94515226004514 0.12293119606332 -1.06511867460776 1.80732524165526 -4.9649922656535 3.93737374459235 -0.498290297411271 -3.04315962424338
55075.749564 -6.04527506564609 1.20867229314224 8.285332 7.692859068 0.182044016520705 1.16573572814706 4.78918884903699 -1.00868258841973 -1.60947916132319 6.3592056388139 -1.9954304627375 1.04855499879062 -2.7423011411639 -9.94798787363884 3.73737351518107 5.02452497387932 -3.59414935194154 4.49171708400516 -1.28404630247072 -2.24439860189223 -0.97296647599815
55075.755027 -8.34560842635992 1.06809790310285 5.259407 7.697318224 0.179621066777364 2.05886657354008 1.48942056659886 0.79974795543055 0.036034592508539 1.73322422756983 -0.464116405254431 0.599804015074601 0.964601643946479 1.15510898118395 -1.66883755769266 3.81792820889673 -0.89780571297174 -3.02741058252029 5.89209107541737 -5.54392160358187 0.972167615496989
55077.785242 -11.6259666962419 0.968915346154459 7.814999 7.691037333 0.176202456455287 1.06660266377708 3.3070500630629 -0.6703013688178 -2.0168558018424 3.5974390287868 0.608627392853661 -1.84256062257876 2.17786749483623 -5.89357726569618 -0.3276830850688 3.9330405460323 -2.569701378854 5.89306313292833 -4.42285249183623 0.4921553506585 2.90254550138043
55077.790243 -10.3206807071144 1.07390589950677 9.764176 7.68976022 0.176287569826742 1.10389788565679 -1.54949404947177 1.32805460090243 1.74570601506183 -5.45343030023863 6.17645668342195 -0.98048838720301 -1.20403448257124 4.66902521716164 -0.309680538136419 -7.09527748069022 6.50061076565942 2.27339610543303 -2.31727587066808 -0.69514680415527 1.68510011961402
55097.777269 -12.7507095513255 0.553740826443416 6.690185 7.687402703 0.175619279382405 0.964636282479396 -1.4363361984721 -2.4755841416713 0.1026457304523 0.456563347439399 -3.5954503282086 -1.7452295944267 2.3404634989685 2.3163848557296 -1.4633609367731 -0.5039377789616 0.473918171508299 -2.4267879553353 -2.2422860368657 0.0704612705652998 6.5767384862621
55100.721451 -6.21868930763266 0.669519624483685 12.838227 7.70280779 0.179670041170547 0.757015537585954 -0.58452877791533 1.05696188128983 1.27916236981709 -1.1702459986487 0.33226355836451 -0.29142833016021 2.87043037861429 0.6350583445751 0.78145855842244 -2.18957240986578 2.69628816132363 -1.84614803904442 -1.2026443684674 5.49593822255689 -2.1765647053465
55106.66702 -7.39446998859331 0.624057025453057 5.470226 7.689696464 0.177480863120963 1.57428459189765 0.0166025163956496 2.53740364373217 -3.19455185775381 0.82453172989371 0.34400740458473 4.61132047593779 -5.51628998085245 -1.55387863256017 -2.49840964222048 2.7004592677188 -2.05295485175623 0.385765814985861 4.44518532061763 -1.70943263516948 -3.10811327609257
55153.60187 -4.32250098489704 0.727360156521912 8.846607 7.691967448 0.17608998931476 2.10787874106675 -1.98524824916924 -1.03101311835984 -1.94210200665943 0.40192944259506 -3.29700112654367 0.89264559940602 -0.96143201931566 -0.65401641913562 -2.44015470015075 -0.30515384965972 1.23820910912472 -3.37564176587253 0.382425234852421 -3.02415488276039 10.4841459482042
55162.608446 -0.439190989425586 0.625233233173283 9.35979 7.701436632 0.182653202576931 1.77212692053898 0.940278443921175 -1.12333391133194 -1.83987530834047 5.11188133447695 -6.65095704842216 3.04337319276214 -2.69751913808265 -0.693010402914285 -0.268570227523673 5.37917576268818 -5.90329977437788 -1.01861121476507 0.37036124493497 3.44114504521567 -2.99389948048124
55373.920319 33.8595845691159 1.30686082575436 9.171811 7.695808508 0.181234312312888 0.455033278625608 2.3885785828948 -6.2800185727993 -9.8355755965507 6.5581345628827 -2.4965661900118 -5.8607010310537 1.5597825778475 -6.3502996806484 -3.9929665034821 6.1019114481916 -0.361606771540998 -2.3053624319011 -7.8839072821964 7.7932858379136 -5.5729395985456
55373.925898 34.2728959670617 1.31504235412914 7.203605 7.693557596 0.182089630176312 0.727235286637197 -4.7041684298017 0.653612086988197 -8.5295821534252 0.165653704434405 -4.3993592631663 1.9850035572044 1.3397985400946 -11.004920946422 -5.8899024902258 4.7963969072276 -8.2612030456793 0.506886429953902 -0.0732863169567004 1.9507405036718 10.3814340939533
55375.939132 29.1393348797678 0.790911650251752 5.7611 7.698506063 0.176525592593924 0.862649248195894 -3.2241978527882 -2.44798371317 -6.1838249591588 -2.1286309488785 1.056372393295 -0.841564133903802 -4.8136274977832 -5.4809927296505 -0.518788238454 -2.47564321624 0.740459945208098 -1.0320718204728 0.8748708150192 -6.717185557646 3.9039264630811
55397.896275 22.6767875986082 1.08413423070465 4.5552 7.703426454 0.177210499818477 1.11998960888269 -1.0331880866566 2.0369289093744 1.0808804493285 1.0265866941773 -4.2742472447591 3.5743808381783 0.828767730957999 -8.1399213019904 4.6100623139625 0.763072542849898 -4.4449167472502 -0.114868443219901 3.4573838901958 -1.9382610859505 6.1421242390979
55400.915305 22.9468821000993 0.60277726363253 7.177811 7.699688109 0.179277366780554 0.35870559650933 -0.201480026754101 -1.0275948224537 -5.9442636746458 3.1448361094661 -2.8142291781571 -0.0517612440352018 0.698455153814599 -12.6958006862072 2.5338525257849 0.9017324908001 2.1833351722544 -5.7454876227347 2.117465413855 -2.0390948655716 4.9896229658154
55404.853281 20.3544405600464 0.664746088334528 8.049533 7.692121523 0.178633682805631 0.338969185436002 -0.5924037837394 2.0640711057872 -1.9458820126225 -0.0111490650111996 0.0467800860073027 4.2008065505019 -5.3848831439772 -4.6248725420138 -0.9189658277406 0.734438792320301 0.390892786943198 -1.265353040041 3.7424785116805 -4.3522888531704 7.2097173293416
55412.871278 18.7345868216263 0.763941482176971 8.00705 7.69843617 0.176424854229577 -0.127002996688244 -1.2766815374242 0.355021903596597 -1.5856567820256 -1.0141630709266 0.381644577952699 -0.971610145942797 2.7123190026499 -7.1747451602128 1.5242789205357 -0.382380903615601 -0.294144303536999 -1.310918910814 -0.1664160969781 -0.341986026256698 8.5462238151786
55455.692891 21.4373598406867 0.703973925630041 6.532012 7.695076278 0.177966848569812 0.699148138603632 2.6599020079727 -2.7132817236051 3.1240549933986 3.2821581097013 -2.7638104713974 -1.9277357745125 1.0635975282101 -3.3130665375479 6.3646312536473 1.8130243336554 -0.942480248272002 -3.2482581170869 -0.9821662490126 2.1798755437772 -2.7005092888407
55457.746513 15.7804686443688 0.676713788621734 5.216839 7.702767271 0.179218886658965 0.232968457903464 2.6778004026838 -0.817486165006599 0.462943782522601 2.8166018167997 -0.500072065918001 0.514364946935903 -2.7459080990587 1.6627306638999 0.866475495335301 2.4458419351132 -1.6762577099731 1.9055751663058 -0.745937754508702 0.550457045267603 -5.6499368627152
55463.850289 24.6249238298805 0.708433001434793 5.543439 7.696186456 0.181166461579434 0.315872944855752 0.0226511434388001 -0.698189583447398 -3.0149784041254 1.3355822176227 -0.7594762897461 -0.570132970875399 0.495671089446699 -1.5074091023327 -3.4495787877173 1.5533114676326 -0.7262297246589 2.2663607587921 -1.3913022036243 -0.689981670443199 -0.744354821276502
55465.823825 26.907605450951 0.791883993642926 12.59581 7.704987212 0.18141962317393 0.194279834155963 -5.4977750723182 1.4426583721174 -1.4461039688686 -4.4348507027367 -1.1398070553197 -0.368019476204701 5.6038412350938 8.8266975041766 -4.4518320567335 -3.5117649543396 1.22859171151 -4.8765544065197 -0.00208876208990105 7.542744571842 0.563421039141399
55480.704921 25.8550283350437 0.582999199229509 13.109544 7.702225589 0.182576594658354 0.777620792883207 -0.682620165509 -4.6536416506491 1.804546321156 -1.2777014354951 0.0981798202177018 -3.0823828185951 -4.0135292449491 2.0671971367325 -0.276336328900101 -0.456744237912499 -1.6838639115989 2.0883991311607 -3.958021168708 -0.7967114657068 -5.987533265167
55484.677535 17.9160960995344 0.55249930578813 9.057865 7.698040435 0.180351497075226 0.738978322641357 0.8639069202762 2.2831006930113 -0.845749858410599 1.468825336433 -0.6317853945135 3.0923015448118 -1.3322612748578 0.499842135090301 -0.7747548017763 1.82000862764 -1.4022854043749 0.817026380222501 2.7850979893831 -2.7159117302789 4.8061629467042
55488.705516 20.2772801010484 0.556853556293405 9.166612 7.699622218 0.179815649504634 0.253467801973523 -3.0700227252858 -3.48723350581 -2.2282441272088 -1.1116067121821 -2.3347204144728 -2.5567460226825 0.315688970390301 3.5803986759355 -6.3375618477359 1.3123997554371 -1.7285512002436 -1.6082993862776 -0.848301896714698 -5.3842099855867 9.6465981080855
55494.713311 25.93584195793 0.674726828900516 7.478017 7.698064281 0.178450569470313 0.708083308899687 -1.7575628214351 -2.9411471399923 3.5619213422891 -2.5574468984175 -0.502539699282398 -2.0770363581442 -1.5561281923862 -3.4506951623928 4.4720870595386 -3.6406075129333 2.6893380066347 -4.5354906121368 -1.7363719859065 4.0924173867114 -7.3973860917021
55497.652849 19.2353006548309 0.640691112243017 6.526468 7.690842805 0.180155651901381 0.775696591539176 -2.3993669961986 -1.1331242846052 -1.884839776459 -1.5485031565893 -0.504271434623099 -0.8868833187531 -0.0490721133371004 -9.3334544455983 1.8788970602564 -2.3364449231819 1.5685630284749 -2.0524484970324 -3.7079136323362 9.0846856780127 -7.2366670106434
55499.669537 22.4792767866691 0.850774482069468 11.183569 7.699253114 0.179906595933843 1.03429575757923 0.5912581314162 0.110353832774901 0.306059713239101 0.5065432110339 -0.015472705216002 4.3373419515872 -10.0918518156226 2.0880100104572 -4.9933925059198 3.9392790239886 -1.2815617850968 -0.842899948176999 3.7449955729602 -7.6868647745404 7.5992053498729
55516.643474 21.5321631189252 0.702057165450308 8.986922 7.698304926 0.179149172849328 1.11400120340891 1.8748012033147 0.0776391220411021 -2.4877700704968 3.3689451819767 -1.3214007195671 0.848891799819299 -0.442287387533799 -1.5916800984225 -2.1006080712896 4.2141144787765 -3.9280948769113 4.3039097667265 -2.0154210948238 1.8655594159718 -1.8032781096612
55523.619897 25.2381192009781 0.717893519984066 8.153815 7.697403166 0.17795914855598 1.19263568905021 1.4624626826917 -3.2164651343447 -3.0954352648076 2.1076157403078 0.5077404992963 -4.6218875521849 2.8151703142448 0.0300029969794018 -5.2403341402588 4.2812320965814 -1.7180433386452 2.4821669784609 -4.0573641995264 -3.1542102970493 7.8164475690157
55574.566742 25.3003137346716 0.574183730202528 8.940585 7.697884925 0.179051507679476 1.41310540996977 -2.8414091732576 -1.4051224531717 -6.3972377243193 -3.3927334204961 4.2287723102097 -3.5237359411533 0.672241541694699 -3.57987901696 -3.1876380564241 -2.9965546421798 1.8023051334505 2.5266428035216 -4.6426017635748 3.211846219372 -3.2485501529136
55578.532073 24.8520566626185 0.652532782930043 6.001454 7.699879223 0.182896135610542 1.19303713473708 -4.0370917749883 1.3980942446198 -2.2676854109655 -2.4265747616453 -1.6911608736012 0.627718470411597 3.7618769110188 -1.0107387789726 0.4423781766437 -2.0286181984492 -2.2697014541611 -1.5890982509889 1.6687655323377 1.7425751353378 3.4034575701316
55803.762849 22.0596507684773 0.659433968846817 5.371344 7.699589078 0.177509335792507 1.62418894755403 4.2380873627506 -1.2826792554222 -1.4503663867937 4.0729489433069 1.0209996193465 -0.691258025184801 -2.4825425325491 -2.0834654999178 0.318579857112102 2.7860346053738 1.8167433182647 0.9272990854925 -0.6385055083454 -4.2907869546981 2.3903625908389
55815.768777 16.7508621384845 0.758844293179106 5.155946 7.698951093 0.172878690755409 2.18007502726525 1.656262423466 0.595965073357601 1.5243389239933 0.9117293786835 0.554954185345 0.918304185248601 -1.3575124471905 -2.3526882059939 3.9905206939284 -1.2032878499948 3.7577663104764 -3.618028776144 1.4706184161889 -2.2652747523954 7.7104486160844
55872.638328 24.5795442462231 0.722584731882441 8.789613 7.695179196 0.175135337611956 0.629381428835067 0.3769188469449 0.196612669374101 -2.1750041817192 2.0895535930247 -1.9163515957736 2.7685503843392 -4.1947098288032 0.380950132677299 -0.975902600392299 3.9822596445184 -5.8427724402151 2.0246311508681 2.8258552252352 -3.9757493146841 0.549977714817601
56117.911489 34.2668428705633 0.579442464114657 6.588913 7.704259099 0.177441532037253 0.33465908509176 5.5306816477509 1.0959955140958 -0.724961752404397 4.708111279433 1.8550915335913 -0.506154550662096 1.87795448824 1.7563293534857 -0.872651647329398 6.5986694190567 -4.3476313870499 5.6297162887967 -1.8372945449649 1.4483829398508 0.154115970989103
56150.852987 41.9197518373999 0.851343653630431 6.888187 7.705839583 0.180008880460175 0.779380785516399 0.302527693751401 -1.2526848266984 -3.1389229653199 0.5532060211588 1.1499838598888 -2.1869907952713 0.9988236304903 -2.17044407425701 -2.8859725567381 2.3417984895995 -1.0152605628321 0.828072010813095 -2.1872460628968 -1.2945850215451 7.7294413660092
56172.780767 38.9545908686069 0.846009530479371 10.063089 7.695762528 0.174343742094385 -0.535945712108624 0.710301640914103 -1.9976787024774 4.8777709703583 -0.0542657951349028 -1.1169093912893 -4.4770891837359 7.2185324347136 12.9487964266273 -2.2054842669899 1.1571729165311 0.439570614851299 -3.480043126773 -1.2055495084698 -1.4701927699256 11.3991726813115
56186.782791 46.7224521595435 0.644325188065417 7.65553 7.705950984 0.177607745177284 -0.205510383008756 -2.666950332145 -3.1080382945107 -1.774240294772 -0.335728865710998 -3.2847205375496 -2.9716052527551 3.2888973316006 -1.0115267796374 -1.8047902130875 1.9180239132587 -4.9076630961124 -0.871605175326998 -4.5980742161175 9.7073128270273 -7.5801314174767
56204.757534 52.4717257711977 0.735757240498554 9.198577 7.7047072 0.183227070133269 -1.39175218521457 -2.2836327878635 -1.72560630808319 0.0491998579595005 -2.6376242876447 0.612989135018296 -5.1008273345733 7.8436621358213 -3.5440365812773 0.117586418517099 -2.6992487471592 4.7853174389992 -6.5423432746276 -2.2329205869797 4.99233205114 3.088874355862
56210.718646 51.7542543759502 0.748549029116583 7.420731 7.711591671 0.180128219178954 -0.270616311499749 -1.5700817544439 -0.170350306111395 1.0488927023542 -0.118643305682802 -3.0783532626674 1.5230196234068 -0.886438162257399 -5.6760787218353 0.134158689808295 0.653417776756804 0.399966420533097 -5.0161278422814 3.1324011875402 3.155148196061 -10.5406900551726
56248.592143 56.2631545151651 0.612536348092149 5.894018 7.70777362 0.18230158995775 -0.992125802861512 -5.3673624069592 1.7203991323898 -2.8385078091758 -4.7166299155557 0.313885675753305 -2.36443038977571 9.6035764465593 -5.6821504737318 0.853859280829603 -6.8337741926645 3.0417266896192 -0.726125744496301 -2.2147656603865 6.575045258094 -0.290215252723499
56252.576253 51.1265379558273 0.68911133973612 7.076885 7.702632272 0.183185666288229 -1.3731506374931 -0.405727721724801 0.379140590323502 3.5167827597636 -2.0718612519842 1.1664308593683 -2.2390733829623 5.09736425774661 5.8134366161457 -0.614155054466401 -1.895565028525 3.6875679618338 -3.9508155584596 -1.9037071089642 8.0850422309529 -3.5081004927404
56291.572356 56.5483294381047 0.668777977762311 7.59291 7.700736396 0.181237826272044 -2.03447313404149 -4.5191349945199 1.2515614501256 -4.1993131424712 -0.0353553267053996 -5.8058580317561 1.3166118993329 5.9263790479328 -8.6239230046672 1.0552783577735 -0.301413407161995 -2.11296659083811 -6.0834117755565 3.4105857154894 2.2628108113753 6.6526889576448
