53287.738165 2.20966433898999 1.32108508209003 32.220126 9.343738088 0.192441545868934 -0.21581709713217 -1.26453704022761 5.05107495041174 -11.0955213767121 2.22618025183668 -0.525526481961599 5.31891004324387 -0.0657498281425504 -5.69676400861324 -4.25177961061908 0.350793284920479 2.99254096034619 -2.23604016917099 2.52266318704359 8.39936408235961 -7.70901131964812
53287.739241 -1.36915635542034 1.30911972736297 26.228934 9.349986075 0.192176911982923 2.12032071895926 2.12032071895926 2.22220794135608 6.24124962285671 -0.5036761688482 1.51502972550373 -0.602941141064087 5.07939025167855 9.81311417814114 0.81355153293811 -0.94093951185005 6.49034420041241 -8.28380623752425 -1.48355266486635 9.35490967822115 11.560406013211
53287.740283 2.13081291093798 1.22837632008497 33.716208 9.350124064 0.191855277032148 -4.37438897548099 -4.37438897548099 0.428277553178354 0.144589680524439 -1.89441233657976 -4.66655635595686 3.42258529065064 -2.00390724056349 6.02334566836502 -2.08268760038774 -2.78502930572514 0.18346830221365 -4.39464935098636 -0.30406225256078 3.57003903947909 9.2942736287676
53287.741336 -1.13989584699523 1.16495778920903 25.810798 9.340653497 0.192420394287843 1.56755598552995 1.56755598552995 3.7315305604103 8.11123876329293 0.991722079360154 -3.34467173634816 5.50440698686111 -0.56028614132797 10.3399836944335 8.94500769995976 -4.60402432249075 2.35604619863556 -3.08756782080836 0.38514694229357 10.33498561275 -4.24467483724039
53287.742389 1.97330220886014 1.20355865528027 25.564037 9.345171381 0.190782894363067 -0.94883789208254 -0.94883789208254 2.47589380957012 -6.29343521537678 2.06783304440387 -2.17706156978372 2.93375219403844 1.28423476377008 -8.02672620391573 0.843801101951594 -0.20672311076059 3.38434156224369 -6.65214185856035 -1.1769136540766 15.4099032861028 -6.10733832886636
53287.743442 3.82748619737885 1.17218387650929 27.369925 9.349255461 0.193382458042104 -4.96239760232852 -4.96239760232852 2.72644073415579 -5.42572162832785 -2.94555130974978 -0.80580053799442 1.10745132228159 4.8029343125593 2.72471547740411 -6.05146869917982 0.40730954949453 -7.17097583879199 5.42853907984482 -4.06078467298706 5.96592956974996 15.1166264452418
53287.744496 3.70864949606963 1.19907822642829 29.041425 9.340554489 0.193614554181046 -3.79913015092618 -3.79913015092618 3.76072894535288 -1.37715305438587 -4.20870189500078 1.50818985999595 1.63063839412724 3.42526693263023 3.62048793196581 -1.16960062694654 -4.47426175542058 2.55437092568948 -2.69100305848558 -3.10202139647483 14.5337443179939 1.5995813283125
53287.74556 1.53206475579565 1.2215870749649 28.503455 9.343459387 0.192747469909815 -3.79913015092618 -9.00607765027138 2.97928229982477 -2.65790420001194 -9.31082444555769 1.9856441404045 1.26401688725102 1.91569225327363 15.7656879270844 -5.76394311088014 -8.35160368410044 -2.15192533107003 4.21331222644551 -2.03843586884628 5.9959614688888 -0.37973496033435
53287.746614 0.387074233218684 1.26051912041676 24.043043 9.344988184 0.193037794304793 -0.365795983560123 -7.77224389596123 6.62197449438106 3.48592910810496 -7.15699912315924 -2.99716138002077 9.45295689279511 -3.44175513543433 -6.49890530856245 5.43956495973532 -6.79482193761777 -3.52547500644245 -1.26443223539306 3.3988401105845 11.7142790308757 -4.26115878169453
53287.747655 0.679095718372789 1.2179842289392 31.591649 9.351135303 0.192061308286737 -0.365795983560123 -2.24578280900365 6.52543666243769 -6.50394610725501 -1.69833029484299 2.51515104906793 2.2245246307879 7.48421111145732 -11.0401432419156 -1.81673565252159 -2.50741413996404 4.61675524879721 -1.15856658917697 -3.76299570909771 20.6651854444406 -6.5323134237192
53292.712631 -2.80453412135373 1.07153617535289 29.335272 9.342824372 0.190123318594565 0.176039658730409 -3.8545557930376 6.14610698597545 -5.46077012760847 -0.7866631286516 -2.66054023604837 6.21116784258167 2.80051685349384 -7.85412461154756 0.3690944394294 -2.68437561584501 0.6212535079495 -1.91464904693502 2.44831073697228 0.65392548174513 24.4726070156847
53292.713672 -3.12186686004443 1.02477318099495 33.120244 9.344750999 0.192180701801449 -3.70805395622961 -3.70805395622961 6.04875654557087 -4.09803116220322 -2.99181462582169 1.05420907853663 2.27715087781727 7.86881855809147 -0.526470362988045 -0.50493905326384 -5.21883946581634 3.88738184562157 -1.9711702619293 -3.469526855478 16.7185805897102 5.60550517003914
53292.714726 -1.93867990348234 1.05550503251669 31.652291 9.351835017 0.191517597186941 -3.70805395622961 -6.15721276754339 5.89705742954392 4.19842108246478 -5.68846271581665 -3.23954083794419 4.64354597840522 6.67341944409334 3.09425939203189 5.31395317435862 -5.27029863088533 -5.26329585397577 -1.69344913692497 0.0710661947249802 14.8794039137435 7.23063689265236
53292.715814 -1.58311209134427 1.01528119671446 29.2419 9.342674008 0.191717138496049 -2.53860543703432 -6.79666202457653 9.37455951000283 -4.7369008166499 -5.68513289656439 0.59683034640063 5.73605487805563 8.07835968818371 0.50759116785308 -1.46334708907653 -6.75094919737402 2.1595920458845 -2.33773218456246 0.90079218477417 17.0033972008407 3.4578968094467
53292.716832 -2.70399596554842 1.10722048792854 29.264856 9.341647692 0.192844122449032 -2.53860543703432 -2.53860543703432 1.17625962756253 5.90442099752649 -0.906041648040687 -6.38819300034669 -1.506400711667 13.5880963930871 4.24576078927004 1.06533236000246 0.992249921544982 -8.7319097652076 2.93450657536235 -7.70810422867253 12.9134219290145 19.1229420441464
53292.717908 -4.45905994810516 1.06232370310571 30.95273 9.353658288 0.190345526567493 1.30902149769401 1.30902149769401 1.36244845264926 -4.19503567231484 2.05806411039007 1.01986764979268 0.64850027193119 0.57358145314624 -1.27437569978548 -0.338525977192631 2.96380682543342 -1.3967667992849 -1.21776669485357 -2.77966559968524 6.68867492666094 11.7499125816439
53292.718962 -1.20400549816775 1.04056814444858 32.148015 9.346515088 0.192840211055667 -3.83530589208309 -3.83530589208309 7.00984992951769 5.09140520328411 -3.00961888086526 -4.5187533799691 4.9080485202611 10.1399307314005 2.88359286349196 3.01610103102576 -3.18490324162373 -0.506820892713645 -6.76058656836613 2.06217975160103 12.3399004706712 18.7440140292536
53292.720015 -1.17915618696613 1.02004070564762 25.163456 9.342663115 0.191870713018404 -0.737460546845358 -2.45746636612523 5.85431048238913 4.51721096140685 -2.63967082292942 -2.24781733681306 3.39109632960879 8.56252559340498 1.02634547666594 2.83324872447635 -1.39204827532426 -5.01470479958573 1.77460383048864 0.64619190264734 11.8665059279037 -0.784877033237789
53294.725004 -3.93616815761511 1.3325813393024 24.032409 9.325023012 0.18305377086402 -1.24361136825451 -6.98041183202435 13.7793982754177 0.92577202561217 -9.00262846494977 3.27685511717593 8.37470109714984 9.16407487076383 -3.74095470001033 0.94149169572621 -6.89172390465932 1.57568440155554 -3.18697754426893 2.07999187492848 30.6361970496137 -14.5900710683142
53294.726045 -4.11476790259046 1.50389229813813 29.407153 9.337334848 0.182998614973548 1.60920813245055 1.60920813245055 9.53296846053345 -3.82528784643347 1.10703919450513 2.92121179362506 1.64857145227532 15.597932935744 4.76919561552066 -1.01016064289037 0.0196964630203498 -1.22629053745911 6.50298314162272 -4.64624428718464 7.17951125022412 36.4266460949007
53294.727098 -5.43251575734857 1.39305092733927 27.068624 9.326398968 0.185319208885955 -2.79744519526774 -2.79744519526774 17.8252566114818 -4.1308405761015 -5.90717215365116 8.1389772453741 10.468775390092 8.42913285145519 1.00304261743148 -4.81235598747499 -7.25066125883719 11.5115329787134 -2.26599280550159 6.911921908032 10.120977120758 16.5467381144996
53294.728163 -5.49821709382665 1.29999518713259 27.4827 9.340406061 0.18399054259205 3.79081120517562 3.79081120517562 9.79182609429024 -3.07214465793596 2.48311027187865 4.11949198167206 2.51853338120737 12.7435791865054 6.9853380560218 -4.7705020766541 1.45678621971784 5.85916956704332 -0.2221524137445 -3.76218974763527 13.4869381167827 25.6456280647811
53294.729228 -6.65333038278417 1.30461669844685 24.234341 9.331268751 0.184885423735254 0.35128162535823 0.35128162535823 9.98243477208687 4.87799683309982 -4.48396207863912 6.33104250901801 0.299651474399179 15.7169732397011 -5.42565694233017 9.52554402543296 -6.54809123035136 4.14588900049748 0.85449225344318 -6.53717601429706 21.8329677924009 15.8639212609293
53294.730281 -3.40387766748557 1.22896601221854 29.018351 9.330651883 0.186417210271778 -4.78104839014568 -4.78104839014568 12.89906599538 4.75429689884884 -5.22161706038119 -1.78543189680421 5.6326295043854 19.1088482367763 9.10162479699593 -5.66796328025313 -5.98557095174674 7.47072500708259 -6.17652430383638 2.16403390478088 16.523237526968 19.8042005035554
53294.731323 -3.20316511669812 1.28612979355913 28.485494 9.328772751 0.187444741734626 2.45638677217178 2.45638677217178 10.092482347196 -10.8279140606304 8.41911887062861 -5.26262150458066 10.312886045643 5.22040075038664 21.4534331211423 -24.2747423155928 15.4079985542303 -4.62374316759125 -2.89146633088044 9.06647089688407 3.03684075308625 16.1202507053998
53294.732364 -6.64553761792035 1.21658849718539 26.854278 9.333993981 0.186893808085749 0.960335204470019 -1.22440055475921 4.16767116166223 -1.05243095059042 -2.02304543479129 2.06298847780949 1.75888523979592 3.4176108959168 -1.75884948790672 -6.41452777326179 -0.79917239600289 5.16781220825186 -1.2196000482846 -5.25358289333006 15.7345687647977 1.20788054459211
53295.791638 7.4676799225506 1.18904344978799 22.127925 9.340397537 0.189374582683965 1.79892742513577 0.149406935931149 4.21720338889106 -3.67873346237423 1.55946163224693 -0.6434849917275 1.97161642816929 6.08273090355852 1.46217697518104 -1.39332459771741 0.62148900847923 0.47546486493131 -0.913897875233411 2.28669239627896 -7.88915362816992 35.1611397162019
53295.792703 6.91947826771883 1.14975514296514 21.407428 9.343631678 0.189515054406231 1.69169343437102 1.69169343437102 3.45876509102435 4.08679256858986 1.08734358351238 -1.13212913159614 1.60107694938575 5.7262070464357 -0.94836971854446 2.19848965786481 -1.05377928764605 4.03505146704628 -2.43596031645615 -2.79743392541008 13.0735973099458 -1.25055510502
53295.793756 5.63146808504211 1.06484700504743 23.867601 9.335031586 0.188996010151866 -0.91651102431874 -0.91651102431874 5.20804957935457 -6.69355123038603 1.59164062047954 -0.88719704081185 2.31897790464445 8.07836427838849 8.47974125513985 -6.184348675967 0.729340454682351 1.24824873569044 -1.59556154409882 -2.10342720144603 7.22060938593017 24.0865773211645
53295.794786 7.46866354743214 1.11243763172626 20.292404 9.336625013 0.188043598025801 -4.1876397546582 -4.1876397546582 7.9452870252342 -0.0720453330022899 -4.34349037095059 0.32899469830645 4.9911184642231 6.6183660865787 -0.0571765740829111 0.70257643799785 -4.94143048312554 3.54531303818239 -5.57956452294297 4.31136874088216 7.78156733115784 11.093901207775
53295.795851 4.71058630138614 1.13153303191267 26.347958 9.332145868 0.188994523429583 0.51591139888705 0.51591139888705 5.05222142346625 -8.17623819966265 0.66393741983797 4.31766678312043 -5.52832334506037 20.6399387442177 -4.00564249126303 -2.90581360726828 -1.3786066514615 5.11506147883576 1.76393367937182 -13.1895840500249 24.7400994173458 14.8200555437268
53295.796916 7.36531105768543 1.04861301179732 20.137928 9.341770197 0.190717741270626 -0.52603456403235 -0.52603456403235 1.48453653988912 2.05541641841964 -4.37839027901531 6.1275305163996 -1.8581151622676 1.07530414716389 7.89866096741692 0.820068084418661 -4.50372867349097 3.84298161629764 -0.0773882538356609 -3.63161506678661 2.76946734085683 13.8704580297148
53295.797957 7.96370774284332 1.03232109179968 21.31231 9.345201568 0.19059372287696 -5.44764691213336 -5.44764691213336 10.6436605495509 0.39054274876921 -7.35193689255344 3.40098906359406 7.34232063133438 4.1297006177158 3.16312251328918 -0.610512494752401 -8.81632962576539 7.87410497484705 -5.3786151410326 4.22571263569777 10.6220153918196 10.2273705377213
53295.799011 7.66437362407014 1.1573628702652 23.735179 9.344796001 0.189202116810173 3.51808239955456 3.51808239955456 0.723790020893469 4.49295373853073 1.88787023044889 0.570518788435759 -2.2793251350482 6.56742451687602 16.5769045088985 -6.82663838565531 5.4737574678727 -2.59314292964271 2.4627117902585 -5.58067608080578 4.78254241126775 17.5984063612641
53295.800052 4.89169303521747 1.06732040903604 24.596701 9.336417615 0.188891983242994 2.94923953509477 2.94923953509477 2.91162754914224 2.13470866143554 3.98604058341468 -3.17796814705455 3.03087483946535 3.3317252945404 1.44686527684055 2.03303120526632 4.26563639299345 -6.13751734970253 4.27977785291797 -1.8970669547658 3.98451992282799 11.7892212850979
53295.801117 5.49738196040802 1.13828170180233 21.777076 9.346256551 0.188117292793694 0.0127473665412596 0.0127473665412596 8.93163787014465 4.39629948981242 -1.23867947289885 -0.129687712510499 9.45610908324363 -1.140432074075 18.4994804507921 -1.89553912126201 -3.21124763853979 4.65335818818151 -4.05271269956023 6.68397555834346 1.477331983926 14.4119951542965
53296.739329 -2.26600568592415 1.12361434383304 30.796602 9.369769747 0.193140518191901 0.675456425238896 1.06838345061996 6.17235989781454 -7.83864178764465 3.01069827693052 0.70376161794786 -0.54494037138544 15.4699537923095 -11.9148279394596 5.01622471934443 -0.47513370534807 3.38960025850802 -4.35001041171211 -6.65756205190979 24.1500028033767 12.6664919906957
53296.740405 -0.0488226905291146 1.06680361126972 30.71875 9.36996812 0.193463134978562 -1.63681929896272 -1.63681929896272 8.3926555242804 9.14629447337042 -5.39906262170737 1.89477731936751 1.75269930101192 13.9922403905085 1.28283860989715 6.63501373199546 -4.17997319783112 -2.99267811489371 3.0117168500275 -5.98649787656879 20.0522716399317 19.0151390643743
53296.741424 -5.03027339396149 1.130846051402 28.138544 9.372752247 0.192837027399228 -0.0871547614915507 -0.0871547614915507 8.82311623485165 1.9503679050371 -3.15430137714822 4.67647423199224 2.26986997940964 10.6427216053387 3.86763288779029 1.59015450469155 -3.39274224040723 4.39445604041019 -2.51503945411016 -2.28290748641425 18.6165394035693 10.3555132356862
53296.742512 -1.86639878281624 1.08879379786752 32.271993 9.372426321 0.19262233046327 1.67453724863306 1.67453724863306 11.982767904761 -0.17169540446609 3.41841906826895 -3.19612998000315 10.9890846424151 6.09062757774589 -0.373693692459209 0.67967462968861 3.28604485521505 -0.71283031416705 -4.2813484930727 8.23341903429105 11.0986068575051 6.9943153918679
53296.743542 -2.99071652046018 1.09773137329037 35.133886 9.375051095 0.192483098281031 2.44223481645156 2.44223481645156 3.98700746160662 -2.38648144418018 5.15259498044244 -3.78521883164832 -1.06990749045559 16.4756819984011 -4.07480983770595 0.68639815933672 4.68822154038667 -1.08704520394576 -3.99562998673728 -7.56843958445878 25.6530911971265 8.3610142593541
53296.74463 -2.70820535484949 1.11194660651227 33.385086 9.374294773 0.191887413293106 -4.83890670394342 -4.83890670394342 12.6878170230953 -1.50794061313565 -1.68412787895318 -5.0601935685349 6.68627750421473 20.0592992444797 4.30105430305726 2.15303250964447 -3.52361292549817 -2.50025345462031 -4.02656481817172 1.01397983102186 24.3948332075393 15.4056538607381
53296.745706 -4.82332436027079 1.10288983271261 30.412768 9.371924979 0.19272296848179 -3.6527132217467 -3.6527132217467 15.6772740402424 -1.57226522019161 -2.70293887225265 -0.901576710445211 11.5820632444827 10.985651813472 -2.00507151933642 1.56353092129656 -6.80175419903168 5.61859157143178 -2.77873770644949 2.4577609752696 23.5991659041925 6.1962700706333
53296.746725 -1.04224372876322 1.06866035301019 36.469663 9.372810696 0.192918193986695 -0.06755216481856 -0.06755216481856 6.94130840412985 -2.6075631027863 1.93593131505549 -2.32368173191339 0.32242809140827 18.5887736486222 6.5881401462658 -0.127607210890683 1.08190077076416 -1.84961945264805 -2.40067827389592 -3.06883435259687 23.8191794906837 0.9200648188876
53296.747755 -3.03310950090372 1.11637406949433 30.020975 9.375600241 0.194223965339543 3.01110469985841 3.01110469985841 4.50241866569666 7.95376336796698 -0.6721707233859 2.45423065358053 -0.69038194087006 9.94149055018849 10.4562193257953 4.91512939809388 -2.93442286971598 3.12054082687196 0.18391558760741 -6.74292131935051 15.5784465218665 12.643242969596
53296.748843 -1.01232731667987 1.11336617553801 31.191007 9.367236277 0.191534826649576 0.630937567110056 2.95614845047992 3.41047723715471 3.22578786455837 2.07989587872983 -0.191677449208593 -1.867633892405 13.1641226939897 -3.33494414949932 3.56815841632351 1.03863871752128 3.16169420754636 -4.21864410944858 -7.24843061283406 20.3225735314602 11.7768189094071
53298.737043 -3.41207658864739 1.09564888443452 31.942777 9.354403175 0.193311993535143 -0.26623208035673 -1.12391948705724 8.62430659100729 8.54676500919374 -3.08334162265444 -1.23151835634887 2.7220947283879 15.8630976398248 8.0941607991655 6.14561655274086 -4.9310198652444 -4.89914774732479 8.32324498536972 -8.46146079743691 24.1017158165689 6.8703004961394
53298.738073 -7.09269554308646 1.1222051652013 33.57934 9.351524023 0.191443925766606 2.31201563525547 2.31201563525547 7.80794140829677 2.07973696675955 3.15470328930433 -2.86298085043141 6.0395021130249 7.67386181634218 -2.14394585374882 4.47980207535645 2.91422956611134 -4.89924320426327 1.74209669049894 0.58172440436276 5.67167781106075 29.075826378299
53298.73908 -8.80881856719929 1.28593116468842 31.646699 9.351655173 0.191553827160689 3.30132908038117 3.30132908038117 8.63020488443104 7.98259301446771 -1.93046374732141 5.31750012281054 -5.45963919372044 28.5552110962211 9.3264060193873 0.832631895398301 -1.9842639066809 2.20458963661757 6.55254312069626 -15.4970541771825 31.5900683496899 17.547849456915
53298.740191 -5.47708835034678 1.0940468497798 31.080586 9.361621386 0.192838905359042 -0.18364105299817 -0.18364105299817 13.4551617016598 4.22186817232985 -1.46880375571129 0.00207186712120055 9.27772246569865 10.2932384387015 0.81561576769269 1.89901665530928 -1.47114199588571 -1.20414221818106 3.02748767518572 -1.32489345869302 22.3442152165427 11.2377111256168
53298.741233 -7.12065981171041 1.16731647588692 23.299571 9.347715426 0.192527082752318 0.55346161611897 0.55346161611897 12.9311755621493 -2.15419152083513 2.65731940593669 -2.7712812954717 6.4829590723624 18.6193153633325 -9.30315748030544 5.54431721965242 -0.35992920505125 0.61337956711879 -2.82492899678646 -1.7347479861745 27.6129697128209 12.1052305432746
53298.742263 -6.96292962519107 1.10990681483802 27.822443 9.352335814 0.193689368754691 0.55346161611897 6.64262542737777 12.8986609471157 -5.11917167588702 10.4617948507451 -4.28026511986742 9.66625482176113 13.0697061802565 7.16111523948612 -3.99245883571062 7.7124686384249 -0.429789479537029 0.499666062987999 1.38092144829148 15.6954391358323 20.4069654518362
53298.743304 -8.74574586031191 1.27921732717767 31.582875 9.360158115 0.192400327475089 5.25674867901724 5.25674867901724 16.8502014316701 6.8716518605965 3.13521174595137 0.00793300407845976 6.26646847840526 26.2698063429038 0.629591865050299 4.0854667379171 2.28787745260563 -1.70954369043583 5.83464354049331 -3.0729103497202 36.3686967381327 -9.0366913470758
53298.744381 0.73390675142278 1.19175603647431 30.354461 9.358064843 0.192706660259884 -5.44586697395047 -5.44586697395047 5.74940758168845 -9.32777548042507 -3.16480062596894 0.80817299574122 5.4457353318062 -0.17505810153634 -16.4106893415117 -2.40602706946251 -2.48087839882006 0.61400548421301 -0.07346972493804 1.74308352857726 7.78820931933946 -0.81433615118719
53298.745422 -7.67937007466218 1.13004568738272 30.293294 9.349124969 0.192022613628223 1.66660097866468 1.66660097866468 7.93151099452159 3.96142323897669 0.825867629443181 -0.65339382083714 6.22351126859717 4.84586093839957 6.38410901682764 -1.13020041207506 0.83161242368053 2.48318459986597 -3.18168337730834 2.47950905322271 9.51701378524017 10.0339303064247
53298.746476 -5.64250144882681 1.0941175093895 28.1402 9.349442466 0.191601045539691 -0.00197721583167927 -1.36803510299341 6.93466384403812 5.55051426698424 -2.33399996183178 -1.38686473644828 5.50420290590091 5.13984012243179 1.40367491122071 3.32154963221486 -4.98803252954338 2.72917100516971 0.0759046764528302 -1.02034203448861 14.2868161429313 -1.32232471138603
53306.720371 0.873309808214973 0.732639144170326 30.486968 9.381979037 0.194944703227997 0.170702852238887 -0.097327230117164 5.96717035995396 6.8499817303549 -2.91803908346531 1.26915361795865 1.56669058100269 9.26389100717742 4.7786653865699 3.09216447425691 -3.28149795227606 1.65317537088977 -0.46270435240748 -5.91570263680406 20.9635821840393 6.1136631339584
53306.722119 -1.43589967162033 0.736632457749038 29.174545 9.386866106 0.195316152564054 -0.49906939417706 -0.49906939417706 8.35275167951724 2.17628154513485 -3.66964989654809 4.80763049802017 4.15746316111359 4.58287469385633 2.74862023977988 1.1207596249678 -4.06800572404111 3.51469128009296 1.18443674572729 -0.967347289580213 10.8005922707349 10.6487734989146
53306.723855 -1.65724299417801 0.781869932409491 27.249877 9.382143422 0.195253395788793 0.370851822368573 -0.30839673748126 8.52924270125824 -0.11551960581914 -2.22196260449411 3.73491392637516 2.44518523775515 10.4533515097819 -1.58540160529128 0.59733672328693 -2.99620544108891 4.11871472060186 0.06014876075361 -2.2255742526463 12.6263979461291 16.0710835291668
53309.723748 6.83948201575017 0.961747074126494 22.47421 9.394523562 0.191647522488382 0.206893421811444 -1.76316717008927 6.54872976829907 -9.57709374422473 2.13665784824106 -1.94702558488565 1.26396928040468 14.6471894672082 -1.1595713706195 -11.6455644120419 4.80664044267425 1.46189495750919 -4.66026192504398 -3.53536618297131 21.2683561596022 8.5149413450899
53309.725311 3.68074981224983 0.978670305206405 30.152289 9.39666273 0.191861478409208 -4.96740188187991 -4.96740188187991 6.29593699459667 2.95591624611433 -6.39854612171487 1.05047132028666 9.2489414417177 -7.90473080648271 9.5844342912953 -4.40357906541952 -3.11113878290208 -2.74344093383259 2.18078377691816 4.32083069946168 2.60793599989435 0.600959057747589
53309.726804 4.69959810103327 0.947089314638435 26.583345 9.384795449 0.192826243402595 -0.40831972897719 -0.0639397220058502 3.9052508163543 0.77948081788974 -0.870811274635511 1.07315336945519 1.92921660388965 3.45217494140141 0.94974884702419 -0.6458032124816 1.28977327838124 -2.0943619033151 0.53910670063846 -1.39979499095224 6.55078910490457 12.2133489584288
53430.521903 -19.332312349088 0.749827520053988 22.718073 9.360412697 0.192210391902447 1.9244439216023 0.0104256850816 -0.564532900309 -0.6383853161412 0.282073493822299 -0.141038532729599 -1.194671422501 1.7262790209639 2.2988825827842 -2.2240825102083 0.805392795386901 1.2613757483229 -2.4185247696713 -2.4762610153627 11.3694244826129 -14.3922476895633
53430.525665 -18.6344442294095 0.749582342808596 22.211847 9.360943974 0.192467148557009 0.479541934022201 0.479541934022201 2.3415134378984 1.8871833311477 1.6374876459095 -3.3579213339513 2.7044046632392 3.129540454532 -1.764473315718 6.6551206719253 -1.2519673994072 -0.452515853281998 -3.3029352932557 0.8928965023517 10.8521462227178 -8.39895568743822
53430.529635 -18.6296615474617 0.747093397837529 24.503392 9.356075629 0.191577063836521 0.937793126805035 -0.968921923641002 7.1418816596483 -0.153108441492599 1.6360243339168 -5.033523364126 7.6789858455794 4.77752066369626 0.104175392077199 0.4312775421505 1.9309086062606 -3.8745242594827 -2.2417792383078 7.0376356336178 7.92983586422423 -4.41867685387993
53593.837574 -27.89452532728 0.780854922415269 21.371073 9.365580924 0.18521970241275 -1.9989333234156 -1.9989333234156 -3.1300543694773 1.0982973549919 -1.2931069850758 -2.0546081971414 -3.2337380646264 2.7416129025846 4.707402211075 -3.5334102518215 -0.7603019943414 -2.5876150587385 4.6097977028415 -9.3480902800254 11.1286528747729 -8.1669160166943
53593.839079 -26.8058163174068 0.802544718353164 20.207018 9.360769815 0.185028553654963 -1.7870141748775 -1.7870141748775 1.3207857408006 3.5046149177706 -1.0746911945337 -3.5178290026562 2.9023834721998 0.333922811133199 9.3227181896871 -0.6802159996151 -0.490819666682398 -4.7152860665945 1.9393144270778 -1.5565351174051 9.6148413363946 -8.0278330823313
53593.840676 -27.0379813199366 0.774961428765481 19.432525 9.364111355 0.184377663130882 1.91879493424163 1.4337568286188 -1.9233110015713 5.1187521831859 2.4232600567453 -5.0200192479125 0.412309731779199 0.294963892273802 5.0838640198483 1.069521388328 3.9478298094269 -8.629570283521 4.9611435867652 -6.0617983955634 12.1759983682595 -11.5609222932638
53690.631542 -27.1076098998351 0.908069580190455 24.304057 9.362988675 0.181123822562009 0.0252628152136443 -1.4712259253768 7.0481763812201 5.150443170223 -4.2106847038735 2.2682143728501 5.4341841063566 1.230290962878 3.2743156508759 5.1791085992594 -6.3809969476365 3.2237437180909 -0.5584400656357 -0.665880719086601 16.1338700253266 -9.6191770855724
53690.63329 -27.5092381173745 0.917159945045762 23.346555 9.364530144 0.181935584868485 2.8939808477137 2.8939808477137 6.4839033336061 5.8921638485403 -0.3656673926208 2.7924471290014 3.8056128506887 3.1849955720219 9.0149257953437 -0.450040860604702 1.2539765455147 1.9065066807122 -1.8373682119423 0.565260803677702 15.6562211466133 -10.5083404803327
53690.63506 -30.1237650739429 0.847822884613477 28.459756 9.367382746 0.181593147150078 1.61503138684718 1.2512392803485 5.8198262355944 0.741086110012702 0.329312486052999 1.336030105323 3.1407044172265 4.7803713763667 0.1430092362518 -0.0765150156824994 1.2351789338698 -0.747501031514101 1.492472424323 -0.367984854176001 14.7079606552712 -13.0209365158192
53930.926685 -6.66533625284279 1.03947435454786 26.448207 9.360695006 0.18303014467942 1.27163711295833 -0.0664023352319596 8.11642439070615 -0.44369038248427 1.20749040574505 -2.12672330010382 7.95341934883995 2.74839820088582 1.74699696260748 -0.70907085631099 1.96167033957292 -0.146423881986101 -5.3446779696516 8.54357929007701 11.3789542626053 -14.2901928720453
53930.928236 -6.24348145113717 1.0391470254494 31.123565 9.360116187 0.183800267406364 -2.84313763696043 -2.84313763696043 6.67631891571333 -8.44116536280267 -0.39915914926115 0.234811695417541 9.73453018456028 -7.49700702311242 -7.13644693662908 -3.37733841634979 1.86747308960338 -0.38414416121878 -5.26620128927365 11.2031962610841 2.536897358458 -12.222330944577
53930.929798 -4.71623833835146 1.01350889335706 27.892457 9.354381017 0.184084133621206 0.798219009997214 3.92394500800197 4.36852521629749 9.98000962361287 5.14999607773361 -8.09141789048614 8.52185964119212 -0.765675488763432 5.67783461262601 -0.50229037944396 8.06184137463074 -5.29963209914948 -3.90216537082576 5.35457636927341 10.3875083898784 -9.48351890625068
53933.839465 11.3013731002853 1.05207415764327 21.164527 9.377348735 0.188835497781571 0.786349920644355 2.55002579500051 0.9692917812843 2.27406548321844 4.6528057172284 -5.22351200887936 4.95938833846596 -3.6718637892894 4.97110020759758 -0.99086233170001 4.32495822084781 0.557489257525701 -6.95345918722986 3.18329831677986 3.487358776932 2.3932440340788
53933.840993 11.6996562368858 1.11967191067767 34.19682 9.371486466 0.189171231398269 0.111287575561699 0.111287575561699 -1.1841627129482 -2.8500864895681 2.195131259054 -2.3222874225385 3.3722536706307 -8.23733294111448 -2.8800753173177 -0.725957965698901 1.3886773764281 4.0809047996451 -9.12002773987515 1.75444764557294 5.27181963593691 -6.29070576228467
53933.842578 10.0921304517325 1.1228113981845 22.998223 9.37387834 0.189107901178853 2.05779468586847 -0.9192776297084 -0.72092370046585 -2.0216936584136 1.3769275137706 -3.1714400100259 1.39231687728227 -1.51230830531515 -0.5318943850229 -0.856542696316 0.112901707416 0.271422581343799 -2.08833122468387 -4.52543034435835 12.8695373578232 -8.45993296204969
53934.878422 5.13681237638914 0.762568078816998 35.695782 9.387559139 0.190529560790546 1.48447730451338 0.49397351749061 5.74335610336121 0.28487776267518 -0.60803219958513 1.98280326785453 2.37355074333656 5.91691448583469 -0.92953490878538 -1.11733842489917 1.34893999802288 -0.44682008357139 0.38087414705198 1.29436152553365 11.9248785219226 -8.74117275143702
53934.880019 5.19880568855256 0.776654349682714 30.303376 9.385797274 0.190780817045282 0.22750941848819 0.22750941848819 5.03230244980408 -0.78610068506045 0.695741015447189 -0.43558720027705 3.67379305804608 3.87218538559417 -0.708642262487221 0.86553152850154 0.64551283517604 -2.04715868889486 1.6320023785046 1.09204923062609 9.33218484741337 -5.54967752640171
53934.881594 5.70958292398392 0.800271285315763 28.236405 9.381644131 0.191198356645572 1.47370835951083 0.21605387570605 6.31972270008911 -1.92080011291801 -0.00898886460604942 1.60560272675509 2.78208077787268 6.80265302120973 -5.5588489911039 -0.86064271966572 0.22781477970801 2.4404023828387 -0.88717933751815 0.55297397083952 11.4790450084426 -1.1371002189475
53936.848738 9.5944112226346 0.831480425659929 28.360135 9.368974136 0.188098122068635 1.59513728164669 2.68534936195024 1.7866657380567 0.39849751795742 5.54368213487818 -5.7606087650728 6.0448431498403 -3.63772539933 4.16800636869815 -0.54486298381936 5.68832318810577 -2.3403366656736 -5.71796592486921 6.43828436514391 1.8831687227828 -4.99242145641532
53936.850243 7.58815465317994 0.865954428008765 24.06487 9.374967018 0.186414154546458 1.63659499896069 1.63659499896069 4.11300356351233 2.13615985730138 1.25967433691752 -0.53859667230888 7.50543227389023 -7.71675764020359 -0.53029913786771 3.76121048946297 -0.583918779657759 3.84114206277338 -6.01597725103874 6.75698130934434 -0.834745758325901 2.1212773901117
53936.851921 7.51280933522652 0.927823333381314 26.534455 9.372415502 0.186459819189479 0.856790644999159 1.67451808113718 -0.31799293797708 2.44532194214431 1.71270291088556 -1.49148258357355 0.58618879692762 -0.48060899023529 -0.81608280026072 -2.29506382542614 2.76705356911783 -0.29768557240683 1.07136268328635 -4.55369002981751 6.50194854856317 2.1281428779277
53964.826929 -4.10020010886024 1.21843784861399 28.959397 9.378961201 0.18779736460083 1.6819663312956 1.6819663312956 3.1268258603313 5.26133493787978 0.76947911894305 -1.24508117318915 4.66511770649391 -2.31567083199083 8.03091438241983 -2.25520645315699 -0.58751233117135 3.91753019777183 -0.68297575349333 -2.18839164073057 13.5905243057895 -14.3018836164567
53964.828456 -1.20159618724745 0.973343592764476 33.182056 9.371625704 0.189135615949178 1.99390300578548 1.99390300578548 -0.411417737429397 -0.62190004762893 3.56969310462665 -2.6048980420103 -0.98811733051513 4.29689217377571 9.01544333172495 -3.28998692147534 5.7685741742181 -6.14730840996938 1.55268125201263 -3.41270671130406 6.52171908815331 4.84576449535033
53964.829973 1.68936103754332 0.90807137091312 31.50242 9.372219424 0.189575778318341 1.98245581194014 0.70990008904045 0.73548321928838 -1.946520341659 0.202574074204413 2.11062321180206 -0.5373160058223 0.64681267143831 -1.11284983285216 1.42488096147722 0.19549180102341 -0.71323350415163 1.23879660215105 -4.64260876586594 17.4050509030086 -22.2510213760093
53987.710131 8.82379233807045 1.63895024668833 26.578644 9.386136407 0.194054885347129 2.02889969922342 5.14038218410455 -6.04965013342727 7.99781944070242 3.02747651590321 -0.435553416101301 -4.47526712833997 -3.17108952615728 -9.68233988283191 11.286286001306 1.9173289855532 -4.33763978122922 5.30712697512322 -12.5894056953556 15.4557728737288 -19.5834618445301
53987.711694 8.85721273026528 1.64651799581216 26.48974 9.392862971 0.193384918927984 2.58536971576203 2.58536971576203 -5.88802955609359 8.01413405164763 3.4784261301658 -5.94088201007191 -3.47398997692754 0.6368417357458 -10.3587668264036 10.841000069521 6.383429706193 -15.4739498030247 6.71002729273029 -7.00673817429545 10.4854755611687 -18.0680047673627
53987.713245 19.0861086246714 1.5765560115785 30.117119 9.390205903 0.194214090195931 1.25469603960982 -1.5825170770607 -7.0563620231257 -0.898334330698798 -2.8621610385506 2.839023753085 -11.1907602312976 6.63999255126737 0.946990137216797 3.7773561731949 -3.6683807253405 0.685700092997401 -0.896037957923401 -11.0778171468896 7.40251423838563 2.7962932024476
54051.660466 9.37424482294188 0.606783638988242 29.329412 9.34163256 0.189985277915827 1.01043665218056 1.4946689036736 5.52307404863784 3.02925408597161 2.19051466320339 -3.46466079797771 4.66374027930001 6.6332292753833 3.2239426312412 0.767895731173521 1.49889307376239 0.315765735159401 -3.54110228734496 0.5804928979022 14.7737687905077 -1.6007270935052
54051.664782 10.2370698615808 0.647213764855456 29.690141 9.34109999 0.19005439994149 0.118089261697298 -1.56430415327715 5.83242585401335 0.82701581256387 -0.75406310040812 -2.17097351183344 3.99166931158546 7.4036705946105 -0.77253019530918 0.833071069498681 -1.64685866732026 -0.14394980834415 -0.447094585352719 -1.23467287356726 16.1591620528649 -4.4070898803325
54053.665695 1.82172014779651 0.617072784805791 30.083142 9.342745555 0.190477226711371 1.11675139632481 0.23403865773506 3.13559419089193 0.718637589002604 0.68955951995477 -1.38728863150652 2.5371842856855 3.19528754521722 0.734496581876002 1.81968276694163 -1.90995670998085 3.95073582372134 -4.17747615040045 -1.65082983899275 12.6922238654723 -2.18121504156632
54053.669618 3.98703734347527 0.833957661684346 27.450082 9.344357147 0.188857533737911 0.811134803351878 2.11386809859873 3.48570142760641 2.01039226116068 0.12670186817646 2.65560255891129 1.45600950154691 1.75395069541383 10.6111019727724 -2.71926196981055 -0.54257448716452 2.99612719404975 1.99070234960952 -2.5956082354078 7.53606937353543 -2.1259069275937
54055.663631 2.20325360353807 0.487565148903449 34.414554 9.350161691 0.186807031549558 -0.184557844922711 -0.0475103355313899 2.12669908683407 1.15714242602168 -0.0369306223477199 -0.77735087556193 2.08534051321832 1.08332833983261 1.47915329829537 0.40038611876067 0.0397772235540499 -1.22044496100505 0.7077708338241 -0.15462290729108 2.63779453223662 5.23642392443558
54055.667879 3.33861527127683 0.524033573273072 31.16783 9.349462715 0.18698903548398 1.29857251740057 -0.39258048089222 2.62439099709046 2.7854366509731 -1.73607229336864 0.96689721867543 2.73049352718562 -1.46718027457404 -4.21646840707138 3.44991930212212 -2.21202066801332 1.18557772882284 -0.0703983638040602 0.38598432436893 1.52850566790768 6.00301357082357
54058.526697 6.55516890639721 1.04458654067273 23.343621 9.363389405 0.188702208957944 0.0251951481161746 4.80277017769251 6.24122253485483 -1.29711460046306 6.60511916594746 -2.6456198678845 10.2441912040606 -6.4600202230624 4.44947703443333 -5.22962876840062 7.15018598510152 0.46272786011169 -1.97284837697656 3.76326283472603 11.5958669222984 -14.1088412333108
54058.528352 7.91452868332924 1.16061246351368 24.354973 9.362462082 0.186255691843403 1.12365070845025 1.12365070845025 3.23397848546517 1.35661026908195 -0.0201703646547999 1.3759370778201 4.29374276930329 -3.91667099937344 -13.4221131532463 12.244805307501 -2.54423048256715 -0.21545267842178 -1.24815391769696 -2.03703468444122 14.1316849879502 -7.9004644060935
54058.529879 6.3329818129999 1.14660021260659 22.362148 9.357928308 0.186460111439927 -0.20920361438524 0.881866373339371 2.94195167561888 3.21444599999451 -0.388719609534451 0.56688130108932 0.42626748575279 5.22228116674028 6.9468337780268 -1.70696179762588 0.374237994449881 0.8983526614064 -0.560243730727881 -5.00732534150794 17.4401440866816 -7.8181426556566
54076.610112 -1.30949990469591 0.915268530157361 27.739361 9.365251302 0.184633963796455 1.85282893420642 5.28419072211893 0.787728784164479 1.32679766706657 4.14748749365561 1.40655334161471 -0.10231175934464 0.51301864980523 4.52194808737636 -6.46812700101752 6.64149291077836 -0.409313890508123 4.64479230786003 -3.56900285228138 5.84502609536793 -9.02749707379279
54076.611593 0.513003453429597 0.909463109485341 33.162315 9.36543131 0.185318494562785 0.402095472955269 0.402095472955269 0.246333297425442 -2.62581031302677 0.544683729038864 1.29657443395 0.0127470820591 -0.978452464644741 1.13440413237671 -4.30662461021302 1.42081864408537 1.23832522718813 0.63989504433395 0.86359380925315 -4.22746476063116 3.82021772075285
54076.613121 0.295275295509353 0.939480560973241 27.282358 9.372317676 0.185201627257905 1.38916177672602 1.50954166580313 3.69263250416689 -3.00048048283851 2.50947348176668 -0.121954854395656 4.94557419743155 -2.93167880358541 -3.07179879890577 0.53922128533484 1.42342707626095 -0.77089050309495 2.22915404239385 3.19823140824428 5.76106758254311 -20.7140743750966
54100.566936 -2.74225060412198 0.780574795539822 31.558328 9.372440845 0.183996727929455 2.99793925257466 -0.72179729372072 -3.02837920254632 0.62808508895733 -0.98118992012202 0.12957850039261 -3.96933806373689 2.13838095285055 2.80175172863594 -0.30092730723482 -1.00292439005905 -1.14059692366969 2.28509237226113 -3.04496752886566 3.37243721328661 -16.3473409214296
54100.56844 -3.34943744151431 0.796936024702374 34.75064 9.371421107 0.183711481307124 1.27590036111767 1.27590036111767 -6.71835796232867 3.01835886600898 0.40937879025992 -0.11658313187824 -7.50116253831763 2.03824826603041 1.53749316898216 -0.62320217586032 0.91592464992159 -1.36601838373726 4.02117480387107 -5.89813169550959 -5.6750057204013 -0.813071624931199
54100.569968 -3.73475936919918 0.781309480589114 33.594681 9.373351363 0.184017043227589 1.51194855895587 3.73978980874428 -2.12591629872196 -0.49114648993004 3.6313511929215 0.49435709421779 -2.07704681406668 -0.70355146249132 6.25655692895536 -5.00042943093936 5.58654842647327 -2.00628883287215 3.13091729757244 3.59566474369461 -12.4829319538565 -4.4680978915772
54123.556202 9.76651515354401 0.963475072100978 31.386814 9.364614614 0.191320171611344 0.567074599934702 -3.06013121016256 6.64640050242256 1.50672026762045 -2.34436180145115 -2.13379470337161 7.23053620471036 0.9189604385019 -9.13142747292865 4.25885995259995 -1.390917518409 -7.1547976471112 6.1667755239187 -2.10968932966037 12.8498861024605 2.4148130776738
54123.557753 6.97615961916768 0.985638117271121 35.638321 9.370525001 0.190485285448688 1.23772011812592 1.23772011812592 10.0909532402452 10.0962493941034 -1.53952000723243 -0.44101914558543 11.9495515696203 -3.8739875338634 8.61059438838009 4.84020443833033 -5.57798577269587 6.50631705628319 -2.74840923287751 4.97003973983005 9.9850644772643 -3.6977178965337
54123.559223 10.719034185659 0.991050105487559 30.380668 9.36690706 0.189077488011962 1.83169075292175 0.776288820762399 10.5469912398312 4.06471425679043 0.11628842195797 -0.965377915219321 7.29188805030892 8.6774008761013 7.13457959237661 0.743466870261381 -1.17279000581476 0.43156859181307 1.00246275675449 -0.719319428227051 16.6192329106034 9.2591762386866
54310.854588 -14.2430145807708 0.925559121773182 26.403418 9.38056496 0.188517614131669 0.269300090611853 1.3352756112992 3.6938354606454 3.2216955443446 3.4522369349308 -5.9646538901369 9.80839929148802 -7.89513530402362 8.3521402632567 -4.7671051818028 6.033801671177 -3.4809209042406 -3.8801498144418 8.17840786285441 -2.87443092317381 4.76523948164693
54310.856116 -12.2426123924372 0.964555913347884 28.459407 9.383133806 0.185065284989207 0.197374105832901 0.197374105832901 -0.0261257758570999 1.4828522722974 1.8823239649601 -3.9929562322987 -1.7525845272536 8.57718915981023 12.5173480934437 -6.50780797195985 6.13091789695547 -7.12142073032967 0.451045794501001 -5.018694833616 16.6701324733092 -6.98543409004482
54310.857621 -11.2652995518588 0.950888533282834 27.483138 9.380358806 0.187730729735918 1.37745550570707 -0.0282369328761991 3.76051716290617 -1.6348485975541 -1.5161118931079 3.76737050601256 -0.166058908900359 5.16832165106427 -4.39350026855304 0.9300843167983 -1.469354439218 -1.7514859155266 8.03875747355934 -8.39299296953934 16.9600266758876 -6.1664382963855
54335.795259 -15.6469171605098 1.63522736139562 24.569645 9.392170115 0.186462366416877 -0.427422267795263 -4.7053148516227 -1.8930623559785 1.3373676010869 -7.8222548117036 5.023797255251 -3.0704060606997 -2.6489174736454 -4.61036915951464 -0.454880326600401 -9.5326071863029 16.2621553236315 -13.9713996670332 -0.884382646726401 13.3231096186387 -25.1121897182288
54335.796809 -16.552098452167 1.56686846674862 29.404432 9.38855034 0.187005039142118 1.1554051429303 1.1554051429303 -2.5389634563415 0.792328861881302 7.63888915081254 -12.341502916135 4.8305409589092 -4.0744959778949 1.2845723537193 0.4543915069988 9.444542981229 -9.1415931789815 -7.8267826657428 0.505350560458002 18.9875368403805 -25.9571087581553
54335.798372 -17.8143290233873 1.44852621986957 29.905951 9.39473246 0.18662360918945 -0.94588098595109 -1.9529384219855 -5.6653549918557 0.734300072188299 -1.1045717954292 -1.9457575110759 -3.2202926183417 -3.7029106985721 -11.3138706663507 2.7696163488464 0.325722388759701 -0.0902970910535998 -5.9549783075726 -7.7904475764485 17.5886861124594 -17.664831486571
54350.767348 -15.0680594744284 0.883167477946564 20.51607 9.368790565 0.185056019928394 -0.204854591384442 0.405218357318599 -3.8933153022112 -1.8348006647272 1.4522225621405 -0.9488660471314 -2.2980267177892 -2.7643306393816 -1.3397043100025 0.979979963945299 -1.2379642182374 -0.287234118683401 4.5990784914428 -9.3361014913394 9.3389035666096 -12.6809838336955
54350.768865 -16.1764375280008 0.882358307401988 27.356279 9.376813547 0.186442883875253 -1.46376688552 -1.46376688552 -0.94158335146 3.7205071030587 -1.8462750613524 -1.4625286566741 1.3505665719575 -3.8111517993331 -6.3401458748479 8.3921329075481 -3.4123329407068 -5.4430182216021 6.4286369278082 -3.0609244710439 8.34100255088252 -24.8096526622703
54350.770334 -13.0087229902125 0.95549853145984 28.776705 9.368918956 0.185992828041666 0.0574607861159734 -3.2788876497713 -6.7107668533374 1.37508367598686 0.184320968894701 -7.42315773688206 -2.7214585375557 -1.0780072709968 -9.23882615476153 9.7935422596107 -3.643301780551 -3.8805668744642 -2.2695269312062 -5.991076743144 10.1995344320653 -16.3918948422453
55923.571062 0.0578175859919565 0.654177426962188 33.457616 9.373524181 0.189572130065419 0.822800627068032 -0.900661708047961 -3.52107703313592 -6.93654495378834 1.94844125567315 -1.6570647367356 -2.32520733827245 -1.18455730245733 -15.1457963109062 -0.7264912400216 2.67717362822071 -2.91813841623619 1.35538636084519 -1.56280082943242 -1.51311558006169 -7.29080007260004
55923.575599 -0.18518808050692 0.847649163440389 30.101873 9.376523522 0.190214803827293 1.22489850987923 1.81424136352467 -6.14528345892269 -4.965857365222 3.13598525851987 0.0650124694899701 -4.26743521039568 -4.70350935673916 -13.6663226973418 3.86543074398629 1.3562119530209 1.63790589201191 -2.4654886095753 0.363648413321204 -7.94999870700722 -9.18155926645793
55924.533014 -5.80225782548911 0.384693991398248 33.034275 9.290441629 0.190499351163165 -0.146271344339193 -1.3487634980974 -17.6796972832131 -3.46888606943344 -1.54878183831565 2.84331603717137 -3.03896922265845 -48.7451929478184 -5.19128924226268 -1.22137536986783 -1.22252535485411 1.78320396887612 0.8141842429876 -1.48395385613688 -80.0989460997634 66.7244110846974
55924.595719 -4.33419990938213 0.45529276459082 32.737042 9.353716589 0.190310228039575 0.235671734679524 0.56255313930547 -3.55690897848117 -0.19244206600979 -0.90563777615836 2.76496426848752 -3.78019605459268 -2.71108535468728 -2.32827183291663 -1.19716849841854 -0.83698670774616 4.19935574392836 -1.44326597752282 -2.13104038586219 -3.0767044005681 -2.74651536128954
55924.600719 -4.91393622538288 0.464848816115748 32.404606 9.352206509 0.190238589269828 0.625778027288972 -0.50435956495194 -0.96586890790274 -2.82413986110313 -0.34239707158593 1.14111625270597 -1.81986607948093 0.9160329943134 1.86978360087641 -2.7509340693239 0.37832346480775 0.407509663467691 -0.0501511163502304 -0.51474681765864 -1.56202198455053 1.20327011276765
55926.555941 14.1577919683194 0.517565557696499 27.409009 9.375636189 0.193948135488895 1.40512439129897 -0.1331479752162 -0.1459621335575 0.4584424828333 0.584427701851599 -1.5322034678884 1.5568255808127 -2.6500378278657 -6.9081981079295 4.1649979630609 0.373196915685501 -1.4916694941235 -2.0976452557707 1.9455941732649 1.9025003660729 -6.87387560291318
55926.560894 14.4655491468985 0.540971661752378 26.140523 9.372461475 0.194398567339946 1.01303527630526 -1.7543404144129 0.5854774899553 0.418416624880999 -0.167780346560299 -3.0459208650413 2.2402803598887 -0.8222212854996 -2.4070641359035 1.0615478665406 -0.370462117220901 -1.7406758734925 -1.2382374945955 1.0469478397516 1.5887504226704 0.723693439370999
55927.550507 9.4323751619053 0.68184452174122 34.785826 9.370874391 0.196897101470988 1.5926504696334 -1.57525623715541 -4.57335672324591 -6.57246451136118 1.28001314688408 -1.65730380317483 0.63402994954418 -11.27556635968 -7.77836449273232 1.61960139139372 0.504226559813 -2.76667832386778 -0.0959027842593496 3.21072785551293 -11.1246795870263 -8.4516605136423
55927.660317 8.99536756139556 0.868808050212554 36.745321 9.369385274 0.196570754800033 1.43345829534921 1.06826890743448 -7.44119571324029 0.660108790265111 0.52707617011056 0.630289339117999 -4.03189655737005 -8.9523870779065 2.19412207439101 1.23133926225596 0.177770201114098 3.3555621924393 -5.99233516141689 2.88548406926849 -10.1819084798915 -16.4251268721744
55928.537066 11.1380978838207 1.73517267507678 32.302891 9.369051967 0.199221983940153 0.909193518771423 -4.9573846019553 -10.7272358380902 7.4912091419017 -6.414066328956 -0.8139763296513 -4.96737115702505 -13.0915692117913 -15.3557457082356 10.9913897718817 -5.6121752420866 -0.8372081638786 -5.7724852748812 0.64256213470191 -13.3302716054099 -3.66415527828945
55928.637269 11.6833307026937 0.744996445850593 34.004325 9.371364352 0.195479970927663 1.66165953536926 1.5251483341597 -6.64461974607599 -1.9889061816293 2.5432373293896 -0.790982402892601 -3.56357808868832 -6.74212977834498 -2.3959145680219 0.627943118554301 2.4630578428592 1.4490029226864 -5.2321947757987 1.7374511447101 -12.0872778476387 2.07579900569228
55929.537396 8.49982669529146 0.615295640291893 36.526965 9.361671484 0.194990908150777 2.88429130215619 -0.142894200772469 -1.9574221127741 2.74369929347171 -0.018801792130219 -1.64244488503851 0.399123167335561 -4.15737667902144 1.26258520516171 -1.15526170835035 1.94868547551784 -1.5248418928249 -1.85132846290166 5.74366002699626 -13.8017663729823 3.9875258865976
55929.665908 7.01324604429014 0.763981171055121 32.087628 9.369047719 0.195576580446696 2.18306303892629 2.12396881912619 -2.21733936415573 -0.801899125671589 1.26434288913497 1.91662601051044 -1.33964378352196 -4.19495517423021 -1.44874831337279 -0.470629915307541 2.04676969091382 -0.26569449583988 1.78379455936071 2.50623812750434 -11.7825853146484 -0.518201620323231
55930.558039 12.1909639792326 0.622610492950845 32.989963 9.364611253 0.196079498490269 1.78566296286605 -0.2835126611017 -5.91270231034359 -6.2510426193148 1.8955396055343 -0.7158833801596 -1.2002234765333 -11.2227811214974 -4.5018440896631 -2.4171650387533 0.7406858481634 0.781966051389901 0.5727393725931 0.9712467021546 -17.0221895360088 3.88783810928381
55930.649296 9.92346937191075 0.834588250100082 34.053961 9.364296905 0.194902275583002 2.7972571987477 -1.7975417036155 -4.53510700322662 -1.6703588862923 -3.61732922222064 3.97021618129844 -2.30760117234762 -9.53704223909145 -10.2140023479703 2.91261790654219 -5.01677599411565 3.09504477464495 2.366434720414 2.3618592531394 -17.6427887802264 -4.60453570988249
55931.551427 13.3973399703382 0.633256273562148 29.014218 9.368225383 0.193749220754499 1.74833093489856 -2.3009077481233 -7.49670431256792 -3.7678101278261 0.109024202130598 -2.3833355400884 -6.83511749106618 0.93407605905356 -0.716514311081301 -5.1942234343753 1.692334200104 -1.0534694059053 -1.8599705973085 -2.78783082902264 -7.18929526104969 2.29898939900341
55931.668377 12.6745729606759 0.766410140899243 31.455363 9.366555796 0.192521017353002 1.50821843026993 0.819921874641601 -4.80975333504366 -2.7972665057933 0.461688197769702 1.9705325017728 -2.534799317152 -7.71865232073384 0.8853150275093 -4.8446341654087 1.3975925731475 0.456984396581001 3.4786383578324 -0.248218403808801 -14.2146302432038 0.53462346578034
