Time RV eRV BIS FWHM S-index C3AP2-1 3AP2-1 3AP3-2 6AP2-1 6AP3-2 6AP4-3 6AP5-4 6AP6-5 9AP2-1 9AP3-2 9AP4-3 9AP5-4 9AP6-5 9AP7-6 9AP8-7 9AP9-8
52985.617931 0.181390814124284 0.567297601489357 4.468083 6.009117369 0.199292191015109 -2.76641638482961 -1.5428567922456 -2.73478441489769 2.32163383013445 -0.37808755805438 -3.59989322281867 -2.4881874870756 3.820424110103 -1.6794834462167 1.3094411603907 0.29439420401081 -0.93052783945707 -5.51863906583908 0.00655600524391975 0.15600969752977 6.46704521878346
53335.6509 2.12873956338291 0.430036661660896 10.587715 6.058638724 0.244177289895785 -0.47214290065218 -0.58977379995238 1.70517930431016 -0.1614503063606 -0.6938923282208 0.29178628817836 1.4368581184162 0.26557628521689 -1.62799599843798 -0.4420295320054 0.45610454378749 -0.88729404054724 -0.495896115945558 1.61065341135943 2.81734408834765 -3.82273986421069
53668.708941 14.3525497976839 0.52776125601838 20.041174 6.070654151 0.261744701117077 1.76513555235985 0.1439620851516 -2.809446040457 4.5418831664018 0.884422260635199 -3.4550603923339 0.011863897487201 -2.4902848917904 8.17925072470174 -1.1120980298205 0.9449808667562 0.241027083065498 -3.5751100580265 -1.153599621013 2.4074982043569 -3.1248691049557
53669.726493 8.65057789020078 0.599739040763344 12.88647 6.068621206 0.263403189115506 0.337213561408268 0.67252478118847 -1.48341836542032 9.89645646720108 -0.528744267408301 -1.9388802621051 -1.17644547411948 1.51326675420483 11.1226854042287 1.27621233642882 1.09835882514623 -2.5377999718018 -0.560372970966251 0.25989759999219 -3.45764484224175 7.17001951777991
53670.67592 5.42917655123534 0.574983484004861 13.647052 6.068387373 0.263914624138974 -0.0185250998826189 -0.65580560952402 2.2157511406191 4.707827391123 -2.31434742437511 1.2151756238366 2.3118733177327 -1.63163059328184 9.68058211565348 1.87443829518535 -3.49433783766423 3.96377964392153 -3.84154470800482 5.10519313872845 -3.13938668782148 0.15065793033769
53671.756269 3.8010938610785 0.49138248698017 15.7877 6.06447241 0.26375724729466 -0.503936994493213 -0.2590584255733 -1.33589270573129 -0.124054699774939 -0.32260521709851 0.190588455971 -2.18480979145273 1.73951144237246 -0.96906955716274 -0.67955632635263 -0.9987772253814 1.55208819882102 0.43425845333232 -2.42578594555916 0.0669337205667402 0.8487038079976
53672.748368 1.16126526231263 0.446303623734468 12.712466 6.057397787 0.260697039074963 0.479377681131867 0.35622878594534 0.01298126477704 1.41645557817553 0.1201744759326 -0.17669867907798 -0.317299934764944 0.960688075835224 -0.454244043706158 0.314717321011854 -0.0804431378294049 1.03598062477042 -0.997022912495971 -0.485853748766737 -0.218868003028961 4.41814806187596
53673.794133 0.630069308773113 0.512339947536205 11.914157 6.058820916 0.258506465758348 0.857795614966656 -1.69726769374422 -2.023123885111 -0.9416667904689 -2.17276019596181 1.39370004415567 -2.58573689178935 -0.33515504202722 0.87501117954259 -2.05868358863186 -1.50038682940591 2.19203323620506 -2.48120342780329 -0.112775374788491 -4.53686452294444 7.28069831885121
53674.682253 -0.908385725649668 0.421337514052892 11.759433 6.049032606 0.255549186696246 1.94144515679203 0.38820982201324 0.147411104663172 -1.85359836806196 0.44663889038041 0.751247120029374 0.180980337897962 -0.956225015469736 3.01828653015897 -2.40010853531963 0.18650559039969 2.11755788667459 -1.20013872956433 0.80541842206098 -0.237141495321534 -2.27728281213911
53675.801915 -2.48790192498759 0.458294962960897 10.373874 6.047713787 0.255097322032621 0.0727636941300351 0.56018117076754 -0.76356873186073 -0.20596224394899 0.69550305196327 -0.17843101276508 -0.11801218709492 -1.26992695853601 -5.15340987610729 -0.84133765784226 1.3850976226887 0.22898008611021 -0.54490199428295 0.33793781755811 -2.35527779442903 2.43577946849454
53692.587508 -1.78860032355937 0.904410895309252 12.86932 6.052034505 0.252380214785963 2.94087584507941 3.44337337647027 0.893368206830754 0.52973433593231 3.23460550651992 0.20594787742725 2.4306248474428 -3.65778043440818 5.89336344472068 -3.61130137918708 3.25962001313906 3.09880997480028 -2.23840331507591 2.89281492654027 -3.50300442936817 1.92930009831484
53692.590876 -0.0637755835704507 0.934986365515232 16.059884 6.054585438 0.244720842762106 1.15258365083199 1.15258365083199 -2.58670627836887 2.41468550401698 0.619232633737096 0.149002587162181 -3.30565142981324 1.42834176662139 1.28291301175712 -0.945145374304052 -0.297904828767301 3.5220524883759 -1.57713704674885 -3.77754479411163 0.94707257832099 2.02659755112442
53692.594441 -0.895925457541436 0.925238430041992 13.715649 6.060598355 0.249107806425379 1.28984674073873 3.40944376086756 -4.77385488436607 -0.7495345051979 5.29655167999224 -3.4587786700421 -2.76618351461497 -0.643443143357009 9.13511877412419 -1.99555154202867 3.51989454180486 3.11828220626976 -5.76884302614115 -2.98604502124401 2.10615665383175 -1.06596461494776
53693.548705 2.68924616595805 0.770140210480761 11.539305 6.050603701 0.244921599639323 2.50541142264415 0.14399258705377 0.15579334292776 3.76903736191956 -0.98930357631871 0.71954545413926 1.89109491941719 -4.6448422809349 10.6795842890629 0.49499391798956 -3.53876148676882 7.73956938136638 -6.75844458522184 3.91145472879386 -1.33713125120889 -5.5938315576734
53693.552258 0.0331849178564079 0.705226640794985 10.601418 6.048779364 0.249069744087532 0.931905285874951 0.931905285874951 -0.224927629735825 9.14811636980036 -0.0994279271777601 -1.75206724962697 -0.483631169936304 2.57897595356447 -5.03484491144737 7.02504553837567 -1.16053552401572 3.34179180446543 -7.96173409576012 3.37345299090636 2.55474776886415 -3.97574288230218
53693.555638 1.05417985840617 0.731681098959449 10.785944 6.055849111 0.248888231843612 1.01902434784129 1.13423638530731 1.49642577747983 13.4434098183938 -1.49557408665093 -0.391624136930959 -0.273415311173853 4.35335807317893 14.3183698423472 5.67462307166498 -2.02356386521609 -1.63157485394669 2.80035897395246 -2.33614367986558 4.59925581935939 -0.53739917113113
53694.600372 1.79983504906502 0.804786291675317 8.630823 6.049136656 0.247703536488626 0.240957777145637 -1.99193458842927 4.07003348116493 11.6241793601033 -4.02592689296539 -0.52342343313997 4.25627160942521 0.17456099897157 18.8457394941166 -1.01681085045922 -2.44931121737174 -0.037810299269051 -1.02110015038783 2.51443994452896 2.79438757611347 3.03429126963275
53694.60403 1.89659189638305 0.826547022213956 11.411862 6.049140307 0.243380257950528 -0.90282836360554 -0.90282836360554 0.47711500162782 5.33044696680889 -2.53303141443358 1.11606848269052 0.3026621609387 -0.83909106601392 10.2612023130903 8.70928518634729 -6.59574927209622 1.78013789772363 1.09163388924513 -0.41341764203576 -0.96177866442866 0.40560653411859
53694.607421 2.94005148837081 0.807142751603063 12.228551 6.050905217 0.242287555975805 0.911593329907862 -1.48826616949102 0.22364303080517 6.70167719540685 -4.47456630090648 3.34100160256878 -0.0412952717092505 -3.1763263206268 2.69677683724275 1.4701080745857 -2.95212832303264 -1.11599850507268 4.37545599596149 -0.10529515304379 -4.18725185255116 0.778239587662787
53695.568721 4.54652206808685 0.77648123892736 10.74507 6.054055716 0.248538703403366 1.76894149212524 0.64638900698355 -0.2822265596646 6.45352227465019 -1.56475289926128 1.76676775239081 -1.59189872819923 0.91816579275262 1.58463748713634 4.13802970577778 -1.91259489539727 0.355409051362781 1.69442862255183 -3.32945921473709 1.43378957278022 4.21002575425044
53695.572263 4.03274214970809 0.779928068727743 8.651822 6.050098284 0.248693203984972 -0.66029656432368 -0.66029656432368 -0.47193205084376 -1.73381677331802 -1.24691422019638 1.8862792960068 -1.10357187725196 -0.694389817993 -5.03454749924724 -1.42088290650317 -1.55089136769376 3.73916391600376 -1.83445907756233 -0.722034016813661 -1.05468588878163 3.48638385092924
53695.575769 4.87513091930511 0.760975203847596 6.765156 6.051748971 0.244835370854775 2.0112869044996 0.46076270213449 1.6646691162153 -0.123707109770351 0.99956854055373 -1.03123842563839 4.26449699428529 -4.60329238296993 -1.85274944622736 -2.49815708957915 1.73590065837231 -0.33907386085076 0.22643123697085 3.3506834139905 -3.82737493415408 2.29092522022628
53696.607911 4.99291223763996 0.754537496516819 10.210259 6.051163672 0.251276568725799 0.854880908693767 -1.07293575015124 1.58964755393426 -1.03690400579738 -0.45895513078067 -0.806220332685319 1.71554896410287 0.62947788518174 2.14112012199794 -1.61766845825622 0.19116080847372 -1.03112683312506 -0.27471058105415 0.96579180860666 -0.97121700617219 8.06515213258972
53696.611395 5.67099922874635 0.775182062615695 6.122377 6.051151246 0.252372279461513 3.7909223924725 3.7909223924725 -1.52410113070346 -0.93564898294785 3.30615676942257 1.35568077798845 -0.89404835246733 -2.89407372863862 3.6831618167463 1.20180239199673 3.38181861870224 -2.75967700093717 4.44747831505239 -2.7910332509149 -3.38256745694276 5.4361272001965
53696.61489 5.33478083926389 0.75881584714091 6.545854 6.046851521 0.248577093406404 0.935443012491287 0.833458683815479 1.49560958130384 1.77029756042489 -1.10121462146208 3.15164209185187 0.70912296339327 -1.79785524046101 -9.65332404161008 4.08043091014495 -1.54641667906214 -0.14712874274133 4.58187127773777 -2.95218193167609 3.30651439254469 -2.2071708051799
53697.628132 6.16504227936974 1.13165065231499 3.784327 6.05676599 0.25265404668896 2.10322742798529 2.99366045326231 -2.16457330087688 -1.38522593127437 3.29926886857411 -0.0934576330767705 -4.70667614612864 5.69155845411905 5.48853605471197 -3.11185872045875 5.05658302282442 -0.0231498515464814 -3.43049396170448 -0.445831678863381 -0.41543571836087 3.6769583552819
53697.631465 7.46128214185368 0.888777684889009 11.053644 6.061820532 0.254585964614804 0.0266532797724501 0.0266532797724501 -0.38496835901795 -2.3052585152914 -0.0614874567826496 1.06361747493496 -1.53360750394532 1.38391770295923 -1.88504798644507 1.24072073764452 -0.54334814558581 -0.620985527058799 1.79407788311494 -1.89173280569009 1.42165758910653 -1.29168356827834
53697.634856 7.39031130213545 0.956648853351041 8.788691 6.053913775 0.251549719027896 1.54168292502585 2.49485353255921 1.42026126476622 1.43409205323874 1.4226554067709 1.57931618757224 2.51475625719498 -4.1146374447879 -5.13786926434398 1.17537396850147 -1.22675668747797 5.25607083737184 0.525674943882532 0.74967410009924 0.8667536961752 -9.23055508640768
53698.631015 6.63358962980984 1.04778457742155 8.444219 6.061960081 0.252902128520585 -2.66918804981577 -3.17042223447979 0.52840450373633 -2.36907167952542 -3.79038089019831 2.0836402439285 -0.433875383328441 -0.13615129867814 8.71755990454816 1.63445777179955 -4.65054516605179 -0.25239547632146 1.56862284250393 -0.52603832282907 -1.71408885969926 4.9927028342825
53698.634603 8.46332907934123 0.938046317989486 5.864862 6.059935543 0.254506581386244 4.05361737432215 4.05361737432215 -2.65156407715264 4.49193019028912 1.27652898253127 3.81354508856746 -4.29295029188948 -0.57767105067736 11.3654017235276 1.80626922891597 0.703523751007559 2.56052758772915 0.901805838248499 -4.41949575955974 0.891588560203011 -1.19708742390188
53698.638005 7.56161787911287 0.93780921725771 4.982697 6.059364958 0.24846977680409 1.55348863104869 3.16263368521617 -1.96716419310881 4.69318864616797 0.02271269422942 4.49742557189929 -4.28156450139588 0.11681147877054 5.16630265689473 1.83837478923361 1.03960140983544 -0.24044128232338 3.86896835646307 -0.930033903027599 -6.14811092530043 -0.32242586589024
53699.607857 7.74140985245758 0.93885166205217 10.844983 6.060844989 0.252149588248132 1.48896250664159 2.27131466550201 -0.143047277074041 0.75867139802837 2.89233933656745 -1.52766107893613 -1.04664989641121 3.67853168508546 0.44800390805089 -2.02753686388148 4.85201000277331 -2.37649472265227 -0.855617248681409 0.66089469270021 -0.518810762753691 4.14499324532226
53699.611399 8.33082120115242 0.86021301497186 5.546205 6.057013085 0.250964362095208 0.601700044579121 0.601700044579121 1.98776631041499 4.59252501471407 -0.36819866391339 0.113460882898119 2.84572228491393 -2.04812065907742 1.90649892372832 3.2453201432167 -1.06439517791586 0.16714651111243 0.4579770137227 2.67175075632395 -3.01064750914113 3.15008232078973
53699.614801 8.55606859998288 0.933560849670109 2.7749 6.056281111 0.254029350097569 1.42769243357924 4.28744923292826 -1.1597343821275 -4.67411839166061 2.54922054616225 5.25661142390278 -3.96455819594856 0.42378965865295 -16.7243401074949 2.28337974403868 1.12738400813493 5.62067696723462 -0.9766943558761 -3.57291293750839 0.99798945415442 2.31143915673537
53700.687715 8.38273894727775 1.22354531832224 5.520417 6.058181758 0.253551435874942 1.5503187405216 3.26696134297226 5.18125305962034 4.57980431531991 1.70256641015764 1.44339179991184 6.35734613500826 -4.1646646094473 -1.76745103901406 1.13836729176327 2.30752753380713 0.0316110604195297 1.81790331713714 7.61192061757677 -5.3857017417647 -2.59844747866213
53700.690377 9.22898875965383 1.1645877212032 9.953346 6.062894928 0.248365610978465 2.33896071488613 2.33896071488613 -1.01351030437388 0.56978336503904 0.882477559804671 2.66215278950163 -2.16407062078895 -0.3454093468556 9.29197710451251 -0.18319198723202 1.19576312029657 2.73394081274682 -3.14059843227383 2.16196481221693 -4.62998229888815 2.93882483646846
53700.69305 9.5156672581915 1.05457553228814 12.259267 6.064301033 0.249630450052483 0.117559740541569 -1.43491932642401 -0.78852891009247 1.86916230170915 -3.76271893027084 3.92016713516694 -2.30358735495579 -0.94338765931627 -27.9510016943307 8.03014711386274 -5.73245299970842 2.80237222132115 2.80904505299727 -0.208579549624901 -5.21964033290599 -2.07148264356875
53724.54617 7.55258116261874 0.446772614121126 19.802333 6.083418157 0.27853501253679 1.83180288730249 0.14858864324513 -1.30649973518252 3.4310245387568 -2.50191229952908 3.8924280360645 -1.90867777349863 -3.21308913323232 8.16410435989904 0.773630649170871 -2.66142593818479 2.94652487552425 -0.250807708177231 0.33661862152066 -4.27495101886845 -0.70653308777949
53726.561254 5.01783261806434 0.466662467154519 18.256364 6.072266788 0.274667114101082 1.15959995493797 -0.81533286046753 -3.06581056719835 0.804925928928769 -0.0332770395324697 -2.00165824806257 -1.16741630557897 -1.93837426557953 -2.82300887946273 1.48306510187471 -0.64466075716946 1.70391390971082 -5.28355651132748 1.22320448212983 -0.87950472879726 -3.62331355389539
53729.559866 -0.0182478075293898 0.400545926220321 13.398627 6.056936667 0.259868581535407 1.62338518464366 -0.102638547808336 -1.3686472855529 1.95153845176541 -0.605119392423765 0.091298290037793 -1.80639869208907 0.886805983434179 5.55897788998734 0.262915537197201 -0.371479331778015 -0.552632918369404 0.0505545197545724 -0.947409269561444 -0.766934254487943 0.853094635272558
53759.555334 10.576963502732 0.524687557055411 12.324783 6.081363796 0.273566829210957 1.17245625288484 0.359490124943099 -1.74425401850614 1.3117923644038 1.1013743202009 -2.105992056949 0.2662411354335 -2.08722951829724 6.05845216276408 -2.2575169344977 1.5671635233379 -0.4043615405462 -1.49857837132196 -0.93491036021293 3.10930843814729 -6.65288281661922
53944.942315 1.28360571892383 0.574239750393388 6.914167 6.07423222 0.258759598993915 1.05657180284175 1.17878831458857 -0.0804655238546101 -0.469120216435666 -0.7763811614266 4.18598301585525 -2.2028465814113 -0.00892481920005994 -2.71156196356851 2.19031036642435 -0.841155203417368 0.901773097899718 2.3032469776267 -0.50340343876527 -3.66073981556552 2.48256735520294
53948.951121 5.09414319490192 0.776291237401007 17.046103 6.077171384 0.263325745201326 0.575945923782258 -0.2636855527363 -0.97075369894586 3.38301989397661 -0.3125960020448 -1.28382348746956 0.58083876534537 -2.0642227464147 3.90734375478386 -0.46338885826914 0.57772515508823 -1.73031537687229 0.58440247421099 2.18016101284717 -6.87155582162084 4.05268912670687
53950.937684 3.78399857047715 0.458661092435687 14.941141 6.060225254 0.254116958168519 0.944986103342069 -0.13614296842421 -1.97220980846657 0.5248518360464 -2.13401926759022 3.88623843920255 -3.93525788922163 -0.0988436023072103 11.063407530116 -3.38107067297573 -1.27455140414476 1.67351174344053 1.96651448891924 -3.18246601877533 -1.12043058718188 -0.832931179616269
53974.836378 2.17362726385953 0.587248111697599 7.285552 6.055611716 0.251424874095706 0.66602385443771 -0.56893470414999 1.50248245245567 4.0298396758446 -2.93669494711795 3.00389261536515 0.15784344720832 -0.39270004265812 6.50753388269816 0.73083331291719 -2.50366457916337 1.70215871721638 0.14402093301799 2.16894991066471 -2.95692774951663 1.17262061517047
53976.841391 6.33847552362811 1.02792617664674 11.048235 6.059244834 0.255735124854029 0.709745370139044 -2.25976980605027 -1.44434462536138 -6.38203960322454 -3.08453343881434 4.06246143822091 -3.13791048451636 -0.659249535655841 7.90919080308803 -4.80511768986487 -2.13837440389101 0.44896395549715 2.92546098615617 0.40292590574408 -12.0897228718165 13.5532299156792
53980.840782 7.6842787146531 0.527503253861873 13.960986 6.054621922 0.251077830645065 1.41474538315217 -1.10159838441849 -3.69534182758137 -0.397195849761019 -1.01039532058834 -0.00869305557394995 -3.25412791795002 -1.00804603229823 -8.20012127211182 1.63387569142731 -1.71964647735689 2.45221687597888 -3.04567522326712 -1.02841843547614 -4.83933562042684 5.50909623532074
53981.870217 5.46888408022969 0.44682782435282 13.188021 6.051808861 0.25367235857831 0.945306422727925 0.69283806008961 -2.7746807152053 -4.20424034294134 1.26660717832459 0.74717063463865 -2.66814467972782 -1.11726551545719 -3.5552840603342 -1.25369752590195 1.62974666273693 -1.40325532616254 2.40353093722166 -2.40165116589206 -3.14148329831855 1.01269348299923
53982.866341 4.3153126961813 0.432956148515367 11.972303 6.052171874 0.253431335482346 0.305883757233679 -0.10187738151406 -0.49669417360177 1.2099913696889 -0.91797885556596 1.10191256643465 -0.73197980786497 -0.74747475144934 -1.14351586467255 0.48773887578337 -0.98072990032811 1.17146644835099 0.0680005228168001 -0.0968360476828796 -3.00272474197694 3.88987120302632
53983.82964 2.80438917978706 0.653457331513301 11.326447 6.054603242 0.253817709101518 1.40845543260938 0.53771451976744 -0.85485246176373 2.54954058769448 0.97466204811747 -1.97431114686228 0.62063761309028 -1.12854846479801 10.246518611678 -1.88998762743391 0.80327318551717 2.83751012849831 -6.19699356735546 3.44490662094784 -5.02592050203132 7.69557715618509
54047.637545 6.12001003696045 0.515730990792118 9.371776 6.052357781 0.239151236686158 0.571961284505511 -0.5632422066057 -4.09008101896132 -1.42200901339987 0.148027740575611 -0.802232518886631 -2.5406912828545 -2.57402486187957 5.01371526353612 -3.36456798072066 1.19326537248485 0.14958892965137 -2.60591152578409 -1.20926063746732 -0.83683635683121 -3.21105223430816
54049.669111 6.77642381011754 0.595328357041422 12.167332 6.051854116 0.237032529787469 0.914609732981396 -2.23757565452525 0.82719975004686 -4.4587250456171 -1.51073480860097 0.49687804716085 1.57142400099282 -2.22469235370732 5.06706737050521 -2.35467629204239 -1.83980188391938 1.00427771775137 -1.3562506970655 3.21084300170462 -3.50736246680053 0.77315645199379
54051.673106 3.1567764707118 0.561050300657527 10.312427 6.044896761 0.229403546321843 0.562600419550739 -1.44865752262498 2.29013445348462 0.37248573366635 -0.91108084759504 -1.23404725578853 3.99227096166038 -2.44067551290437 -1.65938556747918 2.72330793260288 -1.90523065722469 -1.67041419816363 1.57696479321984 4.15967727973156 -3.49646279849782 -1.52933673269986
54053.701693 -1.01016713852265 0.443929835704461 8.741164 6.035829625 0.232264134626543 0.837261438041677 -1.02768525957521 1.56921021602161 -1.71807333076851 -0.0948268579671401 -1.0903258492003 1.19219174020852 2.10605872397921 -0.501437956841109 -0.388656203660145 -0.606249765020911 1.36705991880662 -3.35155218037865 1.84928499189851 3.55401543491318 -2.5347004721997
54055.688683 -1.31884817509389 0.430944280169436 6.085709 6.035294101 0.229378221445545 1.15339884281406 -0.33181105209007 0.813931232568661 2.72220640824894 -0.95174159238886 0.00829905815137 1.08904920402534 -0.625465376686219 -1.31381492335578 3.17793597817358 -0.907872107994891 -1.3824061742661 0.65619768308394 1.4037536667064 -1.63991954015221 1.93378133915885
54076.722626 3.42039868794198 0.727941434231124 6.66582 6.039150525 0.221398568169013 0.896018777517251 -1.11499540240922 -1.67548900521597 3.51187445833865 -2.39723588147942 1.11476617703476 -1.32266064287386 -2.01271883687905 -2.79453599649233 3.93655182993191 -3.37463088791716 0.84390877416383 0.93438244994327 -0.37445354452718 -2.76753199881537 -2.96097376373682
54083.664829 5.25209267978597 0.663924065919969 8.347708 6.031815427 0.218249651197827 0.802814652064913 -0.00433699238408991 -1.6197572418773 1.97938977173056 -2.01642203642746 3.18344081085168 -4.55995682598151 3.01051981215818 6.62033076552713 1.50543307554849 -1.61597857921113 -0.46759177988773 2.51135271387603 -3.44295705592151 1.23735929021469 -1.83451428668153
54120.597611 4.42820565448761 0.635704216904695 5.821945 6.029959006 0.216478255314784 -0.271269535164618 -2.11479971702963 0.69897431320298 -5.63312089380083 -1.11205027417069 0.63699374467732 -2.45068286673832 6.10335446634821 -7.59704308988097 -1.71159910045059 -0.83771488909989 0.25432129309875 0.19050551627448 -1.37163272220994 2.00478212656153 2.43102326192944
54121.558681 4.33963553731601 0.589981560634649 5.603202 6.032758761 0.216573652415159 0.620239688901752 0.86622425274377 -0.63779687493023 0.17396448980603 1.33087518776929 -0.99963155488157 1.68382204702074 -4.12970665208101 -7.2050839244738 3.71964973680379 -0.271952216957151 -0.188873888807859 0.77214564865513 1.22398819189271 -3.60492268168122 -1.26889546337832
54731.743872 6.96486332896993 0.449987907298584 6.070336 6.02647631 0.205727939806561 0.592927261542732 0.97687710243137 -0.85693003420383 -4.44296371305987 2.09413678316006 -0.0925190902563404 0.22237818462895 -2.59429754711936 -3.53829561111813 -2.71814863097773 2.84061582202907 -0.867452485063129 0.63532949798287 1.31270454731965 -4.1474110459038 -1.09720788202509
54734.771765 2.26573395112695 0.642979614719124 4.49853 6.025912046 0.21320556334622 0.658078266335644 0.46893392127715 -0.21026010213362 2.27104014132496 2.28523940871631 -4.55107493366287 1.18410857739358 2.01459152250321 7.59670164565431 0.93324212265621 2.13994726662181 -3.58465817027791 -0.932770575091969 2.98493898227755 -6.22088602868585 10.0560369243181
54737.74898 1.8574783156959 0.944993283895529 2.253884 6.028819415 0.216338237343553 -0.914676169856922 -0.69052068264475 -2.27091345536828 -2.39488248769808 -0.61142808467082 0.77146171831899 -1.37212617120014 -2.97542679771568 -3.01547064887257 -3.51012365974855 1.54686925906237 -1.71244227215612 1.40006792305007 0.80506702972001 -7.46095894781794 3.29200636413138
54738.722398 0.371138997033991 0.839115207199093 3.064228 6.028509575 0.208630701376636 1.23660342293467 1.21428603164121 -1.67678197398884 -1.43225666935717 2.74925325531606 -2.37827810009042 0.52608717160787 -2.47702323817182 -10.3952305265707 1.52517989273159 2.35641273790283 -2.28597428309076 1.25236617530038 0.36606383565288 -4.68181410106934 2.37611831307874
54743.721222 2.28642414018743 0.53595019395124 -0.95188 6.031050208 0.211719817335908 0.72166104294467 1.91273237405492 -1.2996899656428 3.10146187141602 2.42077534366121 -2.3697051015789 1.30543712441385 -3.53278500694561 8.37314541786632 -1.19754961978452 2.85148992172008 -0.44611610321339 -2.4652961291991 2.59601880960268 -2.5840890366692 -3.92658700767128
54746.717337 7.51661823257188 0.436346936520081 2.863426 6.030502623 0.212900967718308 0.785096129895919 -1.6770346157743 -0.387938251153431 -2.78386154443447 -0.72903993816164 -0.562270199910899 0.479635378371539 -1.47239733461287 3.28744682204473 -1.80120532413558 -0.969604633803459 0.70893010590818 -2.02890604149284 1.35914470089939 1.62097049766951 -7.83647332133628
54749.856371 0.879851222345608 0.481966241213504 9.228063 6.027874321 0.20922913337447 1.19384064308695 -1.35132694733674 -0.852658902045107 -1.41607086659964 -1.57012581571795 1.06490416564704 -1.69207323319372 0.792971756702845 -5.16548087978709 0.24759142930523 -1.89761995511695 1.8591888861357 -1.02246176649653 -0.788483018157495 -0.53813170272754 1.32163785570113
54750.819236 -0.195859925771198 0.519505677755696 5.592634 6.02808198 0.209022360587061 1.443814514322 0.905723650467917 0.0682420919226641 1.68535655674872 0.204534933141407 0.613915009633865 0.809074270816981 -2.5112973756063 2.99578789704875 1.20432401343362 0.474733625158029 -0.596276196408311 0.186925532650618 2.46135681367274 -5.33801152126067 2.57846957791591
55020.908218 -3.75605096105771 0.43454146992681 4.599787 6.026275827 0.20540826629072 0.993456968039947 0.36884200666424 -2.25054184617615 1.85337806900664 -0.22256763988518 0.2905514071048 -1.8665919922916 -1.30913041355552 4.35931842389094 1.79624257384346 -1.05864703945013 -0.52721145244842 1.73912039006742 -2.84812860077689 -0.31653173423418 -1.15259171093459
55022.907811 -3.74044300489838 0.6511628173426 2.671026 6.031713065 0.204368353886494 0.965790286794569 1.6902879345138 -1.79232346291459 -1.171661317798 1.29668425515522 1.28073303907424 -1.346583147851 -2.5460156392534 4.60699453389134 -3.9263185958269 2.50330970971274 0.26798669820852 1.00314653521364 -0.55664756705034 -5.20531262236453 4.04235460863358
55024.911998 -5.78254695983114 0.515361782091581 4.529896 6.027905453 0.201326862926297 0.484457326450915 0.7421928676129 -1.26223143483948 -0.48739426865212 0.39602595909229 0.89243637545365 0.16823930968441 -4.50627286488584 4.37188086246258 -1.74666206659972 0.958707802727821 -0.00804685106168002 0.53853583358542 1.05871173164716 -5.56558749764971 1.08140016798948
55041.816516 0.761790514146232 0.662933790628418 3.773409 6.028828638 0.197545021517965 0.0345449827810182 -0.950151794521949 0.473207689674036 1.56004090209526 -1.62116252426688 0.644343944374483 -0.905506431917658 2.48369365081565 -0.531834167380516 1.16003600469159 -3.29329039709742 2.13068421063897 1.45016738687581 -2.58201156394659 3.30285228700517 -2.02304587130382
55047.942199 2.1653284475178 0.933553007734908 0.272206 6.024741438 0.195890926755953 0.868997140709298 -1.26107492530592 -0.92961050934728 -1.37484178882451 -3.11668982075038 4.1480231009762 -4.93232500020842 4.62415316862315 -7.42016380603214 5.95191105409745 -4.1928360162138 -2.30595067521181 7.26884219121479 -5.22407535141353 -0.867354143610114 3.90220528912947
55048.861964 -1.96183982993614 0.591843655021395 -0.32201 6.024281438 0.195314160409214 0.229898370953756 -2.82622024642988 -1.37351997560214 0.763323191587487 -4.03523813422814 2.02147368537243 -4.13415034807982 4.15355173880421 5.98996497542318 -1.42503071845828 -3.21141603212165 0.20744370585686 1.10152360303952 -3.47286381454469 -0.53420409439844 8.09391470704633
55071.830375 0.573887600087042 0.474393404039626 5.074321 6.025297362 0.203351943542603 0.537812639346604 2.58020479334234 -1.72261061396873 1.0824261219602 1.17241141504677 2.23072955132809 -3.9713192782123 2.83386624536912 4.44046396019733 -0.411645460988643 0.658541174835759 2.47536346875469 0.28534996706171 -4.30925234384708 1.44107785818366 4.30537206038736
55074.899303 1.30920004317741 0.449082191627456 3.616515 6.023405023 0.201213521704742 1.18023891719559 -1.18380451459992 -1.08026989180402 -1.6946085247718 0.18294647035795 -1.88699761980386 -0.940562458634208 1.86432339307611 -0.89521373744972 -1.07904641342486 0.82978264740636 -0.83408373374553 -2.71647505762234 0.491489671261351 2.27362621594142 -3.57819960512881
55077.869056 -2.2741665179066 0.593413684948478 5.533237 6.026899003 0.197622689407258 1.09485075387784 0.90764168831344 -0.19976736550211 -1.31262825597638 1.34131752352991 -0.26496877964412 -2.570941237277 5.94971423686658 0.8826104810987 -1.97764160826072 1.88838456872657 -0.11316501926239 -0.37421832318784 -2.1385086992166 1.56905984231702 7.39460768877806
55097.813969 -2.6872410209382 0.615609205719284 1.038654 6.027391523 0.197986612142749 0.940318336723863 -0.14557424860965 1.20547895925318 -3.8758129598535 1.89586728241026 -2.28370893968828 3.68227403311619 -3.16605673886432 -3.93726860853254 -2.42873109342894 2.53184210517156 -0.45977101200654 -3.0860361980092 5.73070462264615 -3.66628548783646 -1.55764074348444
55099.829261 2.56777946395639 0.519813405431262 0.142075 6.022627546 0.197625445855817 0.401896424215807 -0.8591274191998 1.39884876557946 -0.25917296803173 -1.40395195113124 1.18064382364626 -0.86993998685386 3.9587410339852 -0.28366332778052 -2.44464890438056 -0.34517472709679 -0.02339595632575 1.67812486458119 -0.12374546884936 -2.5165930140683 8.9101577024482
55101.821633 7.69782286277501 0.982361697473726 0.224012 6.030087478 0.204849739352798 1.16771366938566 0.107189211836141 -1.38426076795551 -2.55683167347369 0.132740186071199 0.93222316561228 -1.23053515701862 -1.3920014466444 22.7738988700946 -1.71910075407731 -1.70183218138523 2.89325002992543 -2.25816791939897 1.83002749203442 -6.24322817919365 3.50511086229148
55103.765288 2.27391102555436 0.8369958389033 1.76691 6.035120057 0.197688258114829 1.27071297862607 -1.1064109628093 -2.47447291471765 5.50770519761737 -2.15141986421413 -0.19538345458829 -3.98512183310767 3.66137877272683 -9.62850197996406 6.7612095297506 -4.62612947419539 3.00780963536505 -1.87106148680482 -4.11239416513396 -0.15894450220772 9.50420352092325
55106.738268 1.37734627163403 0.617227816250349 3.707618 6.03578095 0.208259830511838 1.59793066155096 3.25817112169145 1.54646439035347 0.4972884092152 2.60862498766983 1.04904058697413 0.54624657665711 1.13163663433046 0.47377655541609 0.03687295441377 3.24779509795632 -1.04651666697795 1.89288196678566 1.21635829432204 -1.90234292506854 2.3765536561109
55134.743813 -4.99249371774639 0.585389478259011 2.681132 6.01706907 0.191406047792833 1.0905948226966 -0.79467717964517 1.26091186625491 -3.50558216865519 1.67537312236174 -3.26847886198608 0.387879436584949 5.70559647065948 2.41822100538805 -6.07410265188819 3.78535639062946 -1.86381519522134 -2.78442266138386 2.46153271596271 -0.0141527986202297 6.35032803028841
55137.632941 -4.8846233106798 0.492370658380278 1.735238 6.016918045 0.190514681481518 1.34988338909641 1.73161553672891 -2.05020279291493 3.89775917393348 0.67659969627344 0.25319768622977 -4.3226274186735 5.0537454387248 0.766888444317971 4.54681827502539 -0.37959322219462 -0.39124639510553 0.84626663550464 -5.03908042077093 5.60787056986146 -2.57079557469965
55141.616748 1.10834752791568 0.43613954723689 -0.94047 6.01883821 0.196747588283387 1.56252607257508 0.410635045318682 2.06178282582675 -0.387454453220633 1.67156608431364 -2.28647690617486 4.08422455208781 -2.13806538166645 0.614949286297996 0.784469982886414 1.09492496872784 -1.03592922029118 -1.24234297251137 4.08836507576349 0.79622841427467 -6.25941575706571
55153.675076 0.190473031731698 0.64678114108279 3.078124 6.020420912 0.196877450018254 2.22767393357349 -0.578113951909988 -0.17742989631212 8.44796438846491 -2.87662622801917 0.752243774861766 -0.391311147015972 -0.344646355432137 11.6953001615568 2.44250267533616 -4.03451594614946 3.04803049831551 -1.51635804751816 -0.21697168965016 1.09612251516673 -3.03521688314104
55158.641941 3.08811314904471 0.499520175467745 0.900755 6.016338661 0.19560612853971 1.05826934062763 1.21573760122842 -0.11239291100246 0.69361841072186 1.33264127627947 -0.54975638736971 -0.4440931374214 1.40447135845342 -2.74567030332704 0.65063693889095 1.93096740544391 -0.0326080991854001 -2.19804187890486 0.5962550761189 1.98752449700792 -1.59950335888261
55162.631053 1.42951532408843 0.554345832163168 1.538707 6.021612162 0.196447859206083 1.7659310977436 0.30542675522293 0.15335379679859 -3.32761444171606 1.02551408117743 0.0657270522590201 1.17289590518529 -2.46647341242501 -0.99930681970786 -1.88144751013081 2.71688428226734 -1.72614999071205 -1.10688460512936 3.55372227506811 -1.35347548285821 -6.62518407036351
55167.564953 -0.141047886157751 0.420908687105597 5.872195 6.018126364 0.196510766666987 1.29339085615361 0.281152628933223 -0.31086833686522 2.19811587959332 0.171167737617241 -0.819938979462642 -0.646827697113148 1.74544795845682 3.44103259424013 -0.275092034062784 0.249969111023965 0.824721133346227 -2.09388682689314 0.165342601418617 0.710984881504078 1.25463257150908
55374.935569 2.19864824883869 0.770139470749003 1.256733 6.017729655 0.184416260679807 0.664230939210673 -1.99608880729871 -1.0177864750316 -4.81029528471003 -1.00677276301647 0.0106011975590501 -1.66589122762858 1.4944878888759 1.84745106240847 -2.76121856894053 -0.10495992557673 1.93305235468702 -6.15276017353109 0.541792856354979 0.890461320559074 6.4504484796863
55375.914748 -0.27441832131958 0.719631403594021 -1.25986 6.018960703 0.177739811675078 0.647829483286242 -3.58204312588662 2.01381988855999 0.0796712631757002 -4.05463112496271 0.86355663409225 1.95968672653763 -0.805011464403917 -0.0387390977484598 0.59691537073474 -4.36328955904564 2.52823796623102 -3.21101637516797 3.18886641686351 -0.138588630704125 0.646325232950564
55376.930514 -1.64517920182381 0.55619848133006 -0.93051 6.015398865 0.181270655372045 1.17049790659734 0.38909205946957 1.44932809791679 0.59908271836705 -0.1649190542195 0.82846300931369 1.47329242921375 -0.975961856126676 5.41778263602113 -0.45290256800215 -0.2774218354586 -0.38135959851831 2.20993918208292 0.074771863096265 -2.11106634336457 5.9989002915554
55396.911872 1.47056248196859 0.971119104668097 4.898213 6.032950176 0.179775036873178 0.805648442014425 2.8192917641015 -0.91210993961312 -3.3429784555805 4.82624890292328 -2.55749524878874 -2.04346544842171 5.29531564519337 -5.56966997931311 -6.31084081112381 7.9501932640829 -2.60848346588994 -1.62387288764327 -1.45059066494131 2.7522343242691 4.62432483875529
55399.902991 -0.105715583815189 0.621383778223146 3.248714 6.026247162 0.194751291579491 0.371113767130391 -8.16521275131971 -6.23130974640896 -3.50851481449235 -5.92819943302883 -2.83785501628201 -6.08357885749255 2.94416983478047 -13.2024708725489 0.120591551867791 -4.7408349128037 -2.96127720501578 -1.65119293333289 -4.77660531921888 -1.98554881458369 9.22264501108469
55401.858661 2.08303541354571 1.08573698580036 4.371297 6.033491516 0.182885520024066 0.470417385783403 1.99694416749392 -0.41591939297964 1.05451955497819 1.98898516561961 -0.37627754526056 -2.57793173932715 5.41273990198324 24.4687495309526 -4.02399340104452 1.20381359423851 1.8747504211322 -0.66031698412252 -2.16302109580149 4.57905209219483 -4.62522174836333
55404.877645 -7.54098740033648 0.567815411131828 3.691939 6.012382739 0.189451213233315 0.308320172006744 3.20460012389809 -0.32248017354876 -2.51437561394322 2.63459984592478 2.08101681581239 -1.29013475143515 -0.0288829881505999 -16.1740332061195 5.89926336395532 -0.23298939619619 3.61538686052284 -0.74456587933299 -0.79204645397568 1.15317755654082 -4.45187828177102
55409.931399 -2.93709669434242 0.516277586245255 1.260142 6.025445982 0.195022501740671 -0.0705461043765225 2.12033847777742 -0.8442954331135 -1.01143476981298 2.41251088643533 -0.13586123567685 -0.79167372829405 0.0287551043285199 -4.00818731521712 1.35695686389713 2.50677222826014 -2.02927483989606 2.00438901933171 -1.07867638595413 -1.18413249148992 1.12791269091562
55410.890935 -0.232748838737798 0.70432548488484 7.37551 6.027436564 0.191873602796911 -0.821392216062768 -0.28670747235713 3.07120063736188 -2.3169382612462 -1.66900852800354 3.61570116158132 -0.256677731456837 3.77045434402371 8.12616057232054 -5.72524402480242 -1.23711225410254 3.08735131035187 2.08748341068583 -0.14151573048352 -1.811543236934 9.2505792613432
55412.895704 5.67022999620713 0.769409239879656 2.640946 6.029915599 0.18629745473124 -0.127002996688244 3.33757402320798 -1.90994815253311 5.12355340272286 4.54949729957814 -4.32971837326991 -2.23057975265108 5.63541899125885 2.70412758044027 1.1940513634156 5.35000606283854 -3.2029615834003 -1.60375351139688 -0.98642836710294 -1.30544974696058 9.65017988524399
55414.869671 5.80218219078358 0.781436340792726 2.140216 6.024294736 0.181689376017097 0.623982165559653 -1.72242283202361 2.72657430403991 6.17317596964604 -5.65086806487752 5.02631683283621 -1.96641401396898 5.50867950845723 5.71983386027623 1.01681333171333 -6.23824647271739 3.68059512373905 3.63782880955226 -2.25052204409677 0.0626294006797696 7.02763869648982
55423.782072 2.04740983969408 0.821606527573956 2.615665 6.02049182 0.183498597601189 0.686782042631823 -1.27051472376825 1.4512205006323 2.17357817817368 -0.33151475224895 -2.6025203997056 1.53071802932951 2.66270517970783 15.8431337368752 0.41286406066405 -0.90937930199403 -0.92229968636306 -2.53571400051715 1.60543522011454 2.51200868818177 2.16633640868831
55424.767214 4.23868958921008 1.26481559201411 -2.35228 6.022913285 0.180367055558078 0.787943513232685 -4.90452655238134 8.58690248451238 19.1752700761479 -8.51479848716589 -0.0667726973650509 6.37731808674336 5.09250959807732 17.5729124786295 7.25691810237996 -7.82870119004513 -2.17187390260178 1.81278076432135 6.59966815254863 1.73493029173838 2.84911363241004
55425.749625 4.26322791674478 0.691824597560466 1.799476 6.022936885 0.198683731237751 0.735911629141063 0.71831106798631 0.25761281298682 -2.87450579814948 2.42487930543877 -2.10143065527823 -1.86211472210943 7.17348956152099 1.07785334627305 -3.54406635091272 2.32064712825676 2.01365697390012 -4.43228752731019 -0.73117360982603 3.3849599518946 6.68411978545358
55427.875709 8.61714717504021 0.628654606056422 2.871769 6.021423357 0.189319506738422 -0.839221315740879 0.76072658663908 0.65862416088247 -1.69924094790101 2.45259391001809 -2.51510269788855 2.64808416803864 -1.9392536859768 4.87609029437998 -1.5395999886198 2.55863745625906 -1.69773138483587 -1.02894686150708 4.53749137844305 -5.71053462869745 1.86103026938882
55428.833915 6.78294349799991 0.714911763769365 1.952752 6.021975815 0.18818879736246 0.37563713073316 -0.85481644155808 -1.63926903646783 5.00200461018492 -1.38873722196754 -0.96149405629748 -2.8529436712061 3.9214828469898 15.6423860592487 -0.27445074582219 -2.44754605193474 -0.70481810266042 3.24241163910501 -4.70430550124242 1.25557726603337 2.76847144328788
55436.808573 -2.24904875954631 0.426931526058486 1.054268 6.019107584 0.191088022010424 -0.0702681137518884 2.22528691390107 2.41732128718242 -1.19778226996652 0.5713846806709 3.68376770262906 0.665342470479153 -0.030899276633133 -3.13720158259922 -0.49011910144131 0.645119197993241 1.84058979422331 2.36838644075142 0.322324415018687 -0.024802952431716 -0.378890077976305
55437.730927 0.800852083500435 0.472608477685908 1.952293 6.020748654 0.191851943138796 -0.877253462671248 -3.26259309048585 -3.45750006202163 -6.76897460196915 -1.67465808758428 -0.216809944168514 -3.76552456566467 0.97341913607864 -8.02222790145278 -1.10961421973303 0.13329722932435 -4.35447388738611 1.65006533379847 -3.30629594978429 -1.25002989074417 4.63034189048605
55437.80145 -0.439360197798511 0.470823380963621 2.422375 6.020129911 0.193091781611716 0.544938642628933 1.15996202550206 -1.03870845469285 -0.198605783988129 0.162039619695681 1.98160792054283 -1.96155919128166 -0.0432149837117569 -5.17722370011013 3.85422769207088 -0.995955353273246 0.282591270925967 2.11025811968123 -2.31514239094701 -0.96831315898512 1.62506443589606
55438.836837 0.376888459472873 0.453412697114839 3.067926 6.01553425 0.192778611250965 0.113690529539164 3.08385472312427 0.37687202126277 0.49466139000674 1.54931485753628 2.75395887696234 -1.88518750377971 2.28379682355126 -2.4702897386919 -0.84109837793839 2.32750329290514 0.639816418063268 2.60422941742292 -1.8002787170732 0.34524900371793 0.39128609307263
55439.857224 3.99700839991029 0.545063485051145 3.294899 6.020068935 0.189650493425445 0.704366781407974 1.14592516175581 2.2689664214172 -0.6042469400866 1.53072751483597 -0.48763951628056 1.04943044156052 3.52313351191352 1.30270914550801 0.21867409134446 0.19055613350459 2.80288597925705 -3.123627650603 2.94113710989617 -1.72173388472568 7.00450563913103
55443.789386 -2.03091054488373 0.733972440171978 1.950609 6.021385025 0.188346533478418 -0.25639571380954 1.16168699429126 -1.04301443195883 4.07520945166031 -0.79051742217968 2.1071862954106 -4.04226337508348 4.70173283459292 6.99709859776067 -0.56110097378406 -1.16485565400808 2.71208239415533 0.775518507191446 -3.31615912924132 -2.528104348257 11.6479903869577
55444.763276 -0.702251448516251 0.549653044365231 5.379609 6.021698633 0.192134167219874 -0.218116238782757 -0.220701794911108 0.925162588200974 0.372993684674394 -0.731332533701904 0.819002424316728 -1.01025618816829 3.65402729477151 -1.64616022268057 3.37247163996119 -2.53074984596732 0.63112440641211 1.7413414894029 -1.09295263138776 1.610907398947 -0.965993946966639
55451.877806 -0.936186820032245 0.881036241288364 0.411317 6.025119072 0.186562772448418 2.81782379546473 4.92795636396357 0.631502255707494 10.6502809846231 1.51118849395249 2.53498981076586 -3.74250693180231 7.37882108867058 -2.69197265000797 2.20592143519798 1.01816005412669 5.27500966993177 -0.89055410707321 -1.67014994135527 0.772811323126913 3.4565172755385
55454.776316 1.61346591866427 0.527074967440526 3.585867 6.019244023 0.188362756018366 0.466435810636166 -2.05340642739432 1.6106912743749 -2.54970122301831 -2.56267458990495 2.04300960514171 -0.997476720104983 3.98507345204915 -1.03764801742639 -0.78354749420555 -1.96883602210819 0.012132518473879 0.90042281814868 0.28648119448172 0.53578255362874 2.40190262889081
55458.811601 -4.43899205713452 0.575975115077574 5.370567 6.016475762 0.189323401271671 -0.73684613088027 0.23148089209793 3.2471345661168 5.62116634875759 -1.83199421698355 1.60190044608447 2.64994467475696 -0.3765910542342 -0.56879975442377 3.79005662770206 -2.2762630090539 1.46032439980274 0.0114069558704299 2.86836045109123 0.40388988442585 -1.72318864876083
55463.736279 -5.12765420867221 0.555096179640758 1.164404 6.024873085 0.187815403378759 0.272865999108002 -0.67953976026861 1.98333234451757 3.46892417499045 -1.11160791235664 -0.61983713368463 1.98671190526116 0.689144043216789 4.34339340212656 -0.20366933623641 -0.74636880639625 -1.01979844701762 1.4408664194209 1.70306656112976 -0.21424970679873 -1.02352314086352
55464.714157 -4.49667556938843 0.563072797909237 2.148801 6.023719168 0.187737564619304 0.407654297552003 0.4810315398965 2.43642549838405 -0.83277287557199 0.14717629174308 0.96755954482473 2.09361523770234 -0.26128476222619 5.21997214301727 -0.56312007615113 -0.53209079905236 0.38433223671934 1.71942773422479 1.94261699025941 -2.97351510470408 4.33764380442691
55465.628029 -1.9184073736984 0.916794732092094 -0.33534 6.023344145 0.178046979405068 0.145689723691548 1.62692994484725 0.834424522073189 1.35466752560748 -0.88562777635951 4.2075365327757 -1.91918340417213 1.80579852044188 12.4228772758656 -5.85920208576765 2.31056346167597 0.72167016025595 1.20446799841502 1.13170684758604 -5.4956819036144 8.42229070403972
55480.714773 -0.295326560807394 0.585350099922064 0.929113 6.015810227 0.186745199448095 0.817320206010051 0.562753754567429 1.54807185003333 6.56073606110148 0.791039997817287 -3.06818904682321 1.58834610496253 3.28976131077687 4.98796427337826 5.92701369160363 -0.60010357282991 -2.5783011924981 0.15883984646491 1.459849123097 1.81536221941389 -0.72172855672907
55481.659906 3.2838789689607 0.764856189008276 2.874217 6.020425596 0.178764486011735 0.721369127582123 1.06395633215285 0.13843367190686 4.07580403479803 -2.00708247998208 4.17807222294242 -1.58455733899963 -0.50953108307304 -1.24240163365197 -2.80432479245536 0.28134669386922 2.65447166161823 0.60475867813037 -1.41164203655164 1.6686010808476 -3.13470530458851
55483.635608 3.86500547641071 0.748816577229909 1.559476 6.024123444 0.182876738097773 0.706350974752802 -3.12016898306878 3.34261944204158 -4.0927892054132 -2.02066517456964 -0.52073026573107 3.7405129026844 -0.348551823566201 -9.54394051042718 -0.7660012472613 -2.33597121642792 0.7020555969869 -0.90544854082341 4.49416175372945 -3.99352122650335 6.98567162276629
55485.685276 1.86822204619903 0.50258167749225 -1.95228 6.012040306 0.184841174758826 0.80702451503916 0.866920473569147 1.79295799557155 -0.271500299539255 1.01147644768349 -0.16251148599633 1.42188213594755 1.04819645190259 0.0623490802485902 -2.48013936291909 1.6605127828974 -0.544742037567219 1.72438440206828 -0.0387132961257102 -0.0443190115285699 4.59843314317938
55492.708668 -4.58655936914048 0.48830592382723 1.188051 6.011313815 0.186644552638438 0.587479449043974 0.63805786155756 2.76073028576608 1.59550935663993 0.28150632736894 0.00332825508550982 1.91516233674299 2.06172553361455 5.23452814830114 -0.923964748495981 1.04709052812229 -1.53620923805392 1.73082571755007 0.64238109106815 2.78239688963188 0.176358959931385
55495.764867 1.38858508239051 0.554496897659412 1.40992 6.017102205 0.188502455673679 0.579706663218156 1.12890497269472 2.7723289161248 5.12182522414076 1.03963323383362 -1.85315191973372 2.33389418409391 3.09371402665177 -7.01174590385905 2.56944607065762 1.03450459411197 -0.23213891592507 -0.90311201517497 1.95168727675366 2.46600293717092 0.70485416606052
55495.777262 0.584726083959112 0.501745127171654 4.303508 6.014444878 0.18636345763424 0.976129705039759 0.19426307389089 2.10709426670247 1.44057321896852 -0.976590655975951 1.62265765455312 0.962654244471063 0.91391359380996 1.71678234645101 -0.567506246721155 -0.57188037811617 0.272045841003777 1.97988925846008 0.33084472342709 1.35178605797532 -1.70886338859347
55499.690268 -0.267796792734676 0.610907116251184 0.882249 6.022075555 0.185604195113842 1.36538788127994 2.10024838823517 1.09860029594648 0.20889141241385 1.83873815092203 0.412233818384884 0.90431334442334 -0.000457602001810109 -3.32086953740639 -0.99384589229093 1.97402627099457 0.215763218077212 1.77567649103214 -0.12909846121421 0.47651396984161 -1.28818517947972
55500.719366 0.54665937613813 0.475813945395003 3.524431 6.015526286 0.186526194473603 0.454169517539775 -1.53798685750347 3.16044765991362 -1.73616299035183 -1.43957383961986 0.509848149562162 3.0238199696965 -0.24451255396489 -0.732537971902446 1.2615380444821 -2.75585120008697 0.773140010665898 0.648363490040132 3.28070694299491 -3.26181059782686 4.86125201084619
55506.635146 -8.24503757757688 0.56675926692282 4.64587 6.018518602 0.18633021020451 0.855352191751248 -0.810863107381941 1.28179092986003 -0.9367807653105 -2.44369249723189 3.4858665319652 -0.0278494603916899 -0.798649622398599 0.729369665369189 -0.901011471126839 -2.08029725324247 1.45980301834211 1.7878306022623 0.21895133542996 -2.51448763511463 3.96950673641053
55507.652296 -7.29615560676061 0.397388111818778 0.381335 6.013613778 0.188891768464603 -0.720313661629077 -0.2345011140808 3.2657952988122 -2.03428389360048 -0.52841832336015 1.46844218787916 1.9195832449144 1.54272799604149 -1.844544605385 -0.95845003304628 -0.652397984196289 0.46190313352326 1.96012424314685 1.27700156894773 1.41684045646794 -1.1434306000899
55509.652499 -0.496023476326156 0.476863089205335 -1.57528 6.021045569 0.188680098663912 0.982727159697955 0.824441251067304 2.32493672344043 2.01383391700057 1.03189357407167 -1.24152770203009 1.83413579806612 2.53068643654585 -6.16900693730371 3.15953051918898 -0.491998740085893 1.58389799073647 -1.75792353952626 1.6068134474317 3.13204224266276 -1.9548079735614
55511.673659 0.335570263530497 0.476632712036471 1.131063 6.015839067 0.189154040377421 1.11556753632376 -0.775154453905437 1.79570413660894 3.82579976664599 -0.24466888548296 -2.58357577832637 2.10971262553788 2.16246474278501 3.77280792211487 0.538807527893749 0.8249270502494 -3.33106975183971 0.3326129512766 0.896115083043602 2.87102867178876 1.07333001602556
55513.664356 -0.850171858347112 0.555413718830747 0.213453 6.019999973 0.189912416143091 1.26289948454164 -1.25757278607647 2.18051016221705 -7.99749415634927 0.89556774981352 -0.86692618211468 4.42834787422817 -4.25712000148034 -3.75519575260023 -2.51023145817719 -0.23187326021667 0.75649119017447 -0.60564650675596 3.71402882687907 -2.24848972823788 -0.630701246599456
55514.637326 -1.8559116272984 0.619379543429153 1.897991 6.020616026 0.192105120334844 -0.092005343247077 -1.38995523448238 3.30719573018933 3.3799098060468 -1.29570238112036 -1.51861176331811 4.52733233204009 -1.17051613796936 -5.44630542362695 3.97113089471703 -1.99697171678714 -1.99378358175336 1.93473096874596 3.16194368974561 -1.15139724843946 1.02394491919783
55516.678653 -4.26583735848729 0.515624853672492 2.737785 6.017202784 0.188349697613806 1.12496399613205 -0.21381491886451 0.45062776845305 -2.15949832597693 0.0720651286826097 0.331183729987321 1.2659015366484 -2.31346652982172 -3.52171290026266 0.80572451763212 -1.21185316616336 2.18611594577858 -1.54468049055599 1.4114564685563 -0.97064912049525 -0.75254617461388
55519.649766 -7.9039826876053 0.59617397320719 2.234037 6.011224958 0.190443197915184 1.33379312675917 1.90115147256849 1.37000683816853 -2.61345510865468 2.11463555772858 0.72866335082688 1.65450009038435 -1.51479035090549 0.99765351995247 -0.60641987400955 0.73433681345133 2.4525391889046 -0.7508024734254 2.33648824683017 -4.38161125027753 5.47227005204859
55521.654412 -4.26532819492553 0.546769394270979 2.57019 6.016320911 0.186108597750826 1.76510564379861 -0.44835408709483 1.21309484352809 4.97336506107951 -0.61881884496508 -1.69670109857154 2.50035427673703 -1.1460335759672 -5.07871648561119 4.24551064937496 -1.88379254910339 0.4205436840682 -0.740728167259499 1.57465619085021 0.72217420308957 -2.06490266408509
55523.663848 -1.65098915338542 0.471242450811624 1.818137 6.011987868 0.185630309713805 1.13819067536617 -1.45602768446367 0.13993608985323 -1.91960015625463 -2.46090912485249 2.68879893743056 -1.65795528108806 1.23156628907206 4.41185912336881 -2.6481253130853 -1.86059855765412 0.61971937764452 2.24100737317157 -0.69296348016331 -3.52064583411199 5.50157299536977
55537.692447 -0.359086847557044 0.487605315802064 1.671111 6.016627705 0.187589552850223 0.483978490397743 1.02827173696759 -0.431246850783548 0.525517350119258 0.583666351278127 0.626304709503711 -1.33411940910075 1.46724620789206 -6.28616601688539 2.860892930049 0.036881425024002 -0.45900001803543 1.65493468142469 -1.99432808671602 1.22223337764149 -0.0761204790320877
55540.592826 3.12448246674829 0.439491960174632 3.080958 6.00987565 0.184286182313983 1.05889872314652 -1.85891415322056 0.6648654426159 0.260904145998921 -0.95893717646936 -1.83350323743661 1.45925956670799 0.19577861858383 -1.21304318254425 -1.24338420805348 -0.51347836811655 -0.54958538833056 -1.06951941941616 0.51479227431379 1.09548738371476 2.27636575555397
55542.632817 2.68877510417289 0.488403685865501 1.028738 6.01317298 0.184397958702254 0.497328608262112 1.30148186340206 1.01481882122301 2.19806914022067 1.41449883847836 -1.09459815355649 0.84859150152617 1.60660670851687 -0.0878103475835599 0.40728461660649 2.39560603462865 -2.31747369235758 0.83667650475884 -0.34957531444358 3.34957530576356 -1.21251181953153
55543.587955 1.4354361996726 1.1236718115983 3.509384 6.018842402 0.174307215991633 1.69730918976815 2.10775780450798 -0.2053220257524 5.813605755708 2.45335919205133 -2.60328652108849 2.94383587834192 -4.36422936977769 -14.2822496723266 2.02675612591612 1.12715735436943 4.36730536402091 -5.59865005947753 2.12831679679443 2.66778345816311 -7.94358426537709
55546.566626 -4.98218047602716 0.534241649507391 3.483626 6.012288391 0.184164505077121 0.660569749356683 2.44484087041475 1.35135296046216 7.53606607888923 1.78822195009397 -1.83328139673718 2.07549328373099 0.34256336109627 12.5680518943342 4.16272330718251 2.09722141410223 -3.40406658892314 -0.0640711060897905 2.738484968784 -0.95912815365963 1.53963424089783
55548.549177 -6.49440935887714 0.480396402177629 1.11274 6.009496245 0.186175624060618 1.37972522747078 -1.08477862645142 1.16087513196902 -2.38607095278682 -0.21602785758943 -0.64821565544673 0.82867851171331 1.53888279634752 -2.4833716181051 -0.95087386152987 -1.20210102330007 1.34146087111227 -0.493863271162669 -0.17551171596151 2.99423332995089 -2.06041288867311
55549.609958 -5.41066594032309 0.446283038247828 0.817767 6.009155991 0.184491848280409 1.78319548688734 -0.0225621512419503 1.8916132674074 -4.20866137812769 0.28170309918253 1.17276498989673 -0.29385921212043 3.90959601272476 -5.29519261853975 -0.472335047507211 -0.27076060138377 -0.78697508767002 3.97883184198821 -1.92299868813523 2.16473756847899 1.58516523187361
55551.606686 -2.93405253978296 0.548776049800107 0.260663 6.017245029 0.187877748555615 0.461167787160008 -0.49926917091227 1.57003719523063 -1.89433672430534 0.33020980265005 -0.82685901110623 0.26018426752675 3.90590253755635 -8.96266420066588 0.96453176316876 2.18798315904761 -4.71339512768079 1.90709952403516 0.86670055252315 1.62201708248976 0.596160355788023
55574.552695 -5.0423723449167 0.406309974558231 2.462602 6.010410647 0.18838849956852 1.41310540996977 -0.4188611883978 2.78153840631107 -3.31482813123476 0.77234065144384 -0.91133948974512 3.40322158430259 -0.46333891301785 -4.6601459172729 -0.62575356317436 1.22547495487789 -1.74664097773628 0.36725975133653 3.28921891859001 -0.59264693441784 0.77064405995843
55577.575245 -6.30753822725615 0.446835717238695 2.207682 6.014631083 0.185989977886265 1.21651326662527 0.0699451171634999 3.24308320592475 4.52094275582183 -1.95543546911199 2.07708640988097 2.62309192806653 -0.86367936938224 4.04141043205208 1.86850021540287 -1.49408431734417 -1.01883394201426 3.38585865199698 1.85895132002757 -0.92445900962476 0.18942771623151
55579.555563 -3.25793893691244 0.456096258928446 0.317023 6.015705798 0.186301272983771 0.930319195929011 0.75733869437039 0.75382905250054 0.697226981185 1.50473589315719 -1.66404914469224 0.65318285035628 2.09252074487387 -4.86802531501046 0.339629988847929 1.51109346580164 -1.86853889143654 2.02666782033591 -1.83065040074544 2.55463361340216 2.51467764087077
55586.551984 0.571316884104882 0.581332085611842 0.975253 6.02108853 0.184896279329374 0.824818433278377 1.22155884941107 -0.882292536583998 -0.851407663546478 2.81877950705756 -2.67785345185789 1.16143123180544 -1.82967918383923 -2.82976584159501 1.81908967343221 2.39771366264078 -2.71774469991251 0.289761612666784 0.856942508098915 -1.14181116575917 -2.08420710717044
55754.920319 3.58694010533714 1.46736735578603 -3.21103 6.02540259 0.159764138466168 1.23426181078395 -1.00055500754699 2.91180859857077 -1.97080497187971 -3.44557121794646 5.14805627461232 1.18828903585006 -1.43925852490742 -1.03251219618171 -2.12034567195041 -2.18383028273643 -0.0868231480945071 5.6721459160348 2.30176794614695 -8.4842535257184 8.4624446169305
55755.893175 4.21623742067936 0.965746999289551 3.390864 6.031930294 0.191875961182223 1.01869840689963 1.69977342695816 3.78671030003722 -2.19065385393903 1.13519819303805 1.87613715862714 4.29314871112054 -3.22009852829817 5.04007254991262 -0.18979112372407 0.50983390666841 -0.67512883775486 3.98741145239816 2.22166645614198 -1.64027307386374 0.5235782895565
55776.92101 -7.03432732392738 0.692826286897304 2.853681 6.031256972 0.193158257555533 0.43508851323726 0.0386507611406497 0.0747849827880804 5.2508806855783 -1.37390874646194 0.58760369778048 1.14802818097276 -3.15369200104683 -2.60011403268806 2.11702818983273 -0.56342482192094 -2.0297407188377 3.49906303420622 0.18557627522115 -3.64664575726258 1.35436699198124
55779.902536 -5.93485571300664 0.500072321041356 4.747229 6.019053432 0.19320882006591 0.821009086029588 2.16269568136232 3.01203531813868 -2.15800698020448 1.6912178232706 1.81932801316591 2.46023833493498 -0.76770121306071 1.10235514224311 -2.16891210954382 1.54216641964268 0.63998814849323 2.96802633044913 2.5637844812272 -4.82115492045042 4.28751157797385
55782.877007 -1.26335203675413 0.681173659571865 6.540947 6.020152006 0.188298714771299 -0.19729643359873 0.72578909276769 2.10280352961829 2.62242786668273 -1.76777402015219 3.63386015472959 0.426898119970752 -0.030935465004548 12.5983995714001 -0.38730275524321 -1.74598947855518 2.22035721527981 0.802029805637521 0.829952346732481 -2.3048825288494 6.51506154180447
55801.842645 -1.53935424175353 0.972653326434588 1.775904 6.033242736 0.185471507812695 1.77781672009046 0.90620120941257 3.05402232973286 2.29393775516734 -0.92048549831482 2.58350290737558 1.14418583015644 1.65678661344868 6.50415992193374 0.5462258260786 -2.30669585322113 4.4696221191846 -0.955363127718302 3.85124403179087 -6.44678378649517 9.40443994659076
55805.825605 -0.124537776540344 0.562267421783517 1.523832 6.024118072 0.190426266499967 1.55810259108544 1.51215460038878 2.06936625411401 -0.00803745894819996 1.36211656502245 0.283877238310333 2.12758607357114 -0.4563647661398 -2.98876058387857 1.30973617840746 -0.00190600527547002 -0.06689998291512 3.41164086924171 1.44786577528943 -4.37844035458585 3.97301776288174
55809.880023 6.40025949770609 0.601948318702637 3.300853 6.031322341 0.189038593039798 0.969661982154645 0.0365912570252505 1.79208195412223 3.62776211701362 -2.43081265044355 3.28730240701176 0.47147054809364 -0.47715036740744 1.54414135210483 4.30420452242285 -3.03093970807193 -0.58321610546732 4.58346436603066 -0.32108359849842 -1.01788890069187 -0.43622767885897
55814.827086 -0.149158876048452 0.71171687458767 3.539961 6.032624197 0.194017355975278 2.19221142149514 2.66388592210706 -0.508471338285116 -4.92681677451828 2.63378183945055 1.85303876221008 -3.10674953825479 4.0771748051329 -10.9802899721123 2.45136839886842 2.69820754140914 -1.19659190694106 1.15033681383695 -1.29802701037533 -2.09484662737746 7.87694496510816
55816.805862 -4.59290043679515 0.519687845013138 1.878828 6.023169438 0.194813661468246 1.19914334760211 -1.54670140890078 3.51120279796713 -1.38555014667047 -2.56195395613693 2.4708926910439 2.21819538085189 0.29239438376327 5.86099019321213 0.54340866095148 -3.15775868381328 0.4648974905607 2.01210498474876 1.72096119229244 1.79231962118185 -3.30875430817866
55834.753745 -5.99156236856748 0.474413908867263 3.100316 6.016086313 0.184469306165557 0.068568104416699 1.54203640133182 2.6462209807687 1.21075119209916 1.18659116773073 0.18836294103367 3.41139252178471 -2.07043514745587 -2.58188028517141 4.02197309095628 -0.63791413883225 0.0123561594003396 1.97166971219742 2.25948684382194 -2.58501521494742 2.40293709022707
55836.739732 -2.23379344299058 0.494726956737362 2.026034 6.018199067 0.183961690601102 0.0994758917755525 1.64056509730957 0.145555555739 -2.20614858435019 2.14622534173153 -0.1066176662876 -0.13502034196193 0.79342338421338 1.38834352436719 -4.22492631651897 3.47669666762354 0.02872295018106 -0.63691375627371 1.50209334144972 -3.0174886653315 3.34722073179864
55838.690671 2.2266967816302 1.27977790232475 -6.21486 6.0274229 0.172124441761637 0.955262918314206 3.64929554266471 3.03151525871615 -7.73429899474344 4.09952105263186 1.73348152881651 3.91255491048646 -3.87623757696056 13.1387373253732 -8.38070844193129 5.7653324784911 0.02050831510534 1.32080214179585 5.24055754218315 -4.77884193097751 -2.00214006501624
55840.750077 -0.752092852047961 0.429553048909622 1.222886 6.017820505 0.189201209829552 0.842892485394688 -0.49683699802362 2.97832775953123 -1.82564052497324 -0.86272352490378 1.4159016798067 3.77065218987577 -3.63302391875063 -1.06269875645662 -1.71212666144767 0.71752602850269 -3.10447884607717 4.70696266911837 2.04256411464939 -1.98090578716992 -0.544421708032014
55842.739528 -1.69690695933492 0.724310625037826 2.742437 6.030278906 0.185576761967195 1.37688363825742 4.27904915040235 0.775444797249511 -1.03040349621544 4.18079140326612 0.556519011215372 0.372366863668322 0.344003934655992 0.4415971830244 1.34704227335251 2.95651409638555 1.67064724328299 -0.993697410787914 1.92976861478352 -5.42339317247833 9.28271575472888
55845.744084 -5.48924381713694 1.06935881603955 -0.22771 6.0444321 0.178687474516997 0.997791607655591 2.30684655184556 2.70609777448613 7.3951310038715 3.00562999877548 -3.79951241723541 5.0777969837577 -1.42573071704384 10.0253034514966 -2.2044477527638 5.919768428348 -3.93176625314903 -1.68133195938119 7.29562531829606 -5.56948390175264 4.18445685749238
55870.656975 0.359782034044135 0.524426360206506 -0.18208 6.019626053 0.179894965157935 0.359645855792469 -0.559993818832411 2.3367046440223 1.64952251442767 -1.20580120383792 0.58129055669016 3.54935006569458 -3.50622775335422 2.47476002674872 -1.1581441465451 -2.23917413556012 5.31892613218627 -4.48676355604091 5.60595303663873 -3.61787564038748 -0.7035616710892
55873.666102 -4.08593702228128 0.552580792267765 1.151373 6.021535876 0.18282614104869 0.374739285011171 0.41413710272691 2.45147512211516 2.7403336841578 0.67627329862074 -1.49133158088653 3.1079698152499 0.09167987117275 9.75443883158242 -1.14629768723579 1.30982342662524 -1.15588742808521 -0.673592720142199 2.31971963172463 3.31519518828539 -4.39452600151704
55878.653779 0.890250099435699 0.92753268391303 -1.41034 6.025064649 0.194001631340137 1.46151674246434 -0.453122259060782 3.76768647956634 5.56392160944121 -1.02372502208885 -0.924008268431867 7.4850133814658 -7.49380394022714 14.3134854630196 0.225505128404423 -0.191091779940408 -0.386689697478787 -2.45297287912573 8.4244939186175 -1.66685629873798 -9.61311760342883
55886.614636 -4.98980234095762 0.677674394764776 -0.47879 6.032343552 0.1897294631118 1.91732923521675 1.46256629857052 2.20112395111642 0.198838001213651 1.35702236057427 0.123629068041279 2.65894460992942 -1.21122431180755 -4.39016947630898 3.90709932283807 0.00501230033162958 0.76927527961752 -1.06745650114452 1.29443885670943 4.15843764464829 -4.68492306737576
55894.632247 0.686612724712254 0.465110973533041 3.66976 6.020517174 0.188155407675773 0.653533572971603 -0.48334812076283 -0.925412574027601 1.63409057190658 -0.967416728900032 0.297290005484393 -1.50652754150608 1.04861331358267 -1.50934654657133 -0.841001973046671 -0.652071330955053 -0.80529328023297 3.25813113419113 -3.48493138272889 1.57288429489766 -0.719680926503264
55897.634408 1.51154484526014 0.503985771763739 4.252023 6.021221078 0.193345902167251 1.68756059113296 0.62589261814837 -1.57416076507435 -2.66532684093251 1.82192388616846 -1.23924855777131 1.01776543844095 -4.81301265087853 -13.0300234988458 2.07595860536938 0.00686252370136997 0.62577807356207 0.51051952282044 0.000847248260580358 -4.43135726245687 1.46597208272689
55901.58585 -4.6405131971643 0.588985218327199 -0.88205 6.023545805 0.18954879568989 0.772061191365339 -0.44835754854338 1.94515676948791 4.42094294322945 -0.884771616056319 -0.86695661094313 2.34389098873925 0.0059638251577101 -7.34607799789202 4.98798507345849 -0.92528469120547 -0.82869801561606 -1.49629591404028 3.87617369048579 -1.46478353915209 0.5270823183474
55923.59625 4.84520810654106 0.886177075483323 3.464684 6.026310776 0.192740200760659 0.60799395531401 0.15509391829867 1.35604269606424 -0.51027458670809 -1.08316784836785 2.45139788958842 -0.48099660550457 1.65938122561324 -7.12725270958167 2.73216832412094 -2.26237123768418 2.22596460948337 0.60949603102679 2.0803106618778 -5.93787501520343 7.17210859695094
55926.570212 -1.1592213897073 0.576495403180266 6.120784 6.027321705 0.19561580510576 1.31185864850424 1.17020104136088 0.530265629699041 -5.39776526170984 1.24671787520328 1.83920876379582 1.78139965193564 -4.93933509384159 -10.5943555871632 -0.71193451118235 1.00400085594052 -0.50182560625606 3.87136057104059 0.75235010388508 -2.63139829592357 -5.40832080420621
55933.574226 -6.12112115355551 0.477513637421819 2.996994 6.01853165 0.191060320778105 0.92277716495205 -1.72168162483059 1.24188263128058 0.89867368961475 -2.70637868288395 1.50824407910086 -0.16378605212635 1.70085139501628 3.6785085723154 0.0601988303185799 -3.13296517161125 1.47115592573285 0.48458868261726 0.44386981646218 -0.94174787323164 2.72572231222003
55942.52812 -7.35600471216066 0.586382728264856 2.639343 6.023797451 0.19068574958007 0.848177846418934 0.79006473512321 -0.12089768863178 7.47660596810804 -1.09597236389072 0.83870817639009 0.3364599280632 -1.98722529858597 7.98579118584809 3.03537355866576 -1.03387610636568 -0.430351944012649 1.28137911432862 -0.26977931096018 -3.0196783895954 5.62727413450782
55950.531321 -2.41537915586762 0.480952422740633 1.9961 6.022874312 0.188204613948965 1.37548666495652 2.55529926262017 1.04273964586733 0.05338134913299 2.88015859477045 -0.62280594665332 1.53029328441164 -0.478563414938618 0.22699245937127 -0.90641638230687 2.97214622077195 -0.22684742989822 0.22170652110741 1.49272005522688 -2.19760393108284 3.48882315013577
56085.940132 -5.00236071928535 0.751996038267795 1.652608 6.046819652 0.202766757933479 1.55357048609564 3.06920416422453 -0.304399500301909 -2.71738795216712 3.49460996578307 0.18829814647264 -2.52625997554327 4.97966343488505 -9.92054790282085 1.37150923028373 2.42897072245155 -0.27394777022304 2.31638136068651 -3.7404811325878 2.65624686229381 3.08095302843946
56097.917353 1.81403995421363 0.945875630595305 8.162309 6.052098079 0.212560313443514 1.4934959684983 -2.93758241783473 1.00607263871375 8.14261245288267 -4.55618744421186 0.207827738646139 1.39060933014917 -1.10146607028683 24.2548726586402 -1.43165782178786 -2.65757409760249 -0.55828625028464 -1.63520060196254 4.12974726799524 -8.09662601234018 12.3545382612624
56097.940618 0.097529217948151 1.04615295425367 3.173275 6.057785218 0.206334559662801 0.830744469821751 -3.19118965657907 -1.79750266249852 -9.34380166069674 -2.94360025168483 2.72214824130398 -2.38533767028522 -1.52942330144231 -16.2937392882804 4.82927635997482 -4.87631365351984 0.074011742676187 1.63179737844668 -1.41236814590268 -3.85157077545081 3.34271152989551
56115.91961 -0.313531825545202 0.615086572301263 -0.24594 6.057055331 0.204327037349358 0.434485849844148 3.41287783413017 0.716616197043375 -4.18277760392747 2.4406216059443 3.33331993791081 0.23448164579836 -2.47066278023241 0.41892921884794 -1.59604904376284 1.70387953968487 1.70541870702964 3.19258883186217 -1.52123253319781 -2.13245498350598 4.14606307125503
56118.928115 1.25473833845503 0.58765601893865 6.148534 6.060401078 0.216001958227267 -0.113871414104218 2.50104579242171 -1.97342592290489 -7.51872320024362 1.40786915814358 4.80198894665377 -4.27306640921543 0.208172008145741 -5.92658951945509 -1.56617218340275 1.84325375362236 -0.495864178725142 5.40955073979269 -6.01523888115493 -1.27334342003773 7.38642630691852
56149.861695 3.72033497357323 0.681974679774002 -2.01702 6.058780904 0.220164833506858 0.526309054514388 1.78424123559784 0.54352393540037 4.30723900042848 0.85937581507429 0.12374729069855 -0.24193417415539 1.71899549338045 16.1271836402473 -2.25538591960964 2.75806752816471 -3.51726154652802 3.63321185255897 -0.34391285374883 -1.78153830693605 3.6099551325692
56151.865088 10.9540796046106 0.814885345474547 -0.18046 6.078837379 0.224539030328066 1.1518231274419 1.19384104726883 1.3304463556915 8.04197077705758 -0.537610553406699 0.444462289029399 3.3048028289772 -5.0843183133373 16.6382637568658 -0.2949328683329 0.1171372988026 0.5074428367998 -0.0767074196656008 5.7770757716504 -8.84020322868121 1.04186922309863
56159.856156 -10.0313952078717 0.601519292708188 14.765665 6.062164039 0.229032330880394 0.69882589291103 -0.44759784314301 0.127772669006299 -0.18228189306503 -2.56532565813132 4.01887615302393 -3.68748575636403 4.61458876954231 9.3483070072897 2.30949401846196 -3.39115694100516 0.9634111654691 2.31776606242013 -4.02285856501243 4.75735203108281 -0.94846429081592
56166.802008 1.2787101441643 0.615642364566846 3.001604 6.044820947 0.21102886394128 1.39327578973586 1.74855419628555 -1.85172534032131 2.09515090945931 0.464554299541571 1.6189216829442 -0.31344929103785 -5.44297345525769 -3.90442196309732 4.2489464269106 -0.14713815964738 -1.88973499042864 4.77617410065292 -0.57676191365072 -9.67357492937484 7.22225915799771
56168.781256 -2.35550791781019 0.659945824861515 4.679634 6.041743503 0.216198516170549 1.24320740347561 -1.29111586944099 -1.97166070121285 -2.25394592318093 -1.01363893339393 0.30165994160084 -2.38871334489684 0.66117949994487 -6.34086642063047 2.21797948655055 -0.538240783224872 -2.8945102422584 1.89947051078588 -1.32447549854577 -2.32694687507687 1.73246625094641
56171.758271 0.870208083344867 0.644447675753805 3.770736 6.047955338 0.21702568518999 -1.34744193863351 -3.26317597160461 -1.40152625754953 2.19587597477467 -3.51868034271436 -0.309735513214266 -3.73944750857914 5.7350389379021 0.61766241445436 -4.47813897586898 -1.94858092901173 1.77569418603747 -2.18933285295598 -2.29793904466018 3.01629918624522 0.481218285357335
56180.825291 -0.011544871126718 1.05042326977355 6.818451 6.040614837 0.201470959688102 -0.635934216259684 -0.832931584075281 0.907809583073533 14.1330097167709 -1.10835121500669 -4.31692687891655 6.02799603814689 -7.28077259686986 15.5887330049977 9.50098025317414 -4.18598499581327 1.31276612908134 -5.50313337409064 9.09198404368805 -7.34221054698152 -5.41550538237539
56182.787758 -0.555446498271647 0.757209007857057 3.306296 6.036966329 0.208979204932316 -2.40373626005989 -1.2644759683259 0.179379858309423 -3.43435519694012 -2.42756786694861 3.44055784486637 -3.14265612914092 4.07236266728457 -2.29682550542933 -1.92570613975017 -1.77492306094817 1.73827419706942 0.705560712286798 -0.853090700517412 -1.22399465192216 3.44542051147916
56186.767519 -0.154060115491618 0.546776927575895 2.325942 6.046405449 0.212503936082046 -0.222434085574739 1.33612674278776 -2.27193313003892 3.19312186532866 2.25484048961573 -2.84246131300051 -3.99626291320178 7.2323470375319 3.34951198410587 1.77652290247509 1.2053714278672 0.24092422810215 -2.60275464768242 -4.08768392341654 8.61723947790368 -6.04636056113988
56193.817306 7.15322858215718 0.643459651041053 8.565612 6.064364955 0.224424046200754 0.0529307047040094 -1.81667964190725 -0.475520244849689 -5.36402355686885 -1.66422964803419 1.64716097962361 -1.3612390057108 0.28369240768942 3.91568671438854 -5.80320418032048 -1.5530061762597 3.00106106723061 -0.61471992895986 -0.176942909086811 -4.24372161320891 7.12064607172345
56199.813068 -5.47298128070884 0.899421301866674 9.523008 6.073202373 0.22323578979917 -0.381128147650132 -2.53015759428774 0.87898690958238 3.27915810468709 -2.89134113355234 -0.427926203223429 1.68001802699268 -1.40442935379311 1.4728659261191 -1.116950486888 -3.68357786114687 8.01441566487841 -10.7435017755777 5.8180177606354 -3.25062982209721 5.4427406476858
56204.800712 -2.1608899648103 0.592610497058298 5.295995 6.043423609 0.212875533749815 -1.39175218521457 -2.76943500005195 -0.67252774198794 -2.19496550097337 -2.63997104705517 0.59034584422804 -0.6871175997442 -0.62833367278617 -7.16784753274699 0.659395810861673 -2.38078468249616 0.38234842911357 -1.28447378406785 0.81824622484573 -2.53749776969389 2.93443907548643
56208.769185 6.16650065220653 0.842187736803387 -1.3719 6.050376921 0.204613318499323 0.246886109164031 -3.05669534763739 0.80498280869576 -0.32438873126174 -2.81248613226653 -0.34274801556283 -0.306528108471739 3.0023381335889 -2.45458961710061 4.11862842833037 -4.21783463016666 1.88720552379019 -4.4893354419377 2.44875277952954 0.31415146561437 2.34215248598572
56209.749135 -0.380902285211831 1.08987845380498 5.812531 6.053807701 0.206943410331708 -0.948643878672535 -0.350867973466769 1.8839359076603 1.45781416291146 -0.625733416494326 0.025425889364514 0.586815608407727 2.94824053478213 -10.2815016193553 4.54721085316936 -0.913508082220566 1.65325018003636 -4.99508247107937 2.52524375294529 3.69047192897169 -0.18261448163375
56210.741143 2.00976243106999 0.644250657721196 3.581108 6.043774503 0.204892507986838 -0.258575380027667 -1.46709326129062 0.59319233042039 6.44101743467327 -2.40880953721006 -0.58628541512206 -1.64312903251579 5.87438458777389 7.1927930397648 0.52972113552955 -1.90936878825185 0.95877599373045 -2.32825200104958 -0.143111715378379 4.17262795939493 -1.82105025124911
56212.645368 -1.73793343762227 0.609892103358055 5.700479 6.046004476 0.197745387459041 -1.70449063065883 -0.86478087467923 -2.82307706390524 5.11816898685611 -1.58397253161927 -0.518139366418777 -3.59547349844256 2.37569000862961 1.67750879198838 1.51588306502626 0.348386412245313 -1.79485473367508 -1.94596737199206 -1.38157491908981 3.03265886349313 -6.21884973086547
56215.735779 -5.58586376857074 1.19644435746766 9.252122 6.05465245 0.189909725002481 -1.21501365296247 -5.16176809978324 -4.2223280898092 4.31869908373743 -5.77946891497379 -0.29091040611695 -4.31726747240766 0.52895443377837 -13.8382268722182 -1.74982947208318 -1.65468272734197 -3.1192403422608 -0.242488998438979 -3.49882025934168 0.61932599533046 0.489153122649221
56217.668098 -3.37238258652203 0.674514804333216 3.976057 6.042557277 0.201503847986353 -0.628336101829749 -0.66888455776443 -2.34525658320212 6.50102833744861 -0.31930987487648 -2.95547719198131 -3.08940829726801 4.86098423126115 -4.91952239457473 5.04784367911159 -1.1994120608308 -0.77332503889357 -1.77510055084418 -2.83477680823677 2.32049560815017 2.93224419198839
56219.746092 -0.754099675004064 0.632250454701003 3.006346 6.039145454 0.203919740217619 -1.0518090291226 0.726545739344913 -0.071973000411044 7.68561845675632 2.14093617001975 -5.46944016383628 2.14278238701874 0.777683151134476 2.17603175191188 5.95617917505978 2.14828178014284 -4.66021832325325 -2.27181089821158 3.41836623920407 -0.834389222393932 -0.230868165768698
56234.576391 7.63624363006875 0.559538755214367 7.513502 6.059595744 0.230915211604736 -1.66173377741256 -4.6078492622466 -2.55834525937496 -3.1000403121217 -2.34830564182223 -3.06636648788374 -2.69523536244 3.6530118086792 -4.5000407174642 -0.690400773421899 -1.57000811069561 -0.585508547850219 -5.76949484481174 0.37607804234811 2.01067569075113 -0.89214202020292
56236.597037 3.78821854731609 0.599550335952538 7.877237 6.051258865 0.226081948614793 -2.80972014288689 -4.73316128351996 -0.563284831855 1.91223595384832 -4.76453949274031 -0.63120350392269 -1.52609906752037 2.91355555068581 6.15963150668928 -0.14403140356569 -5.0188477469138 1.9618331534446 -3.68749525141808 -0.154133687442418 2.36483068052062 -0.0946958408740799
56238.595031 5.16877601503637 0.545542175924076 8.690382 6.048870774 0.223027845639807 -2.43027892327312 -1.67409359413385 -2.62207227113615 -4.67762262760338 -0.88648978686021 0.28398166555498 -5.40322834590129 6.23872061865637 -4.43327601071932 -0.466308704246839 -0.45855112931755 0.4354333617295 -2.89071340073302 -2.7721243265124 3.89058287470967 -1.46547614832009
56244.57341 -0.283969870350044 1.06305896642664 -1.81254 6.040870069 0.206611550383546 -1.15633881313404 -1.09525205532931 -3.13964755396862 -8.92916183568525 -0.706823799209797 2.27404823322561 -3.33216701941702 -1.94460517053466 -10.8331284593186 4.24847582613418 -5.75464103038112 7.15701656825742 -3.54668584175519 0.456423571477678 -6.85713797734571 1.11515695628991
56256.631361 -6.05202811728219 0.677721017693523 2.802171 6.032748672 0.205068758658629 -0.100632856318434 -0.68151001215566 -2.57963318640656 1.82807825094933 -1.3740286273185 0.63323129781266 -4.51199153548217 3.82867324554628 -9.03299430721456 4.44864095349904 -0.72680335047047 -1.20073405446297 -1.08205963386707 -3.39170712137148 4.23131488325462 -2.25830591880369
56258.625517 -4.54337889898206 0.604458272595286 4.006362 6.033801288 0.202462375141899 -0.832632244585924 -1.88261950188781 -2.19434336149911 2.3616766312955 -2.19353151636013 -0.27128131952704 -1.4526436952346 -1.44650230487519 0.91331800142855 0.24305315050943 -0.67246437903475 0.67380332255999 -5.00896588347512 0.46894410995168 1.21321023954921 -1.80195871033047
56262.673521 1.35931620473973 0.728700844194152 3.128956 6.040659133 0.206394890418605 -1.331145648313 -0.35063354078921 -1.95882932195151 5.18818375890143 -1.1834239796168 -0.27405649350007 -1.61700426830027 -0.498043936408444 -15.04288890956 8.52728672458637 -3.91349810509089 3.67357181256454 -3.98567641253361 -0.270780462536172 -1.42934157576296 2.30208704384061
56282.604391 0.759869532182776 0.661135738108542 3.160874 6.043530997 0.207892693282506 0.071496646428417 -0.74270259207678 -2.30901021525162 0.83240222743206 -0.55622481984347 -0.638359603099538 -3.74326341061532 4.01378326415368 -8.49770390241182 5.18130933598779 -2.85312972927297 1.97669917047891 -2.13947897828376 -3.67173318815983 5.89680642606925 -5.82101516023391
56284.564594 -2.06803951728521 0.490764935915804 6.058607 6.034921365 0.200812263151755 -0.909324862206166 -0.84125271254581 -3.99121114562686 -1.96822901699492 -0.146458558896642 -0.55291383152476 -6.71625508378266 7.1531137108047 -8.74080635604791 -0.448679040095706 0.91144893435291 -0.90843165069337 -1.15845440889843 -7.71164588264209 9.29747858773722 -1.29746018637757
56286.574413 -2.03170663301231 0.537805160077329 4.399035 6.035833426 0.203119612382741 -0.632526190714495 -4.66149796838217 1.93966063049951 2.61884310318161 -5.36162100226164 0.34155072903366 2.14669864052205 -0.86286564711647 7.18903677728755 -0.72602563389311 -6.02747081220031 4.31762363638151 -4.65261721781739 3.51725133431878 1.45590063181475 -4.04298672953259
56304.60931 3.01619849366986 0.58264919578225 2.164801 6.048101682 0.213592423936372 -0.607372185851362 -0.93416260071321 -4.56523324130269 -0.0478044760622698 -0.32087094410415 -1.12217700881616 -5.04896621831993 2.35953905321811 -0.39131352333249 -1.54219634631609 -0.0396594093943596 0.27310278443417 -1.27216093657484 -3.80855430559721 0.240668891991972 -0.836777669779085
56307.545289 3.13060820239625 0.527606978105345 3.951613 6.049543417 0.208860136628699 -1.16744756762281 -2.1002193824674 -2.86188399446298 -3.28246707893124 -0.13471066533708 -2.50081405029425 -1.03156332107839 -1.64053505613764 4.24438480479207 -7.87380550699437 1.65548271956344 0.84959268368748 -4.17437485289288 0.593090239059942 -0.948006513297745 -2.94362597328728
56309.535306 1.33032079042853 0.728319366270684 6.532262 6.047121762 0.218399903808505 -0.305677994032252 -2.07530676952825 -4.2409167817224 3.64642628901941 -3.59417869644489 1.61456546385328 -5.33527989027788 0.83246673034413 13.7532801354855 -5.75355894021089 -2.86303880093808 5.87884444534435 -4.62316220284884 -3.58657203330521 5.39035502460729 -13.0949038012391
56314.544873 -7.26077190412493 0.673035152365291 3.433015 6.048704744 0.213819213886725 -1.29273848576212 -4.30749512780889 -1.34936455121709 0.33412549888602 -4.03107487016054 -0.61044654549932 -3.47611787320836 5.51007516795179 -4.26631378169694 4.19600539781328 -6.31721236083211 3.88639643607848 -5.48850901531327 -2.7142923073627 6.99573678148891 -1.54748077175035
56317.577228 -1.8378107117454 0.55713701055264 2.713026 6.042044906 0.200534436199827 -1.59365960801119 -1.50399576229304 0.1444905131068 2.05313795515167 -2.55532001595364 1.22103022975931 -1.19413133968428 1.87184916511905 7.78222378953856 0.482817601358565 -2.83292492966229 3.14874043604139 -3.88065858490909 0.59512075440233 2.95940192911512 -3.14825700763146
56318.523371 0.818988866937451 0.599658051113648 5.067807 6.04397832 0.206688468449773 -1.83441170170505 -2.65797573058119 -2.2871028290192 3.2403946444518 -0.94297137080946 -4.30620206085775 -2.03901264929498 4.07551480763425 4.89995289111445 -3.36695882375371 2.97807588512494 -6.15027094278092 -1.18297652733683 -3.5823253443423 9.0375163090009 -4.85527666184879
56318.545696 1.77390828317585 0.677525225553154 3.437161 6.039836495 0.207207232137963 -1.94867543959195 0.57977889835205 -3.40064538319821 12.4928782996809 0.46189712440417 -4.1468474519111 -3.23457425751009 4.10370281159809 10.2180500486451 3.82415527157641 1.4295207908583 -2.82756118959421 -2.75226714361645 -3.99697107077401 9.45030373976383 -9.79195297967912
56321.535038 1.61295485312574 0.585283767178685 5.966463 6.04553488 0.207874305047287 -1.69419492923105 -1.36220307272788 0.0618441908954401 -0.3637240243802 -1.64909221100636 0.650848563883655 -0.954389648898567 1.70546759281073 5.72802255543459 0.69444971656423 -1.68108841505133 1.8598100300502 -4.20134180258269 1.16466383877876 2.89799586965208 -3.21577578248309
56324.555055 0.218180015125739 1.14175596193593 7.060354 6.048235343 0.216205924298605 -0.826247502135107 -1.22866867669514 -3.34868470586497 6.25408218014719 -2.27330378009513 -0.0707019668540509 -0.429472937768961 -6.72927704758121 15.3256528973778 1.15169728064345 -3.35700396151728 0.640153197154843 1.48025692228886 -2.02682713926677 -0.426797313927965 -10.9707794839497
56472.915097 -0.715717308467548 0.946822881059509 3.34168 6.071186723 0.218418459262927 0.617066801080665 3.12552812651839 -4.02876027088237 2.44894504312954 3.73644214170836 -1.95951841878465 -5.08553649774386 4.52578574895021 11.6655340088999 -7.13848040101317 8.56925155654037 -4.29634862880936 -0.811006499223577 -4.56258141817347 1.21142362198893 8.93806658137235
56498.877184 -1.11830320915448 0.755754602725387 2.169118 6.050554112 0.210165513651507 0.91892730978039 1.81243336710273 -0.958196882798803 3.75390555652701 -1.1819479399946 4.23962241640937 -3.55967332197468 1.39590425823789 12.3660705833083 2.45006070681309 -2.30878046167256 4.54985428332513 -1.91677023526298 -0.770259929246226 -2.60843662569554 4.76097553837301
56514.91665 2.74893590861433 0.698793239370741 3.37145 6.068841298 0.222079041363581 1.71554091940913 0.74708387879526 -1.81263489467379 0.87252884355444 -0.87205787924915 2.68801276121354 -1.92709893248929 -2.66090360225678 3.83461613440338 -0.94772226458832 0.19535228654927 1.79463805510149 -1.37836395861102 -0.84055995129233 -1.1303470997175 -0.406976266763403
56516.893942 9.01534636847469 0.897950915849663 4.38799 6.061444858 0.227547591228307 0.27252905212508 3.29678499250388 -2.57737880736632 1.08921603553078 4.2373265192231 -2.0663357358165 2.6560797737331 -10.1268860635045 0.8376973682544 -7.13947957252713 8.38351077072343 -3.68157473553481 0.292785908421219 2.59859423553099 -7.12009739221377 -2.07842019444549
56520.900628 4.62347604204549 0.597904550069975 12.455555 6.058547936 0.22848575820235 -0.16148487892293 1.619731965025 1.17623617860566 1.06934767648583 0.27723676148526 2.1181475776713 -1.0776199717935 3.08113548634968 6.0692930890726 0.36281465512775 -0.0999759302970498 2.77976384460828 -1.88145959009118 1.17950031976756 0.49163377808431 0.177648017429481
56531.887255 6.09428110520738 0.720928089758547 1.856023 6.066684248 0.223212036934085 1.72317075119241 4.85575584503927 -1.23670414996685 -5.49472675047866 4.39477815693529 2.74357329377066 -5.57858511347719 7.24922182130555 -13.6816421538755 -1.69367344489865 5.04962677845947 0.600275602216611 2.20817531512947 -3.97558606619083 4.63470927752216 -7.063911054155
56539.79313 -6.7528995960693 1.0710231481468 8.621249 6.06217585 0.204935159104747 1.70644691550802 0.779279426468561 -0.00574642429847039 0.840642204240121 -0.88772989144025 2.79783311637131 0.552932965453279 -4.2615798645464 -6.6549792140933 -5.15181327243138 1.05308325503097 3.39670061790679 -1.01123088305758 2.62419655496815 -6.09282016766233 1.22394395715644
56568.832794 -0.91831101241514 0.754881641634529 7.563608 6.061055997 0.219253781632856 1.01946248383215 1.12618720590134 -4.32240696010432 -1.39704810419452 -0.620642728786116 3.62654756340063 -5.82586036902886 -0.283210919168341 -0.463282553245527 -0.176477440017872 0.436555933097255 -4.00450055410035 9.49838726916538 -8.71012239188296 -2.87172659121921 6.12960711380644
56580.704519 1.13722716032314 0.835723541100713 10.222055 6.077229973 0.238778306322395 1.7222301339871 1.16451788294045 -4.93449400160697 -3.21269753726421 1.44088426038463 0.56446215964132 -3.1848378891892 -4.66198763067433 2.72819287731983 -6.00349214561995 5.03588443562038 -4.1921496005031 3.23034292834741 -4.26127977429687 -3.07706571061549 1.57349335598025
56585.737504 -1.06750013452004 0.669249982905587 7.002247 6.069386211 0.232532675084114 0.134828494735182 -2.05134211099549 -0.5662178347633 4.3212505981397 -4.95904384996696 3.84742792864876 -0.709173275114017 -4.02483120698595 2.0651895932055 0.484708347860788 -3.71901629506637 -0.31993448082945 4.30326434691974 -1.02742645300656 -4.79776492424724 2.14617399204847
56586.757698 1.97574146974092 0.638538560754517 7.284996 6.06817732 0.229272241907558 0.0986086672079993 -1.69797341648146 -1.11160610902977 0.31429267572178 -0.77526775572078 -1.81023094956831 0.92937594942721 -2.87279578082665 3.74048879132537 -0.1865309314442 0.63173287175603 -3.2071205714799 -0.791156658976141 1.27459605792532 0.6085468152342 -5.99031231391712
56590.750622 5.95790508381978 0.696885713379725 11.012355 6.071366794 0.230402970454254 0.459359961287378 0.81306396961789 -0.56133270555691 1.92592922454184 0.42465708510008 0.0599204872678198 -0.269494488321889 -0.74198361297492 9.11177836253412 0.476105534069401 0.0951685091556893 1.73337854690448 -3.05182795895335 0.00909834640519058 2.58204298175376 -3.10497531204266
56592.703608 2.68120579735073 0.538573370473139 8.433838 6.067716157 0.227743193819764 -0.427194848268943 -2.08297585889825 0.98802697408082 1.49586611844319 -2.460987021541 0.16004167602005 0.99040405249627 -0.17924566685768 1.22214232793369 -2.8329865920684 -0.12895377701842 -1.43038132544091 0.23814003811636 0.9139364844623 2.62453265960261 -5.39371921634408
56596.590929 -0.501592023388992 1.19030937296731 6.663954 6.075681504 0.225109424815936 -1.37763323537262 -0.079319664157109 0.634652485271342 -2.54269625846657 -1.96621904306246 4.30803496862189 -3.32151233337516 4.63923260572982 5.97922380562421 -6.25348074609771 -1.21075397485243 7.72014750787204 -5.53814090228577 0.26918726522985 1.87444163909697 1.83899134257815
56600.68528 1.28799458605748 0.626951866232534 6.610664 6.063388881 0.227871206555833 0.805216300412429 2.57774976327489 -0.90764793336686 3.86807320885852 1.56521841772261 0.44880160950611 -2.09238112121813 2.36126003381989 9.25522200155011 -1.33167806878809 1.23888642554451 1.70633990084193 0.43148064082906 -2.15837150398878 0.119605512474777 1.83127018013237
56612.630466 3.15265926500469 0.793759851588559 11.334433 6.073529848 0.237315018441508 0.791111303068216 -0.05678775191581 -2.89812194272256 -2.52675882938725 -1.20573255121975 3.01562277292292 -3.51819086678474 -1.77367460658022 -14.3557771919416 -2.41828180771835 -1.04660689350942 3.80995035812702 0.303144145461539 -4.21346444949487 -1.26262550384506 2.96176528572135
56614.636724 3.62037112827693 0.548555576532912 10.41939 6.072876983 0.23516757941401 0.513645399693484 1.05791738502049 -0.35509555732492 7.18939082262144 -0.680307526424941 0.59880664099345 0.02928146998521 -1.55999664541851 3.45399669456482 3.36016840304909 -0.18579306989922 -0.90371892398581 0.85124373891892 1.02632417904943 -3.04872401199114 0.15742216033652
