52944.684525 -8.30621852745923 0.556494715425989 1.634037 7.365130318 0.147831282952938 -2.03732783378924 -0.43571493752693 2.63669494851234 0.258633549683159 -1.66002773069217 2.35085015286132 0.9559191653475 1.10988426581426 0.21256913408984 -0.0200197294253499 -1.09220452442512 1.14292897379036 -0.242985515878249 1.88733073497494 0.978042600764351 -0.18632723139694
53017.539521 0.653271929746059 0.361237540099267 5.725191 7.37466801 0.150789246548754 -1.57777457197096 -1.65862898210658 1.36431498490895 3.10227186110462 -2.73890981376149 0.030433396552454 -1.4044410338111 6.83809633018798 -0.58541787350295 0.75246814002772 -1.68961568863367 1.35307889149138 -3.86067576981898 1.42476723592326 3.64354357849665 1.92665912543232
53033.54903 -4.13984719834194 0.388764229147036 4.457133 7.372648036 0.150862569291504 -2.75097406923903 -1.30954934750902 0.46338555391304 1.21090945757171 -0.7161388425621 -2.12494490969029 -0.39147854825293 4.90112166862802 0.44351427376912 2.19253840964077 -1.32588122470525 -0.77794695080796 -2.56743409512125 2.90704099662233 -1.13262978389105 1.49278135705466
53334.815906 -2.42340611804865 0.530679318101211 4.841132 7.373050471 0.148988696258542 -0.72253209114845 -0.72253209114845 1.08000156999553 4.635631482314 -3.16949043721686 2.22070812228474 -1.77852338344055 4.00790884470817 4.10440472979547 2.03860877565831 -3.04091033849135 0.14522629607101 2.30430971355462 -1.14005482377192 0.0592845879906299 2.72237881832668
53334.818453 -0.0451659103008997 0.534156632510358 4.126165 7.373400232 0.148288137650421 0.865157054491627 0.865157054491627 0.511982890974148 -2.61399872761002 0.727253295859782 1.76956590188755 1.1026130248816 -3.35513027256993 -0.081237599878337 -1.77082105359506 0.716871724294062 0.794297682030753 1.60124722630173 1.83930062314675 -6.30905107002065 3.53030436629648
53334.82079 -0.787971875259376 0.539441500749933 1.002733 7.373980134 0.148325477166139 1.98391635023053 1.98391635023053 2.21280675441994 2.91574275706838 1.50840732124316 -0.708532107160492 1.3215432863698 2.83915369607268 7.75333517829724 1.52042120881915 0.739925542361023 -0.83740025436728 0.299251538691075 2.74914127060922 -0.16913920558599 -1.65569172895415
53334.823302 -4.29492319458373 0.531460801490411 4.602691 7.374933575 0.149666219246756 -0.23085826101844 -0.23085826101844 -0.38022155551749 2.4897519916122 -0.89283888748162 -0.0916587999109701 -2.93003335919603 5.97822572818064 4.44585837704994 -0.65553432653868 -0.9056964290061 1.19850349220806 -1.06659494332903 -2.04220018673132 3.00784781174025 1.64741636113052
53334.825674 -0.218512149014201 0.532881700426422 3.588746 7.371933057 0.148052553721941 -0.175266367716792 -0.175266367716792 0.123492607972769 -1.15943861080989 -0.063831645156449 0.422358009166606 -1.55472278486842 3.36798418998722 2.01456937513871 0.802522001105955 -2.08341961815798 2.57844425628343 -1.19112984246322 -0.85101794472794 0.659738976277214 2.42944769460548
53334.828116 -1.42529087049218 0.539491674684174 0.945393 7.373635215 0.14948138899725 -0.19858884372173 -0.19858884372173 -1.12671018626418 1.45123176929488 -1.87172562530875 2.46114374484335 -4.63374113024479 5.25015789109028 4.81809756102872 0.180942992111051 -2.5876957674492 0.84559615642178 3.61788380420047 -5.20434639437663 1.91966883551808 1.34030446331843
53334.830512 -2.42745631074842 0.518207129327277 5.452761 7.372572251 0.149633970730187 -1.43186386473577 -1.43186386473577 1.90319102538287 0.7456662746923 -1.30884011324777 -0.65863369547999 2.24286164068582 -0.0363685391701001 -1.26769759704851 2.62837542952227 -3.74167218624516 3.73470213151681 -3.65758934832878 3.36672861398199 0.0358035430481599 -1.61703615965873
53334.833035 -2.26987354251379 0.510892960849155 1.227192 7.374953287 0.148327525383229 -2.70996634752005 -2.70996634752005 1.46811482655356 -1.88945256011476 -2.0516628230472 -0.22583246058725 0.98122128596088 1.36508526096432 -0.84443704787285 -1.17004560675439 -2.75360768431816 0.204040474067329 1.85579268605574 0.70912295231829 -2.94022669407737 4.79369868060072
53334.835524 -1.24047122101414 0.573393275412487 4.43707 7.373909682 0.148130272871361 1.37249897862474 1.37249897862474 3.0343335452648 2.52096843295859 0.90320224314111 -0.46370009123365 0.835251904567208 5.53989957653106 -0.13428521770422 2.25491894611909 0.18997733261456 0.771426540288724 -1.12416728863252 0.77690772079687 4.20024202582549 2.27528487879782
53334.837919 -1.64641957803849 0.629000112082153 5.269384 7.376464445 0.147828357079765 -0.744927856141083 1.36349005780347 -0.4461632180799 -1.48403748564976 2.33191597670288 -1.08854363291437 1.59841413637874 -3.41891774914116 -9.88921741566274 5.49093650147525 -0.16078737536412 0.672139252277166 -0.884497995047256 0.73364515955309 0.80693961481784 -5.90110501851082
54044.704319 8.2316555087943 1.00126653268428 4.938958 7.381338845 0.150407766399809 2.22551695854526 4.4640931142284 2.37755398311196 -3.50901088043291 5.26424792299646 0.277630184624369 2.06380467501224 0.410899218194999 0.0312368260211704 -1.53208490284642 6.75984989873279 -4.16704343344372 3.38401637803682 2.9202944937791 -2.8779447287862 1.0785968505873
54077.645294 3.30617556972626 0.328557734323246 5.741354 7.369488635 0.153765398062766 1.235862535949 0.79549112657468 -0.87266193449198 0.54859420083662 1.1698408977881 -1.16925491995681 0.40918226055865 -1.59566851551394 -0.12576265472337 1.8840996643056 -0.0719090137459002 0.22978768960829 -0.63201416073226 0.75929196041953 -2.39984329433144 -0.3507172880141
54077.649206 5.48255552895583 0.388149808867232 6.869069 7.370382034 0.152993261489996 0.587017098963409 0.587017098963409 0.44735596186246 0.07934668017913 0.45147354692132 0.23412347290322 -0.38060902865033 1.68674927139509 2.42474484826527 0.48964988560791 0.15537102004832 -0.49526749341623 0.50505848396773 0.85045636445186 -2.79099229171262 4.85931527728272
54077.653268 5.44886591361568 0.345542797555301 6.520624 7.370184766 0.153677101214476 -0.22931478992487 -0.03257057528318 -2.14864089200528 -0.31966294782114 0.45506832646016 -0.83327109588287 -2.31789374184782 1.48189035500068 2.10320019251794 0.434243122629749 -1.11419751468335 1.4063066549278 -0.90640801394459 -1.38504827464734 -3.43167090405915 5.98773107005637
54295.949534 -1.9925652143823 0.295119673851999 5.503812 7.379129624 0.157115229274078 1.15282747354649 0.91394673322528 1.24033078867728 -2.45845007498975 0.97962145205824 1.46358657344251 1.22776291786473 -2.10965178496114 -1.67011868703145 -1.90445351245596 1.59657403726038 -0.2475803051244 2.24419552143167 1.10574383515677 -5.22929322241374 7.43513311033688
54295.954801 -2.85992050770947 0.311753320517774 4.515487 7.380012842 0.157327414004741 0.383288769195312 0.24679323805187 0.46662636345538 -0.53736259456158 -0.87862602289557 2.7467077408559 -0.42401512494802 -1.51366082660107 -1.84496528025074 -0.75650030922453 -0.62851465902756 1.32941020259334 2.40656556947483 0.564746184381711 -7.1303850106893 7.11852437769209
54314.860722 -1.30760256473839 0.499933304590465 3.620719 7.377766304 0.152642653084263 0.623261640442868 2.34151874913121 -0.091779051840169 1.23249284649981 2.7736302163491 -1.63382705074677 -0.70037862968321 3.40219726221695 0.51088219549536 1.41049960789891 2.42013605134543 -2.15015621188557 1.61129744170233 -1.44927210087198 2.12593509984163 -0.356371568293691
54314.864102 -1.69411143912551 0.499691789472997 2.741796 7.378298357 0.153439758163393 0.55383540782785 0.55383540782785 0.778312185851893 1.20801144839002 0.67450421407239 -0.96398911573316 -1.12434017617782 5.55651591468104 2.68038209596717 -0.47538204407448 1.40681771334509 -2.24296990502619 1.39253559524606 -1.09418499041603 2.31739946099377 2.61648332067976
54314.86776 -1.52074260213534 0.517594497220652 5.304744 7.376753295 0.153737689638767 0.175411289841575 0.20925418134398 -0.30698013680017 1.7318081782952 -0.46970712229849 0.32842406170497 -0.32828556857121 -0.34094015705749 1.74143854253012 -1.25849169175092 0.16239577037303 0.31683263069813 0.740319652097863 -0.556254820977373 0.497484331087382 -3.36813534936123
54371.712614 1.70358700795537 0.681172470481158 6.041793 7.379148513 0.150354308886745 1.04075492755039 1.13635207718563 -1.36612622010532 0.882881042253457 1.67063411388809 -1.56468819095545 -1.63242062483572 2.41413047625826 3.66818336753662 0.13754786005072 0.90160003534909 1.42650981364191 -3.7536977912507 0.657717698258084 -0.293713216921575 0.848681547474455
54684.821588 2.82136191580874 0.656166494798299 2.728991 7.389550143 0.15459824976499 0.482287854214288 0.66951875022645 1.89889137843121 0.14817864401532 -0.79669414379569 2.8377439150724 1.2660276283033 -1.87624939612582 4.47993887367928 -3.23583539332534 0.76236291799129 0.62947558034625 1.59960196745932 2.00900217904823 -3.95981256388339 3.34133267347901
54685.757259 -5.76588705871858 0.712877122812918 2.403944 7.383866456 0.154135897327178 0.988133543097292 0.7792999311295 1.56072569940938 2.47920317180526 -1.78013953229297 3.6209481739749 -0.42366293580334 0.5117775689481 2.2568864958668 1.52227739896804 -2.99210277969029 3.49912920484443 1.55937384887286 -1.44614230006189 1.9671490304891 -1.61864315822184
54704.903898 -0.38912577989617 0.37508366737866 3.909317 7.3781703 0.152296563170104 0.307590876521225 0.611375731376124 0.961396029693626 2.10920642472711 -0.574347559732834 1.07370018056155 -0.000109757570439017 1.16929215329204 2.59230679159043 -0.108566019580655 0.144993314526407 1.06721936406113 -1.62352089277626 0.872435104258669 1.98157962623276 -0.878592375104836
54704.907879 -1.58852623863689 0.401888436245249 4.726264 7.378729241 0.151813954168425 0.44326655108328 0.44326655108328 0.23323384113271 4.11608295813251 -1.61490136948531 1.56997191910778 -0.671220967773331 0.35460348697932 1.78524814967659 1.89885752101902 -1.22998357344435 -0.47605105805461 2.47352089850428 -2.22927487930526 3.71067708341501 -5.08402503989415
54704.911606 -0.357109747870871 0.439531786434743 5.34673 7.377431615 0.152252369127798 0.727816802091205 1.09194226878262 -0.118365940727245 4.2097244720698 -1.33833837846418 2.26952390838569 -0.0891322575752298 -2.94918305169171 0.0551034486784601 3.15619975112847 -2.18338976280133 2.72564192133537 -0.094615121629042 -0.0875122810143201 0.316113996762982 -6.33459700539166
54707.856726 -0.63492313747165 0.396873199935652 4.157781 7.373084504 0.151460902443834 1.80166936183347 0.158211386480805 0.314486641824888 2.05369663857465 -1.21542131804142 1.4692153568818 0.052146192823335 -1.22644891848709 1.89688881647711 1.05534915544085 -0.941621718976879 0.847209768955288 -0.731551860087034 1.22830410512039 -1.54722118356038 0.154324829164217
54707.861715 -3.4837120487795 0.391873607288442 6.438476 7.375406836 0.151899948615918 0.574647892022445 1.1932321343667 -0.31886875682331 1.76567556017576 0.0673766301970398 1.15100794353422 -0.17452015111667 -1.90561930211977 3.53658043273742 1.2398549131871 -0.11549368751245 0.0584113643274797 0.46757855094883 -0.71564065039536 1.159616760118 -2.91107175895367
54709.866542 -5.30855327555454 0.495855537050977 5.556812 7.375528101 0.152382836669359 1.00534603796269 1.36471199399997 -0.31913987955926 0.14319181828363 0.61861245275253 1.38718435703439 -0.4712834470656 -1.36921825761817 -1.14908520310138 0.806405900082829 0.92162128733052 0.34158446098437 -0.0333292062061599 -0.21140858222907 1.854878180948 -6.36616781745226
54731.771659 -0.644399893422159 0.409816215715561 3.292202 7.373487349 0.151420970063035 0.978324045398179 2.15405091876034 0.238703287937036 0.87341369591972 2.38655353314599 -0.969654422379322 -0.251825593302789 2.61295985342617 2.18718981920966 0.39473819979383 1.47334824584268 1.19204911661292 -1.84943875251946 -0.133998625636209 3.88159627811056 -3.57066374325709
54731.774391 1.91318284449177 0.404383259404949 6.554883 7.373185989 0.15318078776551 1.43595951557381 1.43595951557381 1.30150575196241 3.45797753095281 -0.68177117931824 2.05885815251138 -1.27111020807433 4.28588284409196 6.81834936526119 0.45429096280163 -1.19559563986756 1.71216827731082 1.03161831577184 -1.56823631000069 3.23188584916645 0.35420192959595
54731.777099 0.460478843180197 0.393871286611961 4.859522 7.371519567 0.153289953075509 -0.342354767170633 -0.342354767170633 0.622207900869025 1.60907545537235 -1.08411912576507 0.482582649082376 -1.1281564411698 4.23977638283492 4.8898529450144 -0.724191267501718 -1.3250229544949 1.7341038967725 -1.40237736438762 -1.22805543236078 5.87475974748818 -3.00235745687289
54731.779738 -2.37411789215728 0.397045263339314 5.091037 7.37178302 0.152614741924783 0.258137400391319 1.58686432794246 0.86122367583325 0.17425213010674 2.03596816846959 -0.98361372760019 1.70609222962465 -1.01047565748393 -0.03379292513001 0.69795177739516 1.21438624341722 1.39086969184904 -2.70194270142381 2.68298657169753 0.255127282507417 -3.70869377091653
54736.70819 3.62618399701206 0.633699753751122 3.685098 7.376403364 0.150419795112245 -1.16193039825037 -0.21050144780236 -0.51684652577227 0.71637609856729 -0.58353083838743 0.31447065108724 -2.06791796351298 3.53799853414232 -3.21883107335448 2.35626989818259 -1.22313577308697 -0.91960529455131 2.64515772904507 -3.96965971508666 5.5183149125431 -4.19165905845841
54736.710795 3.59114132521563 0.599207512821376 4.294687 7.374102019 0.151317729643004 0.0330615414785096 0.0330615414785096 0.73978632092896 -3.36986489215023 3.06486296094321 -3.89472788937793 0.91532333259345 4.23753984830201 -4.47573724229495 -1.99447353489205 2.77450240394542 -1.27372372262748 -1.0629649096257 0.523979593699 2.03368099244533 1.82074014306874
54736.713653 4.20405189374373 0.674290089519704 4.527402 7.376736047 0.152015029576274 -1.81822192537992 -1.81822192537992 2.70025236823573 1.96751485819486 -0.88288767207552 -2.90790099233801 3.80629116907079 0.71126011072191 5.05902147282782 -1.26259042827262 -1.02375071129927 -0.94864308639888 -0.64560604729093 3.9775307965216 -0.60850865928137 -1.07413119248073
54736.716211 5.58466345124498 0.611445099059575 5.261877 7.374780581 0.15189055990271 -0.363735602586141 -0.30845529628134 0.63634523661626 2.56294454009927 0.0808283623606494 -2.23334501241651 0.52169703550354 2.97074285385442 1.60103306357434 4.3697935883337 -2.09783917070986 0.530611914299381 -2.7421207804613 2.01693460037329 -0.84955162636382 3.74453026967279
54737.757897 -1.20514368029806 0.690784366821016 6.169934 7.375351518 0.152474406069412 -0.933896182118403 -0.07583324355298 0.552774525501078 4.31988784158065 -0.370775612908338 -1.85529634734706 -2.33973174467857 9.40859867476191 -1.55380669485645 1.80350572723725 0.169345635507164 -2.07738621917479 1.29860332727553 -2.51246193062248 5.79722394167441 -0.0220972115065998
54737.76071 -1.41032353009628 0.730237157854689 7.836412 7.376020096 0.15170668675811 -0.44232314494294 -0.44232314494294 3.20557867729839 3.8337917618935 -2.08895554642011 1.04929283926223 1.32175859834752 3.36197297743686 1.0395903812322 5.1124226773571 -3.21041335654028 0.62241294817261 -0.65118127974455 1.82287427730523 2.71113100085549 1.04590315040926
54737.763221 1.17244365848237 0.706756275373165 5.642391 7.380295543 0.149967534713328 -0.136855846784618 -0.136855846784618 1.26519062267881 2.90988401771228 -0.946884677862979 -0.091585558900096 0.141711285168595 2.86430923149099 4.66890679981558 -1.98910721908074 0.611717401581511 -3.00713043887254 4.74054369467859 -1.7023891496614 4.15283780782284 -6.78159297122396
54737.765918 -1.22203664984405 0.700375030262207 5.692843 7.373386966 0.151462559196958 -1.69294092797951 -1.76926532894191 -1.45461914615431 4.67660881477838 -2.25721691574048 -1.67174146528965 1.19309477759076 -4.52130708132479 3.40426572439865 3.78620953036562 -2.87651493860069 -1.1634623334021 -1.14284353102434 2.74405515571692 -5.99326730004868 0.26802797455055
54738.768181 -2.88353989265004 0.617059045723475 3.301944 7.379763042 0.149965014221702 0.12690444817048 -0.72433090408687 1.61440119715679 1.04702308888577 0.26261614651503 -2.51328418797971 3.11050904775586 -0.68751207352144 -0.72344309702324 2.06110681599959 -0.44474408781096 -0.85849214547712 -1.9218241176111 2.81513083104021 0.52041366624661 0.695323278084253
54738.788945 -3.11845253727182 0.758709796598776 2.110721 7.383621849 0.149090826652382 1.33774609520335 1.33774609520335 0.93422504388679 -4.84247921167005 3.02243749555717 -0.56700420709681 1.12227570671884 0.20207548828551 0.10876783557642 -3.73240317823676 2.95267333267106 -1.20038918752095 2.81678906322028 0.832329660705482 -0.776269403103762 -4.95504260798937
54738.794744 -2.46376062447882 0.617137390459887 2.282779 7.379288046 0.148771603181294 3.45256524280537 3.45256524280537 1.2492293175543 3.27168613229304 2.95851506567861 -0.90466205597806 0.75117641444748 2.3390295639746 -1.54416977490883 3.55608280254042 2.78580967751446 -1.26692867874063 -0.14160193080489 1.69605826711781 1.05336198491027 -2.35351876729361
54738.79751 -3.0044593599838 0.617125494080501 6.0378 7.376948875 0.149941328631936 1.77237225736708 -1.62783099750379 1.3421365355718 7.91635167673365 -4.32148086309618 0.70898512700871 0.1080591453811 2.23134917932538 -4.13993089171615 4.81967913929667 -4.1732321209589 1.97950092941476 -1.62413042378865 0.66716768414657 3.26894437680385 -3.052254446419
54743.732243 -5.02684532877009 0.305469964743317 4.154916 7.377158874 0.151719348156403 0.863018786466425 0.20477317755863 0.76682895679055 0.637112838803439 1.11514659414787 -2.163187027676 1.64716819526479 0.50185847047182 0.83975797163922 1.22172818729843 0.85659588472744 -2.04785057587772 -0.23677314158296 1.42992658648543 1.12713929052745 -1.70793552471627
54743.737752 -3.17832421175011 0.30702174082506 2.355945 7.37858332 0.151375719921451 0.565980747566024 1.36658678684234 0.85625870961796 0.30793976424115 1.22904905998098 0.07621560429719 0.42624860106715 1.16727809834049 1.03578503824912 0.11700456165962 1.91062628182777 -2.59444256494689 2.78862724545525 -0.7747952342603 1.59268043363412 -0.043765146598697
54750.830915 2.93683973635735 0.306672493234741 5.760128 7.379091134 0.154459805095143 1.27439425752776 0.4450952227038 0.67343897321043 -0.5792739084396 1.18282679676949 -1.08828269476242 0.37685501292671 2.44936854531707 -0.0179688443530899 -0.84250714894904 1.72730212789799 -0.06592315788185 -2.53177894559799 1.18978814075052 1.68511748997126 3.3002953917536
54750.836586 3.43105897558709 0.315713867086238 5.134001 7.37666399 0.154504559465268 1.76592527798415 2.23287822293692 0.26689209267002 -0.54493881674504 2.73540945901332 -0.64777242866391 -0.24417855333651 2.42745612789892 1.1674045790444 -0.51380324784934 2.91442479799334 -0.46401537202486 -0.90337038505941 -0.56783015989258 2.85923468669527 2.36710563139666
54774.625395 -3.73671924899518 0.334073553746325 3.169228 7.381587624 0.153484601648257 2.56644565482812 1.15322289146785 -0.40108644660785 2.58441947845573 0.02090032538328 0.53380280133013 0.66884767788079 -3.70426845040585 0.74578072613176 1.09316048595954 0.41204864081861 0.90111915271107 -1.59058970551364 2.32868989458501 -4.1570786645825 -0.429578788852711
54774.629307 -4.82192426046836 0.3372989479234 1.197118 7.383034959 0.152761974122091 0.86483331860625 0.86483331860625 -1.91213215629698 0.14456056931592 -0.196034856141051 1.90939679378342 -2.31195227420156 -1.36179647623162 -0.86856503641761 -0.558506068354941 0.77928143981128 0.418085722789201 0.68159130653645 -1.99035174000182 -0.40773699131011 -2.02846834730454
54774.633115 -4.76962703065861 0.332784502506915 2.077568 7.381874047 0.153016935318567 1.82832338924882 1.73543746993277 -1.41287941642859 2.1708534425635 -0.69568238976058 3.27339222905496 -2.28907159028888 -1.88988417880047 2.10294718002427 1.48330892317249 -0.51489443553766 0.92363485797003 1.6131958163536 -1.93578332475336 -0.145261838214171 -5.09567851170155
54775.700784 -4.23620056998423 0.338122066294792 5.215968 7.380904444 0.153791485415151 1.37435781103859 0.23364367881602 0.2092192331332 -0.51101614009051 -0.23193333443071 1.21566418290739 -0.63823520744654 0.73758304306242 0.0267803249363308 -0.24574527434134 0.18282446722977 0.64781452749555 -0.73168184702931 0.44416774043443 -0.89456488319013 2.8149081841153
54775.704557 -2.10697049560076 0.331929253952128 3.919339 7.38117392 0.153914662531612 1.16128204018494 1.16128204018494 -1.4495169813957 -0.10715221357577 0.62993954096619 1.08031220324475 -2.16912277130458 0.57543623993218 -0.82169914383665 0.50843554541082 1.02131066156042 0.828295422627082 -1.5741087688791 -0.93361101015264 1.01522518151495 -1.51253510036082
54775.7084 -4.8890750583548 0.332583672418942 3.167453 7.380143773 0.15317974197098 1.79079244069476 2.41526377535044 -2.72467942581731 -0.18351111138813 1.88493027569706 1.12470627245068 -3.11719124393966 -0.40251503810786 1.29456328475528 0.0358591911781403 1.74364520980572 1.27363303239785 -1.09812318556996 -2.16921988260139 -0.29678331433611 -0.89507170706973
54776.576675 -3.3084885790321 0.433145698954577 3.919097 7.384501832 0.154144463295112 1.32834892724849 0.76805950543104 -1.0124712919212 0.76634104527691 0.13463970851794 0.7447102665309 0.0580487673400603 -3.71742399683528 -0.71248187527045 -1.80821802675305 1.94420252503244 -0.87048358883503 1.17147882216999 0.6400419455229 -3.96327159489652 -0.96074192050906
54776.580657 -0.862999493433008 0.42885202674597 2.838307 7.383314555 0.154021908709884 -0.927295817051192 -0.927295817051192 -1.11737520486093 0.0163329612203856 -2.14271757190883 2.30178940566589 -1.110086533825 -2.86912018726567 2.94256151574628 -1.87992182086599 -1.51554183441926 1.46439949869198 0.479142709673737 -0.598420849466443 -1.12102231991666 -4.57070376974062
54776.584314 -2.4203964738325 0.422677165355248 3.435475 7.381932251 0.154177141607249 1.39235870040565 2.03830594149212 -2.57762982705441 3.36034482849848 -0.15736265855987 2.17991024846196 -3.50038541578149 -0.2732683286339 3.77709546391527 0.79338970087228 0.49597679577971 1.49316950696589 -1.09588038516221 -1.39536262796102 -3.29778521904534 3.79113879841735
54777.62572 -4.61695356834051 0.365629265798174 5.473243 7.381552479 0.154800112287423 1.3667771484217 1.61880868216716 -1.75912044286154 1.17643261054545 0.69201865465628 1.0353528466731 -1.56816241487171 -1.85474851877672 -3.2144439228164 1.14033240959709 1.36705638031108 0.16913431813029 0.11815278505335 -0.82034772252033 -2.45949371490224 0.51813252136131
54777.629748 -1.10450117558871 0.36322396372357 4.701076 7.379800335 0.154865687461634 2.07154340974782 2.07154340974782 -1.67376822937556 0.63336722775002 1.13738639022311 1.38241284734928 -1.91963443530308 -1.12512562890497 0.84865687195046 -1.10806127571874 2.08115922031192 -0.212002200514999 1.67956902607579 -2.7894156136767 1.7777343797575 -4.64875006082684
54777.633556 -2.96367234865036 0.345654591765064 5.936645 7.380864426 0.154255380939295 0.878408017932148 1.34411376367279 -2.238696179105 1.20317514882038 -0.41887263878076 2.60370351451484 -2.43458170197725 -2.8515782803088 1.53071804645386 -0.92914300489607 0.28303015501359 1.16431374845781 1.60349500055361 -2.47129492934066 -3.10194374344915 1.42628455937079
54778.610727 -3.20304917328281 0.318753628999103 5.081696 7.382294044 0.155231001423264 0.997096975390928 -0.0866117383569001 0.28703073308576 -0.0510675371443301 -1.1391248501207 2.03327153061178 -0.30971766604688 -1.04018747253669 -1.93661444658641 0.26450320690585 -0.780272232241459 1.09917753523054 0.43268699418738 -0.00786929745950005 2.28070523260699 -9.02881097552983
54778.614569 -4.71551573878673 0.316144212412095 6.304899 7.382586351 0.155350343120721 0.91899591509286 0.91899591509286 -0.94583405268402 0.93304221299044 -0.22773857379839 1.57260019641612 -1.33648543791808 -0.98454252054959 0.644909469255039 -0.702542268007949 0.4847919093473 1.17978746426906 -0.20300253527689 -0.40838184685929 0.858917723898549 -7.70593539606873
54778.618377 -2.72427691852499 0.314149202520005 5.410668 7.380915259 0.155273531712568 0.315666294610861 3.04369655551003 -1.84291684231954 -0.242878312435939 2.96182465780338 0.3086484913527 -1.62398817986966 -1.04731328043978 -2.46005707683661 0.94961066375097 3.06345202664219 0.570885252522757 -1.44008152600195 -1.22300820592844 0.97941769302767 -2.00804302123384
54779.588313 -0.280672569420645 0.404529440328204 6.894094 7.380893237 0.155596234142885 1.3203036875106 2.26680891685848 -3.8622625115639 0.319434625958756 1.9150550144919 0.471066712289902 -3.35525735673432 -1.93455736313779 -1.47416915705805 2.19093238425487 1.4557438535105 0.58938859495118 -1.40478435621082 -2.31155549572153 -1.54111397548312 -0.4942541472812
54779.592121 -3.66380986423921 0.382751334418199 5.621 7.376072793 0.155820088122894 1.80738032886553 1.80738032886553 -1.73309621824505 2.55572335340815 0.58410306352859 0.75081841101191 -0.32842917794851 -4.83922200276716 -4.21820418083841 4.90559634249835 0.0854672690395901 0.63860910423061 -1.7122881229646 1.43978716188448 -4.423773313099 -1.06224711197273
54779.595929 -2.3005370833879 0.383481501514825 5.622641 7.378322361 0.156053106189461 0.603129259803959 1.78306599345635 0.04675819972495 1.26773745196358 0.9260955975327 0.84815932072422 0.14428924729234 -1.35368645303154 -0.87397902430385 2.34050067094151 0.67508450533146 0.22570183345737 -0.35493788942738 1.33018899964304 -3.92288892983391 4.38016071990734
54785.65664 7.78634242290595 0.997814187938508 6.791326 7.386764696 0.156613013865976 -0.00499456353467327 -4.68179960793916 0.38562783782586 9.91306093455387 -7.10495010882362 -0.69066174501811 -0.66490390381846 3.22198861561534 11.2705123452215 1.4584911228847 -5.89710975248692 3.39709361899342 -8.72399357253657 4.59581856015622 -0.90606651756924 4.16036377101942
54787.615988 6.39655640457504 0.609863959314323 6.761886 7.382207546 0.157407899666412 1.06053273036663 1.65505683587611 -2.57228099633829 -0.17652571932101 2.7308725409957 -1.944646998362 -2.10640509336104 1.13148868908635 2.53991199692891 -0.99904474274493 1.99867730640698 2.56291635612672 -5.49844760521503 0.32937895466241 -3.23626905442143 8.35049555810835
54892.53857 1.14727463326368 0.754289881629285 7.07441 7.388830279 0.157783082788547 2.09095399241738 -1.94137644708623 6.46999006119131 3.85795486273664 -5.91252143334682 5.41191732924031 3.20522464483845 1.93085352653445 2.49868324450533 0.0536800863284701 -3.97617017201386 -0.73985045739612 6.3219883798258 1.71249136368054 -1.32568792196767 8.65205744229367
55022.914765 -2.48368842006135 0.464623226673617 3.859437 7.379981621 0.154102533369875 0.967047716854953 1.3958937309055 2.09130882262968 -1.617470536386 1.52493483041525 0.69582416907319 0.88616663095749 2.28744937964005 -2.81123529688478 2.49329419320727 0.45257506873963 0.46447963931573 -0.65267980152431 1.01125677943812 3.43888626046918 -1.93932951476179
55022.918122 -2.10638441818718 0.497541031151744 3.553804 7.384166865 0.154930914005831 1.45910653041267 1.45910653041267 1.28495908638259 0.63707625478758 0.84296382750512 0.82497034181747 1.48763648110774 -1.55929208496534 2.30664060814276 0.28160812467339 1.01361880745682 -0.58189822088548 1.12818563142203 1.71776506233214 -0.823334834707814 -3.35208567744778
55022.921444 -2.96163117877375 0.473225217829307 2.46981 7.38122411 0.154567514533435 0.925354851055001 0.77941091193936 1.41619277642346 3.09109827475263 0.89285078817879 -2.01287562079756 1.62935562960783 1.96945012641933 -1.85124761796798 4.17470388142712 0.36152468225823 -2.89546504200613 1.47951136417775 0.47117654059692 1.76773960954113 0.638999173874523
55025.876387 4.95199934427252 0.538638105508239 -0.62832 7.380434026 0.154477708188754 0.331827502933785 1.00811435612449 -2.7097553352747 -0.24449670059951 2.3999465636211 -2.53869504560745 -2.60884311751582 2.80952121896451 6.94577110226432 -4.35252479076901 3.70898121533093 -2.80656793240255 1.05710795963836 -4.25990164506657 3.05493940282756 1.58666214871191
55025.879593 2.84412561205399 0.567805640431193 3.135675 7.380298378 0.153720054507722 0.93362802596441 0.93362802596441 0.67857676226511 0.52876227754533 0.93550737349656 -0.30213684548281 3.07382598697485 -5.6804250048025 3.40560286890975 -2.75951225946153 2.51674436232219 -2.18874831082427 2.22346047512088 1.32276752172874 -0.24949424562074 -6.84341833905491
55025.882858 4.52679698791769 0.534012829938003 4.798415 7.378297891 0.153707163523526 0.27933892040771 1.75231289338214 0.41733148855132 -1.9950228088761 1.94732563204732 0.76934786900045 0.735203837515329 -1.72456008322533 1.08720864424506 -5.19359691109808 5.36824833199498 -3.66903830488494 3.50081748906284 0.15954299600787 -1.59792468148467 0.10593341344258
55041.838279 -2.23615364454958 0.37464824419111 2.781837 7.382000287 0.155114612348702 0.17911302206821 -0.45175357613094 1.06239631772539 -2.22503083003884 0.7233186348423 -0.98492309018528 2.02249097787229 -1.2125380108671 -1.25880820822502 -0.73117503156714 1.29550314134136 -2.56611498282094 1.3399797836613 1.95019569341701 -1.28816774204814 -1.31666798963494
55041.843464 -3.87624099607432 0.376784331054064 4.503551 7.383536955 0.154540555948635 0.195647539109806 -0.86174130027242 -1.83530298904904 -0.97245853179023 -0.03614189256712 -1.01642836260547 -0.506799247474579 -2.1622041040619 -4.25071620843883 0.42329153315003 0.51702552128724 -1.34305494507534 -0.41896834203318 -1.00724446787129 0.32043299205775 -1.36154032657134
55045.859358 -1.50828315350564 0.253427898622034 5.941365 7.378124369 0.156006679238803 0.471171556849322 0.87467420869211 0.636964902253402 0.29054674421527 0.37395139887446 0.811115325784278 0.051974032868837 0.499346133075781 -0.5108167353547 0.69767979538522 0.06630888446247 1.47585909885012 -1.29039177548406 1.21409095665597 1.02189948205685 -4.6637173004964
55047.887935 -0.478596930557717 0.428664185424667 6.780306 7.381232446 0.154663429262393 0.860276175561139 -0.112548808470475 -0.704580333258794 0.18242301514736 0.341082252352967 -0.987721506188095 -0.432748951216379 0.520421842630709 2.70810636483784 -1.17153743830416 0.635518510888929 -0.717223665042312 -0.247985664516319 -1.09738696785795 1.3435072600609 0.77026116303206
55047.891303 1.5362136505358 0.441625479472575 5.484664 7.381780226 0.155244095907576 0.77356685335585 0.77356685335585 -0.52055368150986 1.9961235970494 1.38680231359298 -2.34626896708939 2.14932635663216 -3.81843205165804 2.39041876582306 1.35047677313806 1.32064199418771 -2.81290492477329 0.869898764049185 1.66132994132283 -2.76949401464546 -1.99219103883847
55047.894799 -1.37665903772133 0.433372750861307 5.434974 7.381557106 0.155713265220282 0.726160675406339 1.44456071224859 -0.13117876671557 -1.76720322807115 3.55844871526467 -3.03723058730142 0.63498229753798 1.7233044028985 -6.04872632378251 2.93725615101654 2.71473045948528 -2.81187715119944 -0.18969078715415 -0.32218402071982 4.38659369430319 -5.09795719107999
55048.846676 -0.128191002751888 0.44910637974273 3.7075 7.3818184 0.155294932143817 -0.17023278493522 -0.338095420721069 -1.28786413118069 3.70103875070051 -1.27525728295896 -0.376950412056534 -1.61355582067405 1.26752425463294 1.77419729875976 1.26559984685258 -0.895365052704294 -0.599519962159506 0.216106322255716 -1.54282371177784 2.87094728475784 -6.34783962089086
55048.851907 -1.75623831540562 0.397239487410481 6.472004 7.381790511 0.156300483910292 0.293758092062694 -1.10644353161157 -2.63517882951521 0.859493054256228 -1.39690274596134 0.05846248990933 -3.37159137109984 1.78586765642996 -0.246362885332917 -0.650923133970944 -0.570993498812076 -0.73508536352008 0.90915454801365 -3.18926932582695 0.97503984488023 -1.60681260758028
55071.850985 -4.11445104502114 0.414591665001563 3.026652 7.375082884 0.1539054909882 0.591044691108802 1.56066562386767 1.01596388018718 0.82243278789162 0.91518323235805 0.77367693785526 1.35010849018078 -1.83886233389995 4.30772448829461 -1.11120187078245 0.58599603236448 2.04267041824032 -1.1658206583322 2.42253812263514 -3.3947726136782 1.84879690252237
55071.853682 -5.59412945094351 0.411506844868332 4.460408 7.376009782 0.153529644089776 1.4438185310808 1.4438185310808 1.42295603293162 2.93877367372208 1.4152005015096 -1.70255424832609 2.80446516366488 -1.40417260998023 0.000908808704939368 1.41994986374788 2.31404904481312 -3.63578047199415 2.32384205146894 1.07110089619932 1.11716228228622 -2.70196230723087
55071.856356 -3.97336895198291 0.422719332725552 5.320384 7.373208418 0.153241185751287 1.34414252433704 1.34414252433704 0.21370187933077 -0.24158121477713 0.70424610557502 1.39531886177879 -0.75581682781863 0.72863382343024 -0.58421947326318 0.91559875512672 0.93123906258405 -1.04008995597335 2.18869635033304 -1.36562123742321 1.00304235297124 -0.18754377218212
55071.859134 -1.86388760058828 0.435377210906069 3.671452 7.375463935 0.153773092889891 0.458715037475707 1.80123003036989 0.676618615515897 0.4775399425675 1.03618581489388 1.20374652965109 -1.11090320925002 3.0252072197093 2.45150865406334 -1.79419529195655 2.51924840761894 -1.55848021374001 2.60051698778426 -1.72619780654299 1.51844380375922 2.4762021721168
55073.834193 0.39618652379636 0.489679613237893 5.620137 7.373624515 0.153515305781448 1.34031710475071 1.6764436020954 -1.03694886798364 -1.88399643184263 3.16721435949312 -1.77617056493242 -0.89476868965144 1.79201268931091 2.82223063755643 -3.112500719914 3.17090327618228 -1.20259753562756 1.30483873999711 -3.38950373630699 6.37812944783734 -7.28606278253761
55073.836195 -0.255972090507205 0.519611331798914 4.688246 7.375258834 0.154407215273657 -0.424183331066529 -0.424183331066529 -0.362007213880164 -3.20947526091992 0.143213526158713 0.774868769759566 0.574577782620575 -3.27999757520068 1.94536281680993 -3.54218346893901 0.774411407089494 0.503387431778573 -0.144259937544147 0.885742801243372 -1.42266084401449 -3.33738698600427
55073.838198 -0.0781193395927999 0.525811050628088 3.069021 7.374945592 0.152812708912717 0.867607510170744 0.867607510170744 -2.45453612288602 -0.515579405142751 0.209273189650601 1.60130040900454 -2.71375469344597 -1.3209351542674 -3.25107557659599 0.697423726000523 -0.264778151225913 0.470280363843109 2.88307938547636 -4.7964761217825 1.34680880443687 -2.60808148011673
55073.840166 -1.31393570091332 0.471565945434887 5.01143 7.378378249 0.154220319256563 2.22282498056485 2.22282498056485 -2.06565981856714 0.48319628710424 2.85375568772776 -1.50146672155678 -0.740725887945139 -1.49058017029115 -0.0556831742620902 0.75102676710503 4.03197104752204 -3.50943017577703 0.27746906706895 -0.23503717867213 0.30519982220938 -5.12273419154869
55073.842145 -1.1949380014085 0.47716221950155 4.368062 7.377871523 0.153545218310499 1.18729077402501 1.18729077402501 1.05611693618311 1.28066956736308 2.04504830036814 -2.41653680956586 3.11459178604804 -2.19869819877827 -1.04528080015116 0.57899131789496 1.93121893702161 -0.135891688605899 -2.43282340942948 3.75669002736884 -1.53409090172998 -1.27032631529728
55073.844159 -0.975700371235912 0.515945819288169 5.254086 7.377435309 0.152684580786033 1.16322987787529 1.78654469571666 -1.21526170579054 -1.47226761856985 1.09877817193542 2.15184524607707 -1.88379964191197 -0.892309619108852 -0.841101945055807 -0.44980670409591 1.34477425753842 0.412726461451054 1.49020972668316 -2.27015180503564 -0.17550303394015 0.0530754862920699
55075.781863 1.27011706528371 0.619464441207625 4.59484 7.381992217 0.154031121745883 1.26177568660681 1.80055027649635 -4.88569754653389 -0.036792511824983 0.796738060655274 1.93875966670421 -6.28111006760184 1.13190290128263 1.3733395325812 -0.464319726654978 0.816792553423868 2.4163114497963 -1.6149387785081 -4.39318841400455 0.40707292640933 -2.45064959556864
55075.783935 -0.971382165516602 0.603814415109319 5.75954 7.382731147 0.152947921388186 0.810386829971302 0.810386829971302 -1.29610415572284 1.62933456366404 0.420683496296178 -0.180095211364966 1.28858426443986 -5.95255651214912 -1.30102292045584 1.96443180012271 0.08991764247584 -0.925083442086554 1.56837228149082 0.813281717991606 -5.9296564563545 1.65868259006145
55075.78603 -0.399857623191672 0.641898705166081 3.54174 7.382330474 0.15320468485744 0.137463164054247 0.137463164054247 -0.566069015387079 1.07527917631276 1.51438917839382 -3.26454268166513 1.08792884404504 -0.188026934945605 2.33868894023698 -2.05303929013643 3.38339249365305 -4.32117915176649 0.71564688237336 -0.31056429294685 1.74923664524194 -0.75093385853134
55075.788091 1.56479365463496 0.621440930489417 3.966623 7.382911942 0.152025423757528 2.13307282632788 -0.3807625374814 -0.628454573118951 1.49492065816139 -1.41507273503313 1.14337060088855 -0.24109145552521 -2.26205194339617 -3.50885118499939 1.8540698322035 -1.93034813830091 0.414314337156806 2.5277573348927 -2.14283602814749 0.59402271877601 -3.32602878796714
55077.876065 2.99541087875595 0.495498002848673 4.172887 7.379422847 0.154616283659959 1.1758398313815 -0.54804644881962 -0.74973637024556 0.15875216804257 -2.16621720655923 3.06406987607013 -2.70523974035303 1.15184657585674 2.19596588869518 -0.46076707496223 -1.93853553909322 1.65875187097072 0.79656065277531 -1.77493856406369 -1.0036781193776 2.22759254510888
55077.878275 5.39849355651191 0.551553586806829 3.366477 7.377148934 0.154312664172114 -0.331476667794689 -0.331476667794689 -0.935079559705041 1.34986125861284 0.0166946461121293 -1.45341563114982 -0.147908000440981 -0.21632469541635 -1.48378436579833 1.66227089008789 -0.0610380203377092 -3.09023150316188 3.32578048322823 -2.79930378396832 0.97715360595344 1.28606201906067
55077.880614 1.46915562186477 0.463054655256333 2.108664 7.375096837 0.154216830725321 -0.69162169483762 -0.69162169483762 -2.25690978377377 -2.6162599043852 0.34976456580874 -0.49117849072817 -0.774086513135165 -3.09071773705277 3.75564408906535 -3.35884928771032 0.74898957548375 -0.70712611241732 0.53265258892209 -1.59027173008622 -0.875798342136051 -1.79646533594287
55077.882928 -1.17801633609363 0.530188659193891 6.672175 7.375752979 0.154238947383502 1.46552879925963 1.46552879925963 -1.74205966706083 1.26498831524431 1.87489459716807 -1.52659353346 -1.83844678098002 2.07289006105558 -0.48086042278921 3.29017634207317 0.952339640286434 -1.67225053319021 0.145849094570795 -2.54357896326726 4.70415401609408 -6.05027450023452
55077.885359 2.55843788326075 0.574086305871818 6.61487 7.377245618 0.153543091282659 0.68595600666897 -0.87674484782027 0.53201195255979 -1.23491249465343 -0.0999553364193599 -0.78968586659122 1.42236837868779 -1.24281886359579 -5.86722654248211 2.14402633669661 0.02908418671334 -2.97840940801064 2.24640381078295 0.19526132069332 0.7257075428146 -2.67410048081756
55095.838924 3.94646773499828 0.536897008009086 4.809486 7.375632693 0.153080466397521 1.21690799636405 0.53020568622807 0.544184994402199 -1.49297914099458 0.7269409184654 0.47086386411317 -1.87699045751322 5.43815250015231 -1.28589569651 -1.27305079807424 1.42179210409274 0.96078941175587 -2.19872374809381 -0.54677919162363 4.2372887412018 0.46646435137271
55098.717489 1.07696245729158 0.26212756070285 4.770032 7.380716804 0.153542407846376 0.909537375906402 -0.041897879623378 1.55273140914594 0.813587819166496 -0.749973726518957 0.892152938922717 1.38783184708503 -0.76205890896363 -1.49839560090685 2.32362837540106 -1.67824864152323 0.769084793973912 0.5882698969025 0.92869930714762 0.51985821051147 -1.86269723390006
55098.722975 -0.10581578483897 0.268662431925527 4.556316 7.381222875 0.153137085784944 0.124604338793294 -0.276526326517965 2.0940919529428 3.27613039362019 -1.59636929012388 0.545898679551612 1.69242768962679 0.34823540044519 1.14419194818278 2.08621259879161 -2.64562410845782 2.02698672884797 -0.507484524909797 1.04338254670786 1.77275273843104 -1.05317756607508
55103.775263 -4.9388993860231 0.434155271642942 2.170075 7.385634532 0.151851048248359 -0.65125680759307 -0.357103931232181 -0.20815512742961 3.58412853123525 -0.78449469830571 -1.25263983599975 1.57288221659718 -2.86154781824817 3.60427763442897 2.62236079886337 -0.72723724865735 -1.51030047627576 -1.27460564470111 3.30219426864094 -3.8761994414521 -0.7679826695707
55103.780899 -4.1786871125705 0.452703313094636 4.984325 7.382901249 0.151628184003317 1.48716524590166 -0.0540201953815007 1.68893427107211 1.43413649739416 -0.46038564618535 -0.0529097680258497 2.02672660424106 -0.75472270933962 1.15849648196013 2.59886232019913 -2.02308076205035 2.52454270731778 -3.30593854515109 4.00403906508563 -0.27680409941634 -4.4135833765633
55108.766039 -3.73482538885384 0.354990609794184 2.771874 7.368398497 0.153664288812438 0.475734706134871 0.5963386302019 2.61039970162458 1.85822950742986 -0.0241048268092299 0.0580422117608399 2.98200355908846 -1.02709201376677 4.78786597550164 1.19011312684251 -1.20057173084606 -0.52177894755527 2.56930179625138 1.89336693267831 -1.06529841134981 -1.72838761741418
55108.771861 -4.02497751853315 0.351251071028176 3.83032 7.370614171 0.153710293301296 1.18632505777118 0.5746518531119 1.14060459182763 0.79529461025165 0.95489201198378 -1.24682880729548 0.87600603320439 2.24407872715497 -0.07998362753285 1.51294150193803 0.9053748655874 -1.65494098214306 -0.106579842535901 1.49966581002242 1.62853383967464 -2.72382337543604
55110.73393 -1.95477045611497 0.31688997405145 6.831178 7.371501663 0.154220768664837 0.865551144180849 1.44975040230487 2.64369166180091 0.57559380063445 2.1650261931822 -1.77009992969085 4.01302452126776 -1.28038312011822 4.22518717170102 -1.56096222438603 2.95256379125923 -1.27754300270192 -1.61105789138134 4.79200073238545 1.44795053448161 -7.44700505773825
55110.739462 -1.96714633376562 0.334780261867751 5.193744 7.371767336 0.154336494539186 0.373869822541226 1.81378462265868 3.57209867129725 1.78207740421898 1.23447559161821 0.0465818143230399 3.63220442486786 -0.21613702410451 1.24328206009799 -0.21826895190859 0.95677629287771 2.13570586379923 -1.80383462611314 4.97239950748964 -1.63295203122309 -0.919396522725414
55112.756214 2.02718151336257 0.337713350286384 4.905267 7.374711647 0.154025829517358 0.304332186508643 1.20717904900642 1.86030688800617 1.21826650583968 1.03530842983859 -0.40295302964469 3.23192396066433 -3.02104475368506 0.681326258367167 0.798179655087764 1.39841438743622 -0.61257355796931 -0.92127234995729 4.45488901322953 -1.12852092705562 -6.82062533446772
55112.761955 0.451029513085033 0.3013185638881 4.394914 7.376674196 0.15404215668524 1.30922959635464 1.8718799817022 1.22175763757124 -0.846226882667555 1.55482482239641 1.14167123346431 0.56682540457551 0.24112062894082 0.051054098523841 -1.43313466235685 1.94218371791032 0.835542387589562 0.33693172687046 0.76343248299973 1.24414785315371 -3.81054081416078
55115.737815 1.32140667327349 0.39526803513873 3.458014 7.379526441 0.153521365980061 0.57225908929482 1.55870051508092 1.35742708431739 -2.64639535480021 2.77281037797386 -0.78230239880507 0.54007287114648 2.92525213335243 0.972270023122485 -0.977381986227985 2.45539321560913 -0.15148340230928 -1.34112261119309 1.74376253625269 0.47137622466655 1.70561287307772
55115.743451 2.89642191341709 0.410362210850985 5.40123 7.381463406 0.15370760711156 1.73848310524818 0.50486968093976 1.17825220951362 -2.13506627083188 0.99623733450451 0.31359552770796 0.46107996209251 1.39798543179388 1.16622196717552 -2.50490770385489 1.3016161269337 -0.0618581496076196 0.99119015156787 0.04266452070916 1.48060881003691 -1.37006564767321
55123.749203 -2.19672652929636 0.296585812100665 6.995832 7.378659471 0.155178146898786 1.38944111863519 0.23126769304771 0.66460646983341 0.39604188474746 0.33076322388676 -0.43563681905752 0.0324444822812597 2.18572359547319 -1.2739725323947 0.92808838354786 -0.0263686566563099 1.51619073541098 -3.09277312887292 1.29255257841577 2.27953616545836 -1.0606065411373
55123.754678 0.849539623580391 0.300460160698643 5.626417 7.378954685 0.155244361481073 1.71517980360984 0.701306550035193 0.38781276766145 2.63528088672762 0.52915306221674 -1.27161875194884 0.187956689153726 2.15194093125113 1.05470223153591 2.0646202070024 0.14892939989154 0.72635029415626 -3.41452097214976 1.3966681820215 2.82319712070753 -1.89520163081616
55125.791121 0.0829119269593649 0.371718384150346 4.811815 7.373430035 0.154242776977114 1.44100493495134 0.28247138606418 1.38633106275512 -1.75946425333211 2.26437951296325 -2.81973414152553 3.13183379610616 -0.917940186745576 1.52582206289097 -1.74975854522499 2.07777744275683 0.55278857729794 -4.56761567553232 3.96946161766271 2.14092991345873 -4.32857874545878
55125.794883 -0.872221659984764 0.36247693696679 3.810604 7.375351541 0.154308077804336 -0.794813962071166 -0.794813962071166 2.18402530701741 -0.34080639834041 -0.448588047224387 -0.46892725957768 3.07609909162379 -1.69624060347626 -0.980011289250701 -0.124833642359177 -0.991606274630809 2.11522123254285 -2.94205004802565 3.23299663232818 3.2600671583151 -8.11304406864392
55125.798771 -0.627076017082385 0.369715398274636 6.399225 7.376129407 0.153717280044672 1.64760715948611 -1.27473462537521 0.633286657377788 -0.59744405194661 -0.517201759622164 -1.12233243645371 0.771371397309201 1.04808523130373 -1.20059609620092 0.904017101327926 -1.14471721559595 1.17833400402591 -3.60624502269538 1.4673410743513 4.96571627392114 -7.12742440281446
55127.82852 2.20513882893726 0.303917952235112 5.177313 7.374225187 0.154277156938843 1.00315924340199 0.59347240162889 -0.23764518566815 0.19893110840247 0.29581255097697 0.46833755385866 -0.66574723945498 0.51592089249554 -1.30122222688285 0.9906917233546 -0.12586337096661 0.36807747173203 0.54506596218193 -1.40913739524921 3.17606742357317 -5.23368244794758
55127.832293 3.06499792182497 0.314513660083074 3.703919 7.37645342 0.154005546324482 0.45974204769204 0.45974204769204 0.61220589309637 0.5901820362262 0.52695581108582 -0.50096225025477 0.21946593640328 1.67775749197651 -0.50002635727201 1.39112850753202 -0.32911415397978 0.48593157849447 -0.47118372266949 -0.52210189902749 5.39403990390566 -7.93314128373957
55127.836217 0.713112217450442 0.313998466450932 5.469647 7.37815939 0.153856199542482 1.01796486730149 0.138755155965653 -0.633204046803021 0.061297708435509 -0.0155521043551979 0.268831214445997 -1.27783288919724 1.33225389510086 -3.36297018733344 1.01271127435734 0.222093724091606 -0.398654531550447 0.472332413046627 -1.9310081378972 4.45316255192052 -6.0388683592505
55129.72271 3.90125382719422 0.305467213168095 3.099673 7.378786578 0.152779341523916 1.17243808429801 0.62673964568648 2.84937578362135 1.17447168869525 0.0283907368180798 0.46253493646187 1.22790902545071 3.60772142042336 3.87949540014987 -0.36150013940532 -0.50076582215766 1.79968831478233 -1.25784554986427 1.11676016584032 3.97659158559941 -0.0645570842685004
55129.726576 5.1462002656414 0.299318271675974 5.029769 7.37874031 0.153299419840892 0.70974653004131 0.70974653004131 1.39089974517882 0.78744473153219 0.45519701674897 0.01877414011825 1.27764420221737 0.26601889476046 1.58634632350597 0.55692273727867 0.29084315210946 -0.31199848264832 0.341934488051271 0.928790597241919 1.08636306034337 -1.1157006502632
55129.73043 1.9949228990089 0.308269194239066 4.589818 7.379273538 0.15324082702283 1.19733240851958 1.82252911614948 2.20489321121981 0.181934803446613 2.01036491796477 -0.4803168634622 1.83605184794232 1.57212496011349 0.748034928998504 -0.084002412849936 1.84673583827366 -0.63391444542701 0.96132654220945 1.0624614304465 1.14160545018717 0.95890354855376
55132.74454 5.18297075313505 0.332748988323817 4.471914 7.381240642 0.152768732041314 1.15665868290275 1.22453127534548 0.7021502234556 -1.0996292975509 1.89800914336362 -0.66172926192086 0.0506074852985403 2.53770737665891 -1.22101158654309 -0.60543899528234 2.15970942921097 -0.68062680826837 -0.08688610716613 -0.57119742870195 3.48155680277409 -0.700851867901769
55132.75116 2.22023936629519 0.324498992349487 5.310891 7.379728447 0.153411462125885 0.58227274466977 0.58227274466977 0.25942229068377 0.83754516986559 0.64977162775128 -0.65793277376456 -0.04754947168027 1.63455069436848 1.82228861475215 1.0069983142989 -0.51827367055819 0.22081190768536 0.58714502062553 -1.1125174001911 2.13404723202572 -0.89315597831713
55132.754991 4.20745481585759 0.318290199862766 3.474086 7.37840211 0.152722418771578 1.21203505147539 1.21203505147539 -0.30303781008025 1.08700476334458 0.69086289952291 0.36514147686669 -1.44192465023378 2.51335209473177 0.55751751542744 0.56687210202867 0.69586306538344 0.37833328098436 -0.28850164068164 -1.53016085709805 2.4826139913328 0.5663578901854
55132.758741 1.7790426444152 0.319799043996696 6.05199 7.378429714 0.153042111147859 0.223013369096854 0.49981355038162 0.54959885523805 2.09006070921173 0.11242184577898 -0.53937684377863 0.57748796002509 0.61602384504933 0.20851149999242 0.970475160605772 0.37137439482818 -0.66631187958946 0.09326230925613 0.53339145661526 1.56460532422994 -3.32464970665831
55134.814595 1.5970923118911 0.316652559174427 2.547292 7.380146318 0.153112359397154 0.67140822875853 1.13424624521513 0.82328366668238 -1.14729756432557 0.447403445957055 2.02328029794019 -0.86999535654793 1.83108464283006 0.60034855620404 -1.82129221465769 0.887820093482843 1.48692118122178 0.35010045135322 -1.41742988210399 3.15267386689914 -0.42749723307598
55134.820532 -1.55936106718191 0.317874071413925 3.240471 7.381108878 0.152786289216144 1.31800758231212 1.63921262485575 -1.06136080559261 -0.31052554229807 1.87499421195339 -0.275289451222522 -0.759980049994553 -0.42693588427312 -0.93047412840548 0.27527822569466 1.54132261489 0.94280629536924 -1.56786470449573 -0.36232233143376 -0.633400640479 1.83351468770808
55136.743919 -3.79935631447537 0.374110805358959 3.237315 7.380287364 0.15315554885303 1.01629343873634 0.62159577491253 1.12841337606605 -0.55540636293944 1.36453929437647 -1.12355133415939 1.52041916968127 0.41136411387171 -2.98215027394374 3.74249128502088 -0.47880238205257 -1.93609237115143 2.73050805964148 -0.76057349737336 3.27519960415239 -4.98190780747572
55136.748665 -5.44839087204833 0.676796210402053 3.013611 7.377398043 0.153346399607074 1.53635631040942 1.17261953869461 0.973844982948229 -3.43466202464977 1.57666076196424 1.18993714212236 1.49466535193829 -2.66427185263773 -0.0288570267816297 -1.78902362420095 1.41340443183204 0.260126675055679 1.4065450374696 1.41891296650725 -5.01777193360549 6.05841410222105
55139.597882 0.0212874046321334 0.380907044989229 2.490793 7.383350435 0.15332007319559 0.735544962852919 -1.12334389405479 -0.623171018312242 0.80600300496286 -1.17223094280467 -0.388384291554228 0.360837805837323 -1.95319455794138 3.15582384964538 -1.04661499513028 -0.92436264661996 0.193001806716949 -0.75642047860389 1.27085867040031 -1.32581969873607 -4.36349361348804
55139.603611 -3.08713465682773 0.385355302784235 3.200018 7.382405404 0.153053941818407 0.974834538964072 -1.01919795208928 0.31808082868627 -0.39330158388877 -1.830482048708 1.81798474717606 -0.34549254589864 -0.55524782310374 -1.48752030730064 -0.51584331473449 -1.39369834671274 1.19022418833771 0.22495302875369 -0.09076481100601 0.93691356949723 -3.54325993496732
55142.670359 0.0982840966131259 0.390031024985611 5.531811 7.378162531 0.153861275777465 1.54604830192633 0.968799183869513 1.0579488850575 0.199374042802806 1.06454384859435 -0.312050803464166 0.403302979131357 2.03729699149417 -2.32520037562122 1.95919010915609 0.256229963334747 1.33612217805763 -2.48626736115201 1.58031137346767 1.4683255545893 -0.28960241743788
55142.675903 -0.858162602079738 0.362412604271305 4.757387 7.378637055 0.153477366032863 0.990994191141976 1.12934350692018 0.129487024942222 1.07758960975103 1.05939894274343 -0.533377530910948 0.845123148460892 -1.14797463568892 -1.24560984092092 1.55865677343246 0.603369687841097 -0.250590819689168 0.238573195650153 0.389166417860141 0.402300630622898 -3.00281113156719
55153.661458 -1.51475285444278 0.355057600320387 6.628764 7.381810015 0.155656689960442 1.98003099645394 0.41250421414925 -0.74644045436556 0.94202015044408 0.19584410252893 -0.14272551049788 -1.58639124595345 2.32629194641163 1.12588938444203 1.66587909245204 -1.68648605660334 2.55031787056084 -1.611913054275 -2.10989805801785 2.47940931575005 1.77602599696751
55153.665173 0.00209049227350259 0.373142723696119 4.650978 7.380981609 0.156051489395136 -0.079289503145871 -0.079289503145871 -1.30138386967048 1.09340786477907 0.303587128859866 -1.38616795001194 -1.435468598376 2.06164007665235 -0.568194674450368 2.33074764891474 -0.956108159016167 -0.686552268360557 0.785732592158029 -2.4192181197813 2.92123102843161 -3.40442921247383
55153.669142 -0.035441789355934 0.412219926648369 5.192013 7.379210091 0.154741112970309 2.74315130956475 1.10031490938442 -1.71690459686515 0.527380148402268 1.65297205414802 -1.37632798895434 -0.705836890112133 -0.86264036987062 0.568525322026218 0.048978536207243 1.41063646779678 -0.0304459515881401 -1.1856205270468 -0.753922119969193 -1.71292789641288 3.8549312423429
55158.651572 1.04731544459768 0.342890233279417 6.853079 7.381867146 0.15766840396594 0.65830062319238 0.921677974586578 -1.87615437379638 1.76214044170328 0.73444991089398 -0.71489474839305 -1.58287314535997 0.160683679804322 0.358231365309646 1.22208940034714 0.68046197443083 -1.08869614010343 0.85214702493781 -1.81618870328931 -1.66590248336358 3.30284778064248
55158.655415 1.61324288979358 0.348683859577518 7.415412 7.378879525 0.15871411363171 -1.9367575660562 -1.9367575660562 -0.800300839879409 -1.72161278003142 -0.85527505473999 -1.09773447053532 -0.608105858377144 0.944095028578869 -1.97702842102778 -0.09635330605298 -0.0106686609192597 -2.96033193140494 0.868255637245203 -0.264459703071528 0.409059374023111 -1.38861584218705
55158.659292 2.62519848632529 0.394495166233765 6.800179 7.381169035 0.158080316180931 1.53805075148068 -1.31282602753043 0.61586918237284 1.70008079549813 -1.41954559233563 -0.8371843816137 0.68226294388156 0.85712400002981 0.64758611841542 2.15986747952835 -1.54035399899402 -0.9660912877389 -1.02680476781735 1.68359871335971 0.19444033285706 -0.71602728107931
55161.631066 2.78436383964318 0.369512481546545 6.050526 7.378391293 0.156613961883867 2.02665467016697 -0.97965207336239 -0.98781467884562 -0.50559850374336 -0.37960963745387 -0.86009309068796 -0.38483378836377 -0.46426000410494 -0.63421903297458 1.39711609616503 -2.08258121635102 0.48613610805807 0.52595814632981 -1.1846522272635 -1.5722295989936 2.61337667186082
55161.634978 1.93447650635107 0.392176888091467 7.368197 7.380577531 0.15682679460407 1.08153995703898 1.08153995703898 0.0604864233693099 1.09012672117316 1.8346277776151 -2.10239851855179 1.62884597214557 -1.36921130154424 -1.48340506301459 2.19498303673591 0.47232603850297 -0.53248940443045 0.20585625117964 0.85380357354693 -2.06427693737483 1.63784847993491
55161.638774 5.630520054421 0.437045262676767 4.110415 7.377621273 0.157482904331525 2.09167875960419 -0.21706634642514 -1.80005546756971 1.92067510116053 1.6427731538593 -4.66213501932757 0.94158929895238 -1.28955612512771 -1.77937677303028 3.29460420442732 -0.35130446387745 -1.28272642759097 -1.2192888736558 0.10992214328695 -0.840619063732901 -1.21988433909139
55163.576991 5.31714015807762 0.371313687804416 5.868323 7.380863923 0.156912412263739 1.69384968799395 -0.71171423983623 -0.6487165712218 2.45636040501735 -0.531066233264831 -1.82087441246773 0.29984079820648 -0.15897755709512 2.26465228739958 2.32287159313347 -1.07736856338739 -1.67405251292303 -0.07658661071358 -0.35511862550715 -0.78769768281862 4.06939852360521
55163.580869 4.05851302571024 0.382504158226908 5.615626 7.378219119 0.15755476990949 0.61677724077897 0.61677724077897 -0.98840742988395 -0.06554171213214 1.38470696999121 -1.4529260880667 -0.47503465091757 0.47234011876932 3.27956787216838 0.67793703871786 0.4285583748986 -0.84109118931648 -0.19560553255322 -1.11720911562501 0.4558107340907 1.77368195346022
55163.584676 2.88890453766012 0.399720429447724 5.134303 7.378230543 0.156780889718317 1.20794184411741 0.18296853689346 -1.98209267920776 -0.80190296688387 2.01685128220691 -3.07224505346177 -0.96344637833756 1.16309779996107 0.0717580155909698 1.8197099667168 0.70293369935096 -1.05393866990766 -2.30248894654824 -0.25585939997835 -0.741071303340462 3.08112426948978
55228.560774 3.14210376446928 0.498065176488805 6.897793 7.382120228 0.157066551181575 0.251785993257663 -1.07116568428007 2.1826869148721 -2.54464939853536 -0.0608008453378099 -0.50918824179526 2.7292430396637 -0.75350811021055 -1.63463590289078 -0.78167212734353 -0.41488991642676 -0.10895148781227 0.0198457516414101 3.00328579941216 -0.808148150375041 -2.21269089212059
55228.563401 3.11249855146198 0.539773031016189 6.542089 7.383418711 0.155983743174484 2.39448476189884 2.39448476189884 -0.14709096881853 -3.04224795976634 4.27883239662846 -1.9051361778712 1.1296358073034 -0.89546680174005 0.91781505255718 -4.6694054122966 4.85490432179811 0.954717566006639 -2.80747451478587 2.00544115524402 0.38329350911312 -4.55726047626642
55228.566202 3.17253261571637 0.535971850492232 2.945778 7.379402365 0.15583930686919 -1.93868345870915 -1.93868345870915 -0.14881845534425 -3.60118960653389 -1.47915830047705 1.12560365280991 -0.0433879247522397 -1.58755128632945 1.75868929499253 -5.05143580090544 -0.22148328121507 0.62648388256975 0.31638588725837 0.33615553522362 -1.31185967700201 -1.44249965599363
55228.568887 3.46154175181543 0.49922843868813 6.555344 7.380004151 0.156301435914961 -0.190416051627991 -2.02047313445387 2.75456053061097 0.6648846242849 -2.40526266061643 0.35835728172512 3.46833658755726 -2.18563582125081 -3.91346250522092 3.49125295330606 -3.44283903586306 0.65238234861381 -0.57285667122811 5.0431893332069 -2.47768662100067 -5.09370826678899
55231.545431 -0.322545263361691 0.59404306886766 4.975704 7.380207185 0.156211356529811 -0.118275679332291 1.37897598067542 1.08270289636735 0.1073075671583 1.38970236912923 -0.0796413334558192 1.8421994486184 -1.74625650069376 -0.568175467718517 -0.82424309993 0.34399184861132 2.8474249819812 -1.09082569824614 2.0732078218461 -2.40252851397383 0.00212856880613302
55231.548058 -0.579428834317733 0.578387645522001 4.008596 7.378236859 0.156498456586567 -1.98201631204459 -1.98201631204459 -3.78449475781064 0.0873464663675099 -1.68927120622598 -0.598589524203259 -6.67427375853679 7.68836391248298 5.40327796499279 -2.21035699832027 -1.27879013575265 0.394883148924149 -1.70103970475986 -5.51134859439782 6.35326277761558 -3.01486333019563
55231.550767 -1.22852390921492 0.590727901308696 2.937063 7.38544406 0.156500109101395 -2.04355188491687 -2.04355188491687 1.07487754690607 -1.83693352014682 -1.71675502648608 0.37833881821261 0.01394320382868 2.1131571289879 -0.70533912940501 1.13970254647927 -3.05362578175394 0.0495267550232401 1.52727460292617 0.185062639655216 -0.681927099205146 1.21428952093621
55231.553475 -1.89593844448242 0.619132443770376 3.991375 7.380657084 0.15706090025919 0.427725461520965 1.77590751343352 -0.43244398887658 3.47702935217948 0.83114714267504 -0.14426981843174 -0.43871560408765 0.17982543641232 3.74551468074926 0.45927722015023 0.41351397251601 1.12749230105612 -0.236806059681878 -0.178038390481631 -0.34350945123284 -1.66809818257968
55400.960185 -4.32368070782975 0.287454563065361 4.295626 7.381934748 0.1520684951234 0.35870559650933 1.19865192755432 1.97964996697942 -0.62447212946034 1.3745397063536 0.0154226298519404 2.79488012549506 -2.15357047481322 -2.83267165564637 1.64331631252633 0.905149140470209 -0.65537889670054 0.883374969487181 2.52722842080952 -1.86943057647801 -0.0619544880556804
55411.837522 -2.0950916261291 0.351766228440953 5.268531 7.386329439 0.15221309257531 0.33871195972952 -1.3127281657104 -1.46639171918929 -2.16054578639086 0.18626297377096 -1.61896092452229 -0.90443759486704 0.51253584086293 0.779196293987544 -2.21647958478828 1.04704902245562 -3.20599882850888 2.16311889941877 -1.52053382181629 0.91207088216213 -4.20541703074926
55411.84302 -3.29977886560594 0.352707710243464 2.99317 7.387706174 0.152959782782549 0.626326131371571 0.15365030893132 -1.13136231835176 1.32485747406875 -0.0734837846253802 -0.29999832539053 -0.53009422993672 -1.16446153039312 3.21492411198498 -1.81419758766966 0.86031424544389 -1.3126432907235 1.84379571061885 -1.22652406134233 0.8537966517337 -6.42646563892422
55423.802367 7.48417671230366 0.598148135338837 7.103918 7.384138723 0.156293065552118 0.682849952793101 -0.778458440195871 -1.89977262932033 3.44366434132941 -1.59007310436633 -0.308400609545409 -0.640352369591001 -2.64693946351401 1.51604075371499 2.83485457839512 -2.72561811224797 0.02914701843115 1.15070114632512 -2.78188244909823 3.02217290542786 -7.65868716525276
55423.805435 7.0056602122538 0.587973542056507 4.4308 7.384723402 0.157417746321679 -0.98629906148313 -0.98629906148313 -2.20817118143116 2.46869245584906 -1.30244628182133 -0.73453754038766 0.73345779258009 -6.18967775157811 1.87434249083554 0.631134153395841 -2.00088893210191 0.0182571402212304 1.37183182506546 -0.0924167935640607 -6.33919390022699 1.65772741796048
55423.80827 4.04577501632489 0.56008369684563 6.76215 7.380663053 0.156117842424994 1.70328470091896 1.70328470091896 -2.39985559137695 3.94180199439577 0.1835575995509 0.71232300237355 -2.66996578058409 -0.1559506118715 6.10399213644437 2.1410604839766 0.0845032489804503 -0.81808574558375 1.06061101166238 -3.21399326865918 0.65836740893432 0.25832057557667
55423.811338 7.17225188273026 0.53619454534012 5.891986 7.384326012 0.157286370920325 0.95108592752687 1.11441449578421 -2.2348311201879 -1.12336504983756 3.18286173225853 -3.28489864088895 -0.0702879207208502 -1.52644163943597 0.463228593226919 -4.66550249945818 5.54269935501962 -4.38485010928981 1.9288212717543 -0.30789805336114 -3.87057527303065 1.62823453119098
55424.775652 9.31520525718282 0.864216669815398 5.784004 7.383640656 0.154701464493649 0.937518592799889 -0.0218063277375009 -0.46769178831139 -5.50464952719595 0.207812627502269 2.47497869049048 0.869046356626701 -5.84249076845873 -3.9218529527951 -4.99190001213059 2.40396047223772 0.13593810866737 0.9695305043149 2.6787012001588 -6.17017932962754 -2.49732397036162
55424.779634 4.9089072423353 0.791071886488726 6.217366 7.386291388 0.157551700106491 -1.23729925910211 -1.23729925910211 0.15625947180085 1.68953867503407 -2.38843094425089 1.26376532945762 1.5621113789388 -4.74690238166312 0.829081268435671 0.26013434072183 -2.06984174985267 -0.53872663764612 2.85162734887217 -0.5397685006154 -2.47318353652666 1.57544963962885
55424.783407 5.46052616021122 0.788825914050252 4.711656 7.384254035 0.156435185221371 0.490148412707506 2.17480897394432 -1.15933868648282 0.14233112666472 1.30423006257277 1.55529004002043 -1.3833462995766 -1.18532584274428 -4.60899088443731 -0.14269643985225 3.17349081258651 -4.82872878561058 8.1484084819945 -5.37507761957787 0.5761728152331 1.08206933981437
55425.848213 4.09788371672933 0.442413616751264 5.217317 7.384025059 0.156090859643986 1.19841999281993 -0.0712225216443505 0.45983532505226 3.00793096212809 -0.86527401461923 -0.18006477175162 -1.37327891466362 4.71488740654619 1.96703552691086 1.27236553183036 -1.13668753373963 1.45755076982101 -2.25971344131998 -0.17135753856486 3.64071553330785 -1.35322116219813
55425.852067 8.95348267269971 0.438545063849065 7.667847 7.384642014 0.15584401830601 2.42008920422619 2.42008920422619 0.331735805063991 0.161042418449981 2.6372582486743 -0.500102314787419 0.98186857923379 -1.03021136134605 1.45751704500416 -1.90291814132883 3.65022723654632 -0.54636310389065 -0.397704284972809 2.47730864187316 -2.84011249938793 -1.38336948657191
55425.855875 7.18194995514575 0.47501957992152 6.115561 7.382676849 0.156308196065355 -0.100339355267404 -0.87455195186205 -0.2444335444634 -2.35723256110408 1.39121747809329 -2.93496598092252 0.47351448420413 1.57428979140805 -5.41361557085751 1.12450889732395 1.59180895858736 -3.62897335511593 0.267245466401469 1.31590722546872 -0.62832610670099 -1.05756278963266
55426.916826 3.31935167796701 0.52648709754822 6.808811 7.373926241 0.155222517929593 -0.787851652748819 -4.13907388569741 2.57472995923623 1.44996489880445 -1.93329492577409 -4.86906687681852 5.28526645507967 -1.10942587104023 0.47431901467053 0.631520528254319 -1.63084674687139 -4.30664022810791 -0.0283050943388136 5.92790358614037 -5.2418362581248 4.3796765613218
55435.796135 -4.00384164661631 0.304742882455041 1.193477 7.381201505 0.153283191240871 0.858706377811549 -2.0785830118402 0.0364481835023502 -0.29760601871107 -0.96462265657738 -1.99399402217566 -0.12077900704642 2.9936578922634 -0.47563216083145 -1.2872319480214 0.22709128040168 -1.73933564232476 -1.47405060599616 0.0843559378940704 3.32824459829352 -0.14459697857833
55435.801424 -4.65803417593245 0.308321370435252 2.671365 7.382314292 0.152606288186939 -0.00359348300255651 -1.64198273485809 -0.22918157862877 -1.09088551957756 -0.96393707513513 -0.68245561059702 -1.32062398798428 3.71820267143309 0.10305840962159 -0.63296090128256 -1.39651879112068 -0.3612838147925 0.86160109200196 -2.90517792142197 4.14554899390577 1.31586793770535
55454.785424 1.12648538356496 0.295568493576736 4.985806 7.382940747 0.155585341444497 0.701516679095092 0.12330952742925 -1.29333624288339 -2.43606435919889 0.956218758283356 -0.18637033538222 -0.09264943886487 -2.91438531351334 0.30381138134291 -2.01319422714769 1.01536898709488 0.87499037297988 -1.52652418211642 0.316879976526815 -1.05678264608021 -2.30529330552045
55454.790517 1.48096830148151 0.291219677357841 5.633398 7.384809134 0.156096666812659 0.0982856177288092 -0.71746489239903 0.00265990670572003 -0.66797330921489 -0.51788719424601 0.00950594629467005 1.43623392106438 -3.73865542611808 3.68513347209612 -2.96932269422223 0.327506706506668 0.0950402708712299 -0.392508543186038 2.4854613735439 -4.42922812524891 -0.638694993806738
55457.772137 4.07234695827552 0.592993918471772 4.940436 7.378981219 0.154466006666626 0.385854195137352 0.05126142630774 1.42575522508519 3.07882107942667 1.1101135654068 -3.66389940608922 3.15223646516447 -0.00821865300017954 5.27682076644539 0.21928905989986 0.997707684638851 -1.71871493911358 -1.70686776004183 4.06090597288024 0.0916218374218296 -5.10213902847724
55457.774683 2.71469501019795 0.465696272360108 2.394984 7.380641498 0.154665958113398 2.75911656685054 2.75911656685054 -2.14668845773448 -1.50198812422644 2.88321424805483 0.58853559922771 -3.93910284569992 3.74118906639265 -2.36693452233685 0.271454419837898 2.07460393561233 1.46406291684461 -0.327133075872959 -4.82764897150174 6.96695438997894 -6.14256772387744
55457.777414 4.83090881458446 0.452396358056838 6.210166 7.378856177 0.154852704033433 1.60577214566247 1.60577214566247 0.00130485115086998 -1.3368876738044 2.13161805212034 -0.25637567881704 -0.77640012389022 2.25297495392305 -1.6230227862261 -0.46052525435734 2.22273698292618 0.33527450415762 -1.19076514995453 0.0946081699516794 2.99104051596525 -4.99467761834234
55457.780007 4.02130154816341 0.466806830581568 2.170416 7.379955303 0.155193536908848 -0.404308632194911 0.34696141030465 0.58605418209627 -1.31104277930325 1.39613967497793 -1.26638542524813 1.03606714170747 0.366603896836789 -1.68278853154324 -0.1026698461287 0.68050667776518 -0.1659146115955 0.12309647686748 0.56801241109178 1.46527255103596 -4.02319666816544
55461.699002 3.11973530924518 0.755397533122096 5.783329 7.385531364 0.153059558483436 1.9218794104924 -1.18915022141109 1.55918818393676 1.7689851015747 -2.49649286382856 1.52974763902846 0.96631249598111 -0.27612337992959 2.6880504962452 0.73749447815003 -2.2138681557439 0.45506493450031 0.19995529773934 1.32580009773637 1.03068878690801 -2.99116262547877
55461.703806 2.57465943378618 1.28030141412756 1.787473 7.393976551 0.147085695155527 -0.88013815051226 -0.88013815051226 2.53526314751701 -0.0203316682589101 -4.17928395719302 6.06812584956204 -2.17150122359394 4.52565107167879 4.98143228039899 -4.8067035956184 -2.60896454017502 3.39441349440345 3.19722114556173 -4.51922738248188 8.74281517019334 -4.1367436864161
55463.746563 -8.99540174221225 0.430804392787143 4.770094 7.385737829 0.153602351311318 0.284214065353023 1.94109264326254 0.80681242735514 1.1916973825602 0.757378924206481 1.57546777727725 -1.74992808327781 4.44740529386209 1.3532296919273 3.34385023559469 0.491147553621101 -2.45385336867639 3.73963200838113 -1.93668596283955 2.79807340991345 -1.69080177349914
55463.749295 -6.90436900648099 0.413837678007048 3.73056 7.382810685 0.153790126577771 -0.07449951605384 -0.07449951605384 0.415708322334289 0.76082278181543 -1.33106423511307 1.94877560604987 -0.364493119919549 -0.34124174892774 -1.86956475448 2.07727559143321 -2.02135401841773 1.46903824466146 0.62349628650883 0.32939670723384 -0.757099903815621 -2.44412537216711
55463.752003 -2.89449292629917 0.415330995416259 2.841323 7.385843436 0.154559368162163 1.07572714218137 1.07572714218137 1.23073230751229 -2.43041169553622 2.12263052028431 -0.62610516976225 1.20170657098762 0.78741701166265 0.23389303265748 -0.18728961604386 1.59477056908968 0.0440933964114101 -1.4213071048752 2.63827384154776 0.68210059686763 -4.49547040756333
55463.754665 -8.79513961296667 0.406713338825984 4.938164 7.38556944 0.153505004788511 0.396502935259008 1.21939502010012 0.64984155966872 -0.784505114564912 1.04858341409412 0.757157909000409 -0.532167765886529 2.04963018292091 0.0622901032703993 2.15601417394867 -0.47896254922661 1.04283284394434 -0.13497260659955 1.04204173103607 -0.358069877860189 -2.59109408156593
55484.710949 -3.14708985738855 0.302391261473391 6.659769 7.386232849 0.15727126757654 0.84295335357611 0.34177863411567 0.20116470434149 -1.03409099356151 1.86167643561567 -2.30727812348466 0.88805180604837 1.05841835317371 1.61710962705405 -0.88966624281594 1.27896856016869 0.15729249576225 -2.42923513570541 2.23484507745768 -1.46733853727842 1.4159470327295
55484.716482 -2.47077706658348 0.284119926443391 4.403118 7.386071545 0.156555675953851 0.60719048876943 0.44326622960291 0.00378528488419017 -2.36965707366156 1.67420133211237 -0.98872093789452 0.61262189246993 -0.35335238357854 -1.6046390254372 -1.21460757786896 1.75240069765498 -0.14265935279942 -1.1725984405979 1.96260448284366 -3.39165301716222 2.97047596501054
55487.731982 0.548574988434866 0.241547839348004 6.070306 7.384028531 0.157057683766593 0.563630798358334 -0.318478930584288 0.603924540875932 -0.040485130949565 0.602010554947167 -1.7590639311352 1.60804856300926 -0.411806957492159 2.13500215036671 -1.45395633059851 1.06229452500274 -0.926663001197753 -1.07978603732756 2.19982551105446 -0.08153509333343 -3.0948243409413
55489.622527 3.22728173967394 0.211117375359082 6.505525 7.382235413 0.158205390874082 0.585513172892656 -1.45071797402514 -0.12479985993634 -1.19537384194475 -0.19214479813444 -1.75436210104054 0.70093135960913 0.62184251349521 1.60862426989652 -1.90796850275941 0.14592797389003 -1.259768920622 -0.20462630063546 0.32081860496875 2.20015745903719 -2.76059021037489
55499.702097 -6.93019883620242 0.330498352954475 3.74442 7.379887574 0.153310807847801 0.926638751636495 1.84573078390175 1.97855859110462 2.71264244155261 0.18875482029775 1.60564689373922 2.31730291754961 -2.83524974482629 3.79504772004897 0.800932324728361 -0.101497460639551 0.21480222926435 2.66251080433327 1.22164306873755 -2.20323490216326 0.0439605966649399
55499.707513 -6.34143667310117 0.311849138030234 4.473254 7.378997913 0.154212096912637 1.55035636264347 1.43495372739874 1.38146613589075 -1.02088501991084 0.60933835627867 2.18598905627679 0.757062365470129 -1.11402678541343 2.16440038640775 -1.14806936822985 0.48195717616461 -0.14399148550724 3.96315882689411 -0.36288403411419 -3.9157547588228 6.15613084705868
55500.740931 -2.40610326573445 0.286603807826436 2.918549 7.383954729 0.153059496191764 0.256366536990794 -0.18234503134428 -0.80607272462308 0.27666890846175 0.0141086587457697 -0.53579851324358 -1.62882244530566 2.83549455695703 -0.0414862535285401 -0.32408618866765 -0.51069987508645 0.46428526904417 0.57059644984303 -2.06653147308943 1.13101056677613 1.01838901937641
55500.746509 -3.23136115609583 0.284031649795516 3.592088 7.382980594 0.152549307720874 0.661860763509902 0.41684078590411 -0.37916983532105 0.5704570065754 0.55769531827979 -0.59699304781192 -1.31149636308143 3.16860569432243 0.746600864513541 1.72583484927631 -0.95014459864732 0.80257923211562 -0.29278871756654 -1.31289392311345 0.1428648097177 4.58507297127589
55501.674222 -2.74999570151133 0.337702134828958 3.04399 7.3846369 0.154068676992592 -0.544296456383619 -1.21592950021779 1.63169220860697 -1.41757505686606 -0.21487774527292 -1.09313769055805 3.69165621168556 -3.88949627559158 -2.82932217217452 0.17050286852194 -0.99380054823074 -0.36369296481263 0.94603926622829 3.68958003090682 -4.88474389136267 -0.61888526792015
55501.679743 -2.63464489470159 0.308500132037609 4.778992 7.384142153 0.154499451843277 1.35549004629728 -0.56412830293639 0.9605103775765 -2.33986523551789 0.64919129878962 -0.97839469642693 1.17211105957159 0.66580962407684 -2.79438277132105 0.66258975462235 -0.32387696198841 -0.35247237111398 0.12625940589101 0.48393537246783 1.77522515216262 -2.04313792155733
55519.592154 -0.438666997602117 0.410928385184138 4.993923 7.381388935 0.157332565953971 0.843688073644735 -0.323086086078216 -0.166930987078113 -0.090795034449035 0.870819976936107 -2.20762905886358 2.10319150809648 -3.08590670451117 -1.82390007711679 0.843660749940613 0.0640678428477276 0.456137762246518 -2.53851152083292 2.58268402272947 -4.49626036978136 5.736176068052
55519.597258 -0.739758962506608 0.408612422368544 5.063073 7.380736077 0.157361421603504 1.67558405235336 -0.253424695868211 0.354144270479209 -2.69399610992165 1.44373937323803 -1.66666377056728 1.97833113174882 -2.07950126019592 -2.68506522286176 -2.43097591098771 3.1809188152222 -2.51475124613708 -0.59872730076202 3.04938815519809 -3.63691360676761 2.18885178889209
55522.651587 1.37460115463042 0.407941899217017 5.20555 7.379609659 0.1568189686361 1.85214276080595 0.42520903199627 -0.80538805086488 2.03698078786377 0.16264850212192 -0.76276475835755 1.55993303924061 -5.06192777464314 5.5262624270185 -0.6816609114907 0.77736195846091 -3.02701208752552 3.50146583913427 -0.26375951173277 -5.05417833606108 3.87638422921152
55522.656529 2.43297524579252 0.393481521359809 5.754557 7.378430917 0.157321621963185 1.55094172879774 -0.60868531053657 -3.11925188563817 1.0350828973566 0.0280115224911803 -1.89894011072547 -2.26539301519915 0.210853303429544 -0.31502340095728 0.35652597820724 0.14795228019429 -2.28229726122227 1.74380506095537 -3.64169353666776 -0.412776634220441 2.12877029546975
55545.580704 4.88432011728594 0.223294986932791 5.547071 7.374815992 0.154531436259901 0.7039083178099 -0.569922572619761 -0.775193275472319 -0.64558658452843 -0.659470590884871 0.55995266047048 -1.08794606792479 0.36874521624792 -0.62013339974087 0.81105679166736 -1.23139199416585 1.12546407705145 -1.18095998939344 -0.0884666245365002 -3.31990915027262 3.84473756446696
55779.911737 -4.83855557941244 0.338747163548406 4.316475 7.383254967 0.155014896251326 0.150887285139985 2.45646305226325 -0.21574224208984 1.26252471773526 2.07957599276506 0.0017835234841499 -0.0953552696065803 -0.31219097177989 2.25019456978349 -1.27301149587458 3.15832151364202 -1.79775369525327 2.38390780414847 -0.63764746359714 -2.91528028133387 5.32497453484027
55779.917003 -4.19688170024073 0.347626734808802 4.915227 7.382029372 0.1554320794769 2.11818797953774 2.07683399209236 1.82224006035731 3.00790310400539 1.00784059782569 0.34449404434505 3.05681384102759 -3.61765445747934 1.59042162471704 1.46907286785147 0.16796980851619 1.81078986200097 -0.62818866773006 3.06902332685369 -3.40877007742195 1.20841626860644
55784.884413 2.81712494188373 0.314128610454199 6.872614 7.382571744 0.154845561098713 -0.197891121167909 -0.79054798665898 -0.72689893715233 0.69114753846686 -1.04783763595255 0.1222338601645 -0.87213545562679 0.22337241989695 1.10281697170926 1.45150047982389 -1.84995840702944 -0.21062134873353 1.1266536699012 -1.8198033906612 1.04051840763127 -0.55318094343639
55784.890003 1.59449017308362 0.318136326246197 6.092892 7.382470164 0.1547210276399 1.90827981459525 -0.73929883197888 -0.26931516764161 0.80976174092915 -1.05648948018333 0.17783625013134 0.46548132182479 -2.08416193815008 -0.1631273939386 -0.0439613603660698 -1.53618040118145 0.67716144541803 1.15046647750805 -0.27929465605757 -2.1639633028522 0.479212672691481
55801.857794 4.85629408785014 0.574642156958371 3.417383 7.390699806 0.149178332302023 1.12587929858595 2.44110015597334 -2.92215452046086 -0.15912206266948 3.66222643283365 -2.22554850901887 -0.179725675177081 -4.11766650855085 4.58528700147477 -2.4525255619319 4.40208292809732 -2.24887742948066 0.42751666034582 0.721048712018201 -6.56220676110623 1.44586629244403
55801.861451 2.95766996262886 0.560391623728353 1.496202 7.38909788 0.150927486430012 -3.0280083668286 -3.0280083668286 1.69412806863775 -1.76009781990306 -2.93358182342797 0.74854600978456 1.26758045438882 0.18634725934184 -2.80755604913101 3.04301687234292 -5.01269118574024 -0.094677078749305 2.68695284984194 0.74202910878468 -1.55199715495296 0.14029402848608
55801.864924 2.67866323294348 0.577245447514326 4.806352 7.390507325 0.150452944692566 2.2796651803252 -0.0215165990687298 -0.19013443065019 1.87255464640528 -0.0863200461313998 -0.85197163136378 0.9950141351452 -1.89489079341149 -3.02048809166452 1.61819534436292 -0.94965986450463 3.39527672530733 -5.04563760302259 2.76610414254195 -0.74070254957166 -2.17620375382812
55806.880505 -4.65123490356958 0.343178205099176 2.323889 7.382532643 0.152099081964712 1.38850142067772 0.19028711294333 1.16060276483098 -1.66586210395323 -0.1934635619113 1.73107769822389 1.55567898306211 -3.27315429625469 0.25097522446565 -1.55792757529226 -0.39028133619947 1.891162533921 0.33312391190619 1.7866121070031 -3.80895997129653 1.82937422207271
55806.885447 -3.59186761367533 0.353089361073448 2.602102 7.383369895 0.152340371406227 1.92918621301304 0.22982843722834 0.74189850177358 -1.20078219207042 -0.12694757547948 1.38485704472851 0.58125275721618 -1.3746458034092 2.77798307966478 -2.22291024044793 0.301302823937521 0.55000535315085 0.93706174497351 0.88244097113326 -2.66454425280943 1.74829889669633
55816.814179 2.201683841621 0.448160484502445 4.049827 7.381206936 0.15444150820059 1.94556842256904 -1.26735210069501 -2.00955472024583 -3.39417614592847 0.0861965761142098 -0.82324358657942 -1.86249427267036 0.595394564579676 -6.11824181645628 -1.62388796734184 0.6346190952278 -0.73290905783344 0.0489153786098699 -1.51052610686338 -1.7008934022583 3.23850486206248
55816.817027 1.52924398171186 0.430219015162258 3.966794 7.379172523 0.154950592699737 -1.13805458314571 -1.13805458314571 0.68522642238709 1.36578954211481 -1.78299740342931 0.512899453237343 1.14225880223324 -1.76549249024579 -3.79846759288562 1.00364558509705 -1.02045938380895 -0.547647328673054 0.581654810122204 1.00183014898846 -1.7851800690364 2.10316704164106
55816.819816 -0.0650044297966203 0.434370325293068 6.147431 7.379306722 0.154351819675378 -0.21230520198866 -0.21230520198866 0.540980430169482 2.2754238435426 -0.423152446923656 -0.760921588867124 0.354875817022997 1.37978951292702 2.08943088649948 1.69256378994766 0.124285498439662 -2.01777709052964 -0.056111584789841 1.31762578903167 -1.53060285283495 3.9674256607356
55816.822606 2.18030397732036 0.42680539653478 2.961689 7.381062273 0.153869015088326 0.509524069456277 0.55079556746469 0.21624628541674 -1.18124894921812 1.64050258407473 -1.45130265818801 0.02283135155622 2.21228803714916 -2.52136004798917 2.28487126373616 0.57543444341024 -0.73045826590985 -0.93365874905043 0.48127231303982 0.65655367526417 1.49917505139128
55837.791663 2.27485164572111 0.250070226336626 3.489117 7.384197321 0.15005286495498 0.99164726786126 0.7028547263217 1.27847077939427 -0.80664718048448 -0.505837951992438 2.76406574204704 0.825396255427799 -2.42157714474411 -0.86767611094954 0.79922849563937 -1.03803550692408 0.539355289294303 3.4154657942314 0.24767897776982 -3.67802864264597 1.40005255307204
55837.797242 0.457765339471541 0.255980993815627 5.246216 7.384069534 0.150381752776542 0.495969258988828 -1.51158077371611 0.398350690358471 -0.46662871429984 -2.20356224278212 1.58567265565385 0.166271081626753 -1.46878021906978 0.29631229734987 -0.53722995361969 -1.89718654441276 -0.10020880507012 2.03825697870981 0.20782660244716 -2.61198810118225 0.294538674015561
55842.749885 -2.14132802658595 0.406878327826402 5.222601 7.388618598 0.152823482543318 1.18056174616691 1.69743798530983 0.18753384115977 1.51559161561083 0.66083711721179 1.13669053539301 -0.10569042674468 -0.59231486003752 0.80849470197622 1.69240458176856 0.16781131581065 -0.71025442699974 3.16061854356975 0.00493677475161802 -3.32889111406871 0.22003744290995
55842.755463 -3.49653165121252 0.413426494702395 5.581 7.390633441 0.152692087615894 1.70604680450206 2.59197838087335 -0.96319046181113 0.70815724189239 1.12896149963274 2.36066714595159 -3.50278847940609 3.59599191570459 -2.5261263957524 2.79123214704807 -0.99855461897429 3.29138305702131 1.08264904834024 -2.78839080558892 0.0898276722206699 -0.2603882064133
55871.676169 3.97710908429241 0.359412353046306 2.649434 7.384388248 0.151981353866132 0.411209019606535 -0.51323071182699 0.30991739972247 3.852758005266 -2.20483845728668 1.11850023862382 0.4440868008543 -1.67378696509713 4.75173838629807 2.11377204579272 -2.47910420509017 -1.01088799347055 3.07091957647932 -0.50836086942424 -1.87867274619124 0.46571008117235
55871.681794 3.6621613325603 0.367226008360716 3.684907 7.386439518 0.152057684480159 0.997957078191082 0.68200294896203 1.24583350916662 0.71068916263049 -0.39776239543626 1.66670631636367 0.96873998511733 -1.3031058204152 4.12108971607227 -0.58242980084014 -0.10768306760503 -0.49459649960357 2.62053416435314 0.17763216768441 0.0865309780707397 -2.99680916748787
55879.791893 -3.48012452656648 0.580694434261172 4.57958 7.386477502 0.150248781714595 1.9328692740504 1.14424048997656 3.26039515044793 0.363242494267079 1.36661489973876 -0.59916157115053 4.38498494379147 -2.03518158126689 2.24658956297379 -1.15753734412093 1.96779385429755 -0.94677227806438 0.275100713387201 5.0723905325002 -4.26527474258427 2.93574636878085
55879.797622 -1.7934505694965 0.4934472199918 5.298882 7.386526178 0.1503268818958 0.424622783996742 1.01745029067132 0.764780054652715 1.68331066087707 0.4445601706733 0.20297165648104 0.924082763366353 -0.619231079342023 -1.50617165463349 1.81014396454199 0.44990251186325 -1.66733871649884 2.85468311789693 -0.184632943317595 -1.85044387369842 3.18791994491485
55888.666057 0.472644814782788 0.410426344169748 3.62691 7.380055587 0.153279467729018 1.83773501223287 -0.783325583795546 0.051586446627896 0.00797025845588895 -1.4349451134241 1.27751425294888 -0.545198939466661 -0.081285848051486 0.721601439944723 -0.170761438894697 -0.660184736901359 -2.1593739176049 3.90819561062982 -2.67078592775603 0.294045743442631 4.03309021295352
55888.669749 2.05674794078457 0.390969175135481 4.369464 7.382672206 0.152282799928557 -0.72010637264987 -0.72010637264987 -0.0361391835995499 -1.7143801383925 0.11462339847907 -0.62806348966063 2.13228017693985 -4.90101574439516 -1.08367115801647 -2.06779602947678 0.31087338918252 0.20077686815622 0.0388258834360902 0.8533258941865 -0.89368241742467 -3.39281829406855
55888.673464 0.476224967618789 0.388589350244984 4.648152 7.381262215 0.152848434613961 2.03047947998795 -2.9288221368519 0.00916260535720592 -2.09918709601723 -1.6629000503938 -1.28848927477369 1.86788591943511 -3.20651156975875 -3.55867741557704 0.46034001345927 -1.34994258222614 -3.13421665517188 2.0195266795766 0.222201872619683 -1.04144668353122 0.363446146431979
55900.663801 -2.19646337179714 0.227438784404121 3.669865 7.384574684 0.151550420251176 0.74103222351219 -2.35014350626889 -0.45851987391568 -1.06610242100407 -1.36013114331308 -1.31941195364457 0.90336040841305 -1.95576651430141 -1.35014173927069 0.142128837015426 -1.71392892756133 -0.84387566841232 0.0349190136469901 1.07317159702964 -4.17129469994575 4.30000048934004
55902.609713 -3.21372190310575 0.357610867747199 3.528358 7.382594364 0.151393321516462 0.369331049514374 0.57219138073937 2.2449916975964 2.48229817222088 0.10986062451812 -0.3961354505698 3.07683040908176 -1.64677066769598 -0.60620411208392 2.43151301772577 -0.69117723865959 0.9793429966612 -1.34206653502067 4.30901568077444 -3.57037856480368 1.33262740488775
55902.613521 -3.54625596272243 0.344043567313594 2.706777 7.382370378 0.150798241252907 1.28873817045678 1.54700308674316 1.8724515143502 -0.208804197626571 1.57970044905433 0.0446452366997199 2.16236461451301 -0.8151097359491 -1.60497631488754 1.35508026241113 0.65332014882909 -0.13036989540659 1.53667097617109 2.58955562851992 -6.33784414423022 8.14486231663968
56117.923702 -2.74082397078563 0.229603294580018 2.672371 7.390847696 0.152269110257401 0.314421401081397 -1.79223782408422 -2.67130410530924 -2.23893434132252 -0.37311060111526 -1.50601977892093 -1.1153690035996 -2.36544955388288 -2.5008569759288 -0.80896454043794 -0.24115747477577 -1.37546145445579 0.13195029102853 -0.94136250550566 -3.76378671302589 2.40198022320855
56151.889624 0.670847508685071 0.320541046616749 3.943188 7.391074553 0.153501579332491 1.14539301553436 -0.942807824632471 -0.419675365832403 -3.12237838999186 -0.090025204684786 0.094007098125684 -0.12231616600062 -0.86269021740991 -1.65560357530106 -1.4427643647924 -0.131142738515271 -0.225839886546235 0.711537368804591 -0.55247811061526 -0.590893595278618 0.19906683775517
56167.833874 1.25562745875761 0.434933991387186 2.21521 7.382076772 0.153702228668927 1.74764802301612 1.42185769770333 -0.47848853384953 -0.537981640178668 2.94461473101322 -2.57230885016174 0.668509695876223 0.14262993533127 2.3412128585751 -2.48665775624174 3.55238233896837 -1.66190090282875 -0.37255537586128 -0.812152803817606 3.91453919972784 -4.57393020888469
56167.839557 -1.03435244030932 0.427382303289389 3.359726 7.383237088 0.15409231523985 0.936918577509884 2.97277940347055 -1.48126979577359 0.65814680635835 3.87831872269979 -2.05267105504898 -0.361202311343599 -0.38881278926229 -0.33507453866949 0.93351119570317 3.44312034715343 -1.89598778610173 1.09568804514408 -1.83938454377316 0.41747304997702 0.423774537106396
56182.848771 5.91293762588532 0.3381989662269 3.510005 7.383311657 0.153147953314746 -2.45057587589218 -2.07138746863412 -0.634275408175929 1.26599490095893 -2.62297691919804 0.33689941325765 -0.10109968113827 -1.78577577419953 -0.48830492710506 -1.08926301849347 -0.853788678002339 -1.02792481380468 0.15402031592833 1.04425567717892 -3.02037504308672 0.27180972183384
56208.782325 -1.49569208836199 0.332437309128264 3.15047 7.385044221 0.152156562719871 0.236099034677373 1.49110685861514 -3.60769185157402 -0.43964957051777 1.2235916101636 0.764643896322942 -6.52287085982425 6.51554345906769 -2.03703984256441 1.35224976439834 0.33745003505549 1.81340867844185 -1.2903716885531 -5.46875332083259 6.67960511619513 -6.78187813834775
56209.767273 -0.854298899660422 0.445378810669308 0.631068 7.391239959 0.15059653900462 -0.339783380926999 -1.18677790707205 -0.58561151740183 0.778016020089595 -0.851883279325712 -1.02916590542336 -2.4782521218596 5.7981523315844 3.64163744975093 0.27547053739019 -1.48801342999399 1.4724811875865 -3.587572440034 -0.23663622026229 4.39433091940222 -3.96116373047117
56250.591306 1.91041079969873 0.384255356880637 5.382852 7.387465068 0.155004758872973 -1.58861505788209 -4.17237804244846 -2.15948764738359 -0.85763954678986 -4.46450541940698 1.01638216659471 -1.67298787507426 -2.4364006167347 -0.43059190997153 1.26835463009152 -4.449215471477 -0.06314640686198 -0.696827265463768 -1.62223431173903 2.36995696632936 -6.91388435959439
56250.596989 2.28014112801076 0.38894379163409 4.234133 7.385509047 0.156432427637583 -0.582100088235035 -5.1529146528253 -3.89428274167311 -3.86617292674097 -3.46182602067021 -1.06643087198293 -1.66058702891818 -4.43925571747732 -1.75396050150025 -3.59647651418991 -1.49200636998092 -1.73461486738928 -1.63609807188122 -0.52313030029472 -0.71930259070845 -7.63380215582627
56264.734287 -2.84091358525439 0.224890416306372 2.616806 7.3880407 0.150576228146437 -2.16917806667429 -2.61836244939852 -1.68565437460484 -0.704301945714151 -3.31320872543409 1.76670944211558 -2.48822518849208 -0.22667978722893 -2.33776176203897 -1.6616534381622 -1.60602953257609 0.86395482868909 -1.48545212231181 -0.45809936928143 -0.73832294538364 -1.70236182056281
56270.577459 8.55405429878892 0.34075681544648 3.940323 7.388484611 0.152063892242295 -2.60915169629777 -2.92402276895076 -2.02139716764662 -3.67163027797544 -1.92476108239628 0.0271625373639797 -3.09603087198792 2.76020965606997 -7.5520589597621 -1.74219090224818 -1.21780848579229 -0.18197183479514 0.36359645939515 -3.10889604376618 -0.02441036510392 5.57131623243676
56270.583095 9.04335126281768 0.344498047318528 1.25042 7.38892938 0.151981544232299 -2.47561151890864 -3.68833819012549 -1.51530304046328 -3.7898351356177 -1.97212275673846 -1.23698142087024 -1.81724061019582 2.28838598059443 -4.0372385336489 -2.94920643271575 -1.45869661948745 0.00583317624545998 -1.06604844898335 -1.4352538518557 1.05995035893255 0.64758660112746
56285.571104 -0.472598037655314 0.24438466026634 3.397151 7.387532206 0.151642675215394 -0.914817753689877 -0.834215543954853 -2.84751223681637 -0.48693181945922 -1.22300301555172 0.992908832698744 -3.67749242368872 0.99788533842573 2.28792878045867 -1.99817228925064 -0.58641526889871 1.36553067866229 -1.35577590905519 -2.96056117422787 1.13362777354944 0.33033859428439
56292.650748 -9.62777754511222 0.25581431043453 3.369095 7.389066918 0.150015286165902 -1.90625637111401 -3.68631407274442 -3.9157991201645 -0.2858989215311 -3.40920166378629 -0.3735240566825 -4.2381916631158 1.379284206908 -0.1375485259073 -0.99516158644769 -2.83659944460786 -0.65076036980936 0.2260886570128 -4.5913417125001 2.3410838870005 -2.1922688254694
56322.567604 1.39528236785922 0.252459403961642 2.477354 7.390207358 0.148939401053373 -0.45050911978132 -1.10643791466419 -1.02012845199901 -0.0240259480464902 0.0791229216280698 -2.23922477175665 -0.915339766552775 2.61751225463601 -3.69916200599803 2.85753156755791 -1.48621593759942 0.0765181148390801 -1.78382920713793 -0.116151744006461 0.49262848694925 0.203271355930554
56498.846688 0.0239087939445421 0.470204836441757 2.546383 7.397534942 0.155730210630189 0.207860533953505 0.433631248840318 -4.25632382884007 0.840620838081895 1.0904993487538 -1.63003143542124 -2.53008785230772 -2.46290163506389 2.37807488378166 -1.0848245872014 2.04764546940748 -1.33546470046309 -1.35157477516068 -2.51238028596755 -1.12815809296316 0.76942312627664
56498.850589 -1.5099821442236 0.44013946198263 4.305782 7.395951746 0.154867701684906 -1.9118353049834 -1.9118353049834 -5.08081541448892 -3.86776997143243 -0.476195742567355 -0.65600783781307 -3.77948024604799 -2.46965634368237 0.48031895641153 -2.14386024797167 -0.051290426901712 -1.631188924834 0.55109901053884 -4.05555865772511 -0.46115605571156 -3.38816001661097
56498.854327 -0.151204889865933 0.464560990580349 2.975413 7.3962617 0.154268653413324 1.39804967132314 -0.734069343228441 -4.35640959815011 0.461498034971802 -1.31043501200949 0.828000445252453 -2.36813619137653 -5.86874528496403 -0.43977688545941 -0.0826451946490101 -0.645980573613705 -0.863009736868086 1.63510719590094 -2.62445805876553 -4.86035982199473 -0.12429936086358
56512.934646 5.32622599186354 0.743073203791559 5.546631 7.393496206 0.14869295565207 2.23351959986782 -1.38970322818317 -0.91692125128168 3.05058375314171 -1.88500525023867 -0.65271901355392 0.98450224205112 -3.85480214136697 1.18910671779236 0.892257839983389 -0.50104301825856 -4.39017399513546 4.24431699320108 -1.71475476566465 1.76875388237062 -7.59661848622122
56512.940132 4.05747037661413 0.735585196587563 4.537186 7.390978226 0.1499886284088 -0.67638840890218 -0.67638840890218 -1.38301963095092 5.0407481977366 -2.98450993161687 1.71901556482985 -0.91608615969083 -3.11480081921498 1.73317831471131 4.63298390571625 -4.53844005934276 -0.0508355260260003 4.38479575716617 -2.85250068812081 -2.00675606127099 -1.94171446637223
56532.930888 -0.480230547073567 0.330145979336681 4.378115 7.393998836 0.152184086681108 -0.25842914997044 1.88751117686034 -1.36877345616663 -0.12009851612717 1.67277537795757 0.466507998353562 -3.04139179576162 3.73118663489847 -3.15957146726477 -0.19779881015489 2.93124873292783 -1.91274237330545 2.09063151861797 -3.35657339437913 5.31241445710028 -8.033259032016
56580.741563 1.69469819768933 0.623382389591832 1.718595 7.38973671 0.150854555840979 1.7222301339871 2.91528043132615 1.92891930600728 4.5251135372453 -2.25709293695869 7.31786807908653 -2.10499990702573 1.80586602035168 1.62507091977971 1.90296271439068 -1.61283025609275 3.57247329120566 3.1014067782106 -0.87347871697199 -0.48320729521506 -0.634552256931
56592.729043 1.57162427609778 0.296334721139882 3.776059 7.391520094 0.152770622172131 -0.339433246497475 -0.1364272502818 1.29441505909359 0.947030702518953 -1.59459550494099 2.24236889504156 -0.72287431958457 2.56523453020726 -0.64272191592284 1.1000999320514 -1.42863287906829 0.663364170321822 1.1650377651317 -0.30598723209783 0.18777388383988 3.08146420335522
56592.734529 -0.86018398142305 0.29470400652639 4.324921 7.392300493 0.152419592157988 -0.516307646196417 -0.903498920816972 1.39859067047005 2.14326425574461 -2.50820437774469 1.919797746901 -0.283909659651624 2.08287474343756 0.372503746669301 0.102209870941216 -1.73425489333932 0.71583649077499 0.766641861562812 -0.471091786193832 2.77790002427699 -1.18295542503191
56603.717542 -4.05197365253769 0.315409420583366 3.301122 7.39487719 0.151187111407496 1.18735745091461 1.75609810641049 0.5804346156276 -1.6567529709861 2.55201774502853 -0.6245419705651 0.9690634716972 -0.25196850501889 -5.89260818157322 1.89770181648773 2.36141764031177 -1.64916634480208 0.81590066948438 1.24724625042088 -1.50157734424288 0.5516690011865
56603.723121 -2.01320209367552 0.316720586217819 3.012645 7.394754055 0.15192253602514 1.27111699733581 1.53884669929927 -1.18254871893267 -0.79441685486704 2.10044333068853 -0.63056464562324 -0.40925123193224 -1.24742602178588 -3.19432952592509 -0.62450327070503 2.99495093948065 -1.15667091450595 -0.01861853278793 0.45827350127287 -3.25376201370578 2.0317317062247
56612.644287 -2.97667976190403 0.296937898450787 3.424779 7.393302566 0.150845321047982 0.791111303068216 0.2218029819579 -1.07852552397523 1.23876203062529 0.20926594846808 -0.65198793588565 -0.45695930784634 -0.83136348150472 -1.12027300557364 0.49704246645458 0.12163295720893 -0.60135318653362 1.15016546901325 -1.3152149817694 -0.0261513039521502 -1.78768725038742
