Time RV eRV Halpha NaD1 NaD2 BIS FWHM S-index C3AP2-1 3AP2-1 3AP3-2 6AP2-1 6AP3-2 6AP4-3 6AP5-4 6AP6-5 9AP2-1 9AP3-2 9AP4-3 9AP5-4 9AP6-5 9AP7-6 9AP8-7 9AP9-8
53034.600701 -81.9888663823085 0.657834420731401 1.04589156617324 0.470353578081965 0.322098391984929 -3.6106 7.191431129 0.161746918014951 -2.77287238995265 -0.772521668975003 -1.7314146458168 -2.057509039414 1.6412256543298 -3.3478885859008 -4.28625597278739 9.45325906014169 0.295707950775494 0.410428631699403 0.531428091705408 1.0026601335814 -6.6507229346455 -1.87899366571811 6.549751296991 3.4642026195142
53047.526059 -72.8401258619118 1.00436373752105 1.0450109836074 0.46916094596051 0.327063152013623 -1.97789 7.19922875 0.157272397039484 -2.44000695562372 1.3631208230349 4.8213786601339 -3.1149895527649 1.0910579111967 2.2354002074749 3.4753743662944 0.660964649405301 -4.1538884622984 1.21205768648809 0.995877980645005 0.413309678498095 0.178027738798406 0.789095572064895 9.37822823198501 -6.60128198777539
53264.795764 0.668152452192282 0.47123434348355 1.04446747843507 0.467328695215639 0.326727744117308 -3.88086 7.207018933 0.159199389562312 -0.241816988309854 -1.46790358166126 1.59861059291311 -4.48224810554988 0.94410699230711 -2.50106210705745 2.31670811238285 1.18984529162171 0.43321508426886 -4.53261288712438 1.42902880506856 -1.038572022014 -0.935614275998873 1.33828092415658 4.83991123475948 -7.0765029870959
53266.857787 7.96844687212167 0.572934231627544 1.04285171892129 0.4663848399955 0.328955012939083 -2.79976 7.203518765 0.161759973542355 -0.528527556224428 -1.30351392023953 -0.885171442674601 -1.90323358557909 -1.92090773325141 2.34406876418748 -3.4044570135006 3.1527023537651 -1.60697565727182 0.35403688788136 -2.69623957210101 2.20489386291445 0.20253632102988 -4.04413901779957 3.10008896473777 3.03033955150394
53269.83893 6.75402065761196 0.683566856262886 1.04269393275757 0.466633772109622 0.329136256003129 -2.46219 7.2046427 0.161777992514512 0.262246389695634 0.73325506690163 0.0473668127991402 2.34247982186874 0.604872129949871 -1.10313423725593 1.24639005220302 -1.52197117467204 4.12507699724666 -2.13209197669385 2.1785837030207 -1.66573184577976 0.25312288289817 0.20111030995428 -0.231491917988739 2.11577514147957
53292.788355 8.98155411485884 0.51701118354655 1.04389654678058 0.466676113975163 0.327065227252144 -4.31486 7.200004001 0.16142010401046 -0.38527312842902 -0.456000909502929 -2.11112326396769 3.28938864852372 -1.69191440986505 0.46306709421995 -1.69890675746607 -1.47454395807435 2.43713857876039 -2.23467550559613 0.560773342862959 -1.15122048494843 1.42086176057425 -3.79754111866236 1.38013963301688 2.29734982457078
53294.784672 11.7193066923227 0.631141609744899 1.04761627415036 0.470608313679314 0.329033657849657 -2.83504 7.207222147 0.158879321699153 0.321074271337313 2.0153681868796 -3.68893365696919 1.48601082151933 3.0261385041344 -2.87207510696 0.538037117988699 -6.48848690816323 0.426289391197001 -1.6686731703637 3.6950665957394 -0.4338952252516 -2.0494718903135 -2.24921938340934 1.12810374943114 -2.488056036737
53366.647155 4.63707622149384 0.401963708200724 1.04349421748366 0.468258280223902 0.32261169304117 -1.77784 7.198234374 0.162785575980035 1.73472840062525 2.72412275135636 -1.47485192622142 1.55844444774517 2.67520693502119 -0.87251252602767 -1.41680719322299 0.85877401357903 1.01761506939306 1.59959251095917 2.54786762799986 -1.35260301981252 0.20990204427377 -1.80528795049918 -0.39178293010771 4.50197374529342
53367.673576 2.20807596171225 0.410474292123245 1.04486191021054 0.466390598696816 0.323929630717392 -1.50027 7.196444148 0.162667459407178 0.459007751289582 -0.47900391795954 -0.80436318471099 2.12513181083553 -2.16245341099521 2.09218232276837 -0.48584642511032 -3.00255083889511 -2.6799143160862 2.30492725871763 -2.46626726016751 2.75205504220389 -1.45271902442571 1.43714670335171 -4.3374463425522 0.731075723007039
53370.645631 10.1996122985981 0.400305633740537 1.04533943825538 0.467079719995261 0.324373801106055 -2.9492 7.193493916 0.163000137492704 -0.111458953015131 -0.543482940490311 0.90188020804351 0.324165151396899 0.232217976578701 -1.75774667550702 0.79991806055976 2.25182505724936 -0.776053759862 0.2899595668529 0.2044999116808 0.204957590706799 -2.89744988434513 3.10482159069233 -0.236227598793301 -0.784933675651001
53371.637875 8.38357712612087 0.497923465138332 1.04524428206639 0.470899668229626 0.323205244550603 -4.85579 7.194232902 0.16200600814203 2.13130844375825 1.5788751970582 -0.721364969739231 2.3646835723904 1.20228016424333 -0.68455136344649 0.60170120829895 -2.22734038250866 6.83656286169864 -1.19393398900397 1.15955931657027 0.14376608393748 -0.25862349752772 0.96923999563171 -1.85119252262182 -2.71812860767274
53372.630674 5.26128379198376 0.43124978583281 1.05060705206827 0.471295715518707 0.327067313126766 -2.32985 7.203923144 0.162682230020024 0.509096693827579 -0.35441858072353 -0.62559725566743 -0.0350573281882802 -0.88046671827705 1.09644646992561 -0.85475102557007 -0.742639713209011 -1.10696824008457 -1.88341221409579 -0.0232015895190605 2.41772550654928 -2.23257130967298 -0.37223313716955 1.09804843619448 -1.30385318926506
53375.669959 3.84497345473197 0.402695064276849 1.04934131486535 0.468987449320404 0.315179287354582 -1.69767 7.195289451 0.163030017456197 1.69748729674805 2.06023186735627 -3.58032810756448 1.69496874616619 0.75246710524569 1.64558730762187 -4.1627977155795 -0.5971007868354 -1.70587000814552 2.40308369569521 0.685203372324221 1.37828649276434 -1.27894324934148 -1.47355204085412 -4.37197029433613 3.11980787785631
53376.600699 3.86469191494032 0.406037348531694 1.04575064616433 0.468930545959998 0.321492919244693 -2.87229 7.198693001 0.16226514178223 1.53617891058762 1.27446080240286 -1.09977182595137 1.71358877739913 0.47831032039901 0.55181279432428 -0.637241412356429 -1.63719248504235 0.12425997011845 3.21115292735686 -0.58521481122094 0.193685451248601 0.45891961821187 1.17885868623309 -7.66766875268204 8.14850404315635
53377.591542 3.45211435982315 0.363076637187249 1.04704193989508 0.469496810559687 0.315591610342677 -2.08365 7.197873804 0.162566175297717 0.532169974298549 0.35606419828526 0.42855055154067 -1.45976335804934 0.96280466061095 -0.30410606552487 0.68727997112123 -0.22808866440157 -0.63257420609258 -0.55608477798113 1.05820155039875 -0.63519174280804 0.19316766716718 1.43947263377963 -1.65730481028603 0.0593889589594903
53378.633806 2.85252571890021 0.468179238257201 1.04733649009179 0.469532743398089 0.315659766015299 -0.62077 7.194976437 0.161705519741127 2.13643769445762 2.13643769445762 -1.71358468909979 2.00703260564521 1.25447600448889 0.56652455709169 -1.33902270438997 -1.44950439458491 -1.60868322739075 3.51253114999326 0.75639353556487 -0.38700798184518 0.47736323816668 0.0620172736770197 -4.45297533106902 2.49195005786946
53400.613085 -2.82022092912923 0.766823359477083 1.04529072723694 0.469809863001495 0.32216020200774 -4.97645 7.200437829 0.160850434516592 1.00962194212604 -2.40580494601292 0.87891855450489 -4.51049412258557 -0.14057233244557 -1.8138761978105 -1.24955583545222 6.48373348369345 -0.90279456397327 1.69973517375173 -2.54673680016197 0.95990586180285 -3.48548089654118 -0.11755602137676 3.92512286383946 3.48668241848239
53401.575875 -6.71671373567357 1.35640022048697 1.04772007745056 0.467958156016015 0.325995973349939 -6.17467 7.203408805 0.15840373148947 0.267291972043322 1.48915816950287 5.43047647031135 2.53981321048448 -0.910604612616001 3.22774099705802 2.28177844657004 3.57328935617513 9.86870725548926 -1.87660305952065 -2.65033732692211 5.67316719509222 0.45606230226414 1.80154956599244 -2.05613035257741 11.8033173180728
53402.609172 -6.11066670317874 0.825122038316967 1.04400166464194 0.468634731785515 0.325462929676305 -0.92557 7.196342342 0.160465421349646 -0.00839023205145475 1.24960527726618 -1.08557490953792 -0.63888626869233 1.60229335127388 -0.31973613798298 -3.02634890888295 4.66419728717301 -3.9990777419209 -1.59813912747436 0.74288203706009 4.48740245046969 -3.36427370205545 -3.2471436330429 3.84450771578714 3.32894658660005
53404.583247 -5.50693991149546 0.440774266467004 1.04409876614592 0.469808703291443 0.32822787596562 -3.86167 7.197235721 0.162402352610224 -0.21739761461493 -0.00312494932160057 3.17992047046242 3.19966068447071 -0.59147221597834 -0.73947430214588 3.56849430620629 -0.04933164771009 -0.48758581549693 0.76071566663283 0.76796845880636 -3.08053765853526 2.67252953184529 1.69005837502033 2.44598872187371 -2.5863121047534
53405.574393 -3.84427955481295 0.484082235217683 1.04315621701737 0.467412351402668 0.326250246450204 -2.42764 7.192729634 0.162355485932459 -2.05870297713431 -1.20271591320241 2.62162784702788 -1.1540241908372 -1.06786915171393 0.43091196957019 3.04905881887633 -1.43580008285054 3.81105525095884 -4.01671497505201 -0.32645276010101 0.42504934386093 0.86488152444461 1.67574777733954 -0.0881534213605804 1.23325875834151
53406.572426 -7.80347500602075 0.599952429123014 1.04618196763326 0.465518344454182 0.31394983034381 -1.61424 7.192951779 0.162557438420215 0.826696475720912 1.94624254567813 -1.69427247693335 0.350035293885639 0.680261740472881 2.24462949375613 -1.99632866909312 -1.75371168782958 0.0230272247510399 0.97936271004505 1.24392342078068 -0.90290839600917 2.42711891813693 1.11919682982718 -6.79699903126221 -1.75896072799
53406.577322 -7.80586533116019 0.649517885657776 1.04649615623538 0.467518332646236 0.314842880797257 -3.92059 7.198318907 0.161456194207885 0.367821461922129 0.81508610522403 0.45020975255721 0.152476300247709 1.22903484775176 -0.87944597583171 0.38212546998043 1.08685248504122 -0.90437782064437 0.643723588754641 0.463280971009389 1.21798563847467 -1.87236177266925 1.18835034078094 0.88703430301002 -1.97672346415276
53408.549743 -10.0040580020076 0.500741192697237 1.0486148150187 0.47037021575224 0.318621053372942 -3.58788 7.200909362 0.162502016783933 -0.0771084607260653 2.70479594027913 -1.08205853960272 3.2842330466336 0.793729406977901 1.81547073480809 -0.12660422705166 -4.14058630152633 4.8728579704768 0.515916093495701 0.2924519797731 2.7708940314384 -0.84904686751191 0.86228216951828 -5.39908884728817 2.90543753248108
53409.546793 -7.28500368503779 0.584052836652276 1.04411480044821 0.468539619512681 0.321236134911166 -4.44496 7.194550839 0.16127302421854 -0.0361779649666834 -0.26530893847241 -0.35770782535578 -1.60352784381163 2.10841622685545 -3.66892265902025 0.776083039179969 1.43841734747714 -0.0284001893662706 -0.53168110578966 1.49646938702012 -0.643067317063601 -3.35724222166305 2.64578077104598 -1.9354532782973 2.76734881500929
53410.570961 -4.07159464974686 0.679637041354622 1.04541451324612 0.47015316158437 0.321369477094092 0.233661 7.192803272 0.162730826107994 0.585916680557497 0.71190181070141 2.87939753239504 -0.18773933201651 0.17794563816186 1.13275669629242 1.3684781466561 2.20056099506972 0.79464243848171 3.33249736414174 -1.86602753656594 1.39497675625312 -0.0637731593669701 0.54328334188118 6.23371151111935 -7.41879126402258
53411.587548 -5.88723791721708 0.731215561446482 1.04423412160975 0.469042326590841 0.322123019066496 -2.38125 7.197439573 0.161278710762192 0.0261836431948016 2.36932378385341 0.417109419368439 -1.65014448366952 4.53056199420686 -3.14828175350906 0.41929450836085 3.19903187526617 -6.65122936311896 1.18519627574061 4.80548742419061 0.7061852873556 -7.56012846961341 3.13592277486574 1.14389920984807 6.57323643178327
55563.522325 5.33256527873229 0.664319171473645 1.04622695011206 0.468064505135503 0.320032605791373 -3.71254 7.502399696 0.163843029898027 -0.887253844078501 -8.20036250308456 -5.89838795316112 -14.3277079180455 -3.77936126977431 0.8121095422221 -4.58520052928866 -4.03402042724441 -7.5939404747865 -8.29646735005194 -4.28250968593804 -3.0084997093606 10.5798678797123 -11.0164625291221 -5.39040512391348 11.3874203886301
55564.555076 4.90315175933727 0.651547580313103 1.04578035813723 0.468795170471475 0.323154483478174 -2.47612 7.505511046 0.163772523533216 -1.2412898441242 -6.15557372438712 0.36209088389805 -10.2479621726923 -3.06724370793396 0.79063029341927 0.63040026395353 -1.47996553450749 -3.0157636515699 -5.53475441729917 -3.9384606308063 -4.30515774637342 11.7651684867388 -6.78734558948254 -0.24158382519059 5.63295568201934
