53307.690508 16.9401977839949 0.322802240280999 71.316984 7.212213554 0.10666757057191 -0.126635510491833 0.777749861996099 0.680201873497801 -0.302959164367902 -0.179304423967398 2.1014525735722 0.7646549835553 -2.5120641569153 -3.0535084664535 0.0699289978579003 0.2864944772163 0.544364708085901 0.973966605094198 0.784981301114403 -1.8927747110215 0.5690397751146
53307.691272 17.8495051033711 0.34318030868732 72.314082 7.211961206 0.106144641718525 -0.0344156032230991 -0.0344156032230991 -0.204536101599601 1.4352228547478 -0.719625796146303 0.804675118872801 -0.344327438639301 -0.585919680543597 3.1735537546664 -0.463974236973201 -0.585686255607602 -0.443392948641197 2.5911954093298 -1.9368605557362 0.167875534011397 0.152900116826501
53307.692048 16.7408517729944 0.363589438631242 70.901597 7.211517596 0.106486161111988 0.7682027681719 0.7682027681719 0.420904557079801 -2.4922761374987 0.2801335362199 2.0030023271249 -0.776844019768202 0.392520098327402 -5.8808065208211 -1.0118804624043 0.8812013750935 -0.1949922268435 2.3530292927116 -1.2457472602622 0.499890214331199 -0.6392749318114
53307.692823 16.332184750467 0.316804707757826 71.875908 7.211844433 0.107298678474987 -0.770829611209201 -0.770829611209201 -0.5256794260885 1.3220337295032 -1.4968360441015 0.926795988464901 -1.3807164426032 0.8111987157092 2.0214756120697 2.9319839740159 -2.1923718013365 -0.734954593594699 1.7962081770396 -2.0240576337773 1.4493388737128 -1.339602081356
53307.693587 16.6927026345139 0.33235568385647 71.516917 7.212075643 0.10735703561193 1.0170122629376 1.0170122629376 1.1058620018079 3.3399460378923 -0.144585198394299 0.9848449021619 0.6564480299233 -0.105580831679799 -0.112795489690098 3.0305495894873 -0.2607354544899 -0.9267747645396 2.0341724550077 0.300525633827299 0.309572765451403 -1.8771895180614
53307.694351 16.6592243233568 0.379985920242767 71.285752 7.208658701 0.107450699287942 0.9911904220087 0.9911904220087 0.732036142475799 -2.275864015175 1.0036723861815 0.853895215248301 0.1792383322055 0.265726041986799 -1.0527588328475 -4.7145098135765 3.0610178184223 -1.0126918906166 1.5292517973983 0.0846731447395008 -0.0968302544551989 0.098209794749998
53307.695103 17.1770712203721 0.359976566395205 70.678064 7.212184751 0.104782998551507 0.639239107643601 0.639239107643601 1.7157246670886 1.4822951770812 -0.335051353071098 1.3706764685996 0.0959279323153019 1.999797422375 -4.2117968554604 2.9310758235218 -0.3769403268692 -1.5819751199817 3.4680234477299 -0.944688480413003 1.7203290998659 -0.6074825890745
53307.695879 16.7218553941759 0.359827078472384 71.659033 7.211073456 0.107703455286414 0.786171308429299 0.786171308429299 0.364428960412102 -3.6472412477468 0.9808120082791 1.0639594036169 -0.054165045312299 -0.254167216819098 -6.7876519171264 0.2523298224424 0.2955433812655 0.288358271647201 1.8636768124039 -0.942022914418899 -0.131181870077498 0.0758275197264986
53307.696631 16.5011103452846 0.356065400859425 71.517661 7.21145548 0.105668647695485 0.645489037657498 0.645489037657498 -1.1662563346709 4.0224149281619 -0.869082918669701 1.4573706531818 -2.6213858285327 1.5633740081421 5.0140039471528 0.2334687088462 0.636498843675199 -1.8674003125694 2.5870989099141 -3.2403649687569 1.9981934578381 -0.7533896092385
53307.697418 17.9452344331669 0.381567097249987 70.271206 7.210278331 0.103933686486743 -2.0083167824651 -2.0083167824651 1.0300583350388 -2.5846806475739 -1.6947347691363 0.4005553941081 -0.128899101666601 2.0513559166452 -12.7011859978294 3.9521427354844 -2.9331362606895 -0.501705525306598 1.2263781037616 -0.991102771788999 3.3533939673665 -2.5381244064456
53307.698182 17.3983204807859 0.363430682729343 71.939558 7.210927928 0.107709470758663 2.1173738221612 2.1173738221612 -0.00395871351329902 -0.623350030086 1.6966368185077 1.1069303470012 0.6472458817817 -2.5957773980776 -3.3019254627634 1.9254296317714 1.0776042978084 0.2299412496629 0.970629245549201 0.1691515188183 -0.0427767476403993 -3.8137119573767
53307.698957 15.9026173642992 0.344508219649197 71.925986 7.211118731 0.108522155484442 1.1922924855854 1.1922924855854 0.272735837675903 -0.0119315493830001 0.938043167564199 0.521786824231802 -0.564501297184401 1.2195374095436 -2.3075548632523 0.00787748442660074 1.5291672593703 -0.803880359029401 0.9942572420247 -0.5029304362671 1.031881456495 -0.951560727508401
53307.699733 16.3351342667108 0.357079825705577 70.454286 7.211708877 0.105240441453459 -0.111080970083801 -0.111080970083801 0.2705096941989 2.2027863005454 -0.579689426137698 0.0553245465446999 -0.220415913338702 0.988477892849701 -7.2836585130295 3.7574594147651 -1.2016746888423 -0.0522486852517972 0.0923924917268977 -0.451201446366898 1.3890574959164 -0.573991929125402
53307.700474 15.6584973123593 0.358430571254579 72.712032 7.211127737 0.104523583021909 1.7091169203284 1.7091169203284 0.614743363639398 0.3898180824908 1.5123326075171 0.2411205525583 0.490454166399601 0.00446928955710035 -2.1633825704562 0.9721243843954 1.5557440054747 -0.475460246248401 0.609205991374402 0.127235125536899 0.845591409777199 -1.0791134061356
53307.701238 15.9529216689584 0.364711394548932 71.2312 7.211700234 0.106305424079606 0.3856321915398 0.3856321915398 2.5869282345281 1.2431419169547 0.2571485689664 -0.2322683411409 1.5160295945926 2.5430221368104 4.5993977213233 -2.1596032525083 1.2397001381758 -0.7507604463012 0.707588018808499 0.284672878259901 3.8765936923236 -0.727819647763301
53307.702001 14.7064041722057 0.357291029575423 71.163145 7.210683498 0.105703904679014 1.3500930175799 1.3500930175799 0.321094653042801 1.4491269418504 0.749242452510899 0.641998898678001 -1.8584883962596 3.9712182604878 -3.379526249105 2.7213142379443 0.594635932311801 -0.885001217205801 1.3792975478671 -2.1555012666579 2.8917345460638 0.720565558641201
53307.702765 14.9459927655548 0.330391579344502 73.431533 7.21170066 0.106135153772249 1.0822066684127 1.0822066684127 1.652649582805 0.8393734128269 0.451485516461601 0.9286350569805 0.816925090825102 0.782742898823599 0.7770225663491 1.0497522554218 0.668234856614401 -1.0255049974066 1.8489682911029 0.358047036317501 0.517950539954599 0.444688166683502
53307.703552 14.0143553581607 0.305243460736469 71.728416 7.211958967 0.108625943018119 0.453404489155199 0.453404489155199 2.1882388321164 -2.753681130634 0.212378226794799 1.6471154907946 -0.147157179438901 3.2222939366426 -2.447368087358 -0.0923059622428006 -0.0781770352862985 0.621053741204999 0.989043574685001 -0.8369350103599 4.2944456711318 -1.5848129878311
53307.704316 15.5177830667949 0.300753515148532 72.173175 7.213070619 0.108623878563282 -0.427376792449099 -0.427376792449099 1.5663019654414 0.8475168141825 -1.4501586160568 1.7354533376448 0.512768109782099 0.3529777917819 -0.6441862427864 0.210515975190601 -1.5609000870141 1.2501062718682 0.885583048754102 0.674996679713598 -0.105214036018999 -0.404948665835299
53307.70508 14.9808253304618 0.379128797612913 71.646293 7.210815842 0.107219886852706 0.699033712835201 0.699033712835201 0.386255635080099 -1.8664354035965 0.742806472347301 0.6427850214776 0.158874172730599 -0.202302848637599 3.6609869881988 0.2683715803336 0.402407882170399 -0.0297727693941994 0.00931347317079911 0.5689392224097 -0.3286913979272 0.0544031268997998
53307.705867 14.4044708066046 0.344952908732116 71.791775 7.212184961 0.108405269045105 0.5383699900281 0.5383699900281 0.478912897665801 0.2220474710878 -1.0275378686248 3.0600428846811 -1.5070510816042 0.9548767499855 -5.2891517220301 -0.594806786387201 -0.552981617738499 2.125920873372 0.7831839213479 -1.8871118834499 1.433891983619 1.0919519828037
53307.706596 14.5887269699721 0.32384882819717 70.05283 7.210367096 0.108164972083058 2.2138667447607 2.2138667447607 0.9170305225162 -2.8072476798014 1.9971782497717 1.5679701151036 -0.4489653462434 1.2303642895612 -5.0597561752967 0.590351465002399 1.674201314499 1.1631224897559 -0.484265460653601 -0.0857702468639001 1.6951231105385 -0.239475664940901
53307.707383 14.794986891221 0.398476672860584 71.600157 7.210596611 0.10689725363535 1.5110885708493 1.5110885708493 0.9725368252126 -1.661691115891 2.1120615175905 -0.5575276984972 0.1493342488306 2.3464615416691 -0.899241876177699 1.4218283247463 2.0267953903993 -1.6964475657257 0.2239280376478 0.563389818655001 0.831081726179599 1.5535154525806
53307.708136 14.6945673227913 0.373464374156108 71.807312 7.210666977 0.106947925422831 0.428063676190201 0.428063676190201 1.8186564690512 -0.986388984548599 0.192698674384499 0.8557209226114 0.8107377768854 1.2667735559769 -2.3814050997475 1.271606213392 0.0149748224689006 -0.298687822184601 0.723498574020601 0.416087837030799 1.4077148711189 0.901238315215998
53307.708923 14.2989806485084 0.327016525365598 72.110315 7.21222077 0.106440117769039 0.930228421612801 0.930228421612801 -0.148904890412501 -1.6359614740167 0.547043517549 1.4342112998696 -0.753651791808 -0.255166804336699 -7.4022643559714 1.3566888237335 0.281879290531 0.423337291428298 0.855037806543502 -1.1261167346835 0.468208673982101 -0.104649772941201
53307.709675 13.8492824121239 0.394334900208793 69.1063 7.210413239 0.106573872563215 2.4967468814347 2.4967468814347 -0.5763093054873 -5.2342879615755 3.0208704694319 0.993766536486401 -2.2083570094361 2.4265392302665 1.8847090718067 -2.3424892479707 2.5616595018578 1.6918411753616 -1.0579215827003 -1.5855565355474 2.5440785674079 -1.5259431799828
53307.710462 12.7214928265189 0.37405714873797 71.587875 7.212203234 0.106098438119527 0.7328174019357 0.7328174019357 0.247942868137601 -0.199291257308001 0.0412899467841008 1.4655765200042 -1.7707971545408 2.7161312964865 -0.569148327569099 -0.2509857120159 0.1834925936902 -0.2386636504528 2.564093834641 -2.1235003168982 0.3392946128614 2.2304414364814
53307.711214 13.3441553074022 0.295282903140916 71.935133 7.212697142 0.108732870986835 0.266609613070999 0.266609613070999 0.528962063963901 -1.2035512251977 -0.0473440356830004 1.1372907834502 -0.604491306967301 1.195489647016 -0.142606727194501 1.9489853764014 -1.0943365740231 0.686371837083801 0.3805773771929 -0.7055710947793 1.6996012500087 -1.1238237627913
53307.71199 14.7840725028374 0.336853311602596 72.942073 7.211643525 0.10594700303938 0.278422712268499 0.278422712268499 0.8453989090207 -0.451529202578399 -0.312913101561501 1.3848994502404 -1.1752971119643 2.8617995786014 -4.1531040696904 3.4328810167019 -2.2379207048912 2.5252650396152 -0.8251522412684 -1.2600799817393 3.2145207644279 -0.301931337111501
53307.712742 13.3910388750024 0.324759599725151 71.880152 7.21248921 0.106530381388081 -0.499777868617 -0.499777868617 1.3452716137521 -2.3067588607626 -0.6352044715525 1.222727930489 0.6688240615076 0.1185038652022 -6.7786341294959 -0.2932442805111 -0.463038607904 0.1055784454694 1.3027749775844 0.2065561016624 1.0679057536972 -1.7684306899986
53307.713518 13.6153662779788 0.348763434553529 72.150146 7.213390323 0.10512803250387 0.3333747950802 0.3333747950802 1.2490131948955 3.4181792785563 -0.556932062511098 0.429858944929999 -0.8355087536982 3.9986069895891 7.43528379406557 -2.0793440449355 1.047924000961 -1.2713673744168 1.6142456500737 -1.4155007599482 4.0250358161282 -1.4248529918708
53307.714282 12.7109838494681 0.312021314165526 72.300786 7.212377597 0.108360361048657 0.587978267967999 0.587978267967999 0.639936286479701 0.808013147517899 -0.4507786817361 1.7810769539154 -0.4958423406968 0.4914523486406 4.24456837034489 -0.2431839874397 0.2193787668515 -0.8434172001416 2.3624683390837 -1.1004061166916 0.6379224389967 0.2646033242775
53307.715034 13.1292275165014 0.327049196619551 72.792919 7.211654047 0.105933686220212 1.2348327962236 1.2348327962236 0.277854623239699 -4.2726370289617 2.0287115372191 0.117051247560299 -1.7444234135808 4.2107935116854 -2.7438441111286 -0.00703368604900056 1.7345672380161 -0.7437476989319 0.4563334434909 -1.8816116974446 2.4386113447596 2.9927147721773
53307.715786 12.8400023854756 0.343816521610234 72.60596 7.209893214 0.108921352798907 0.143937635787701 0.143937635787701 1.4735366404798 0.107814442478499 0.209797802537901 -0.1749877903202 1.146790378341 0.880606179351799 -0.817636246722399 -3.2537810463167 1.2946494462052 0.253790481452899 0.134835859727101 1.318289396043 0.2802037805158 -0.81311035103
53307.71655 12.7531030844364 0.315713124081785 72.413311 7.212733402 0.106824765421239 0.9188400353713 0.9188400353713 -0.7392942651149 -0.0754301299933999 0.5053243971287 0.869356400118301 -2.4799163246338 2.8070441595153 -2.1379016238127 -0.593221079717901 1.4431537699704 -0.807269068346701 1.154796542107 -2.6987389680586 2.6002335440836 -0.2234834288715
53307.717302 12.4616539521275 0.325566195244036 71.917464 7.210959867 0.107680593466539 2.0394114892445 2.0394114892445 0.217848731712401 0.726633327631699 1.8576075356946 0.0682994840216011 0.0976126151566987 0.1819038791359 -1.27039552989809 1.88947094734059 1.9951238799954 -2.532063041072 3.062110774254 -1.3026312244276 0.892445609900999 -0.7862347499414
53307.718066 11.9257421463339 0.310839320092897 71.348531 7.211103745 0.108648340915883 -0.6310140243862 -0.6310140243862 0.7553487244998 1.8302964370439 -2.3882058420102 2.8018886857574 -1.1363498036084 1.0101562209209 6.96478123434142 0.6637648087121 -3.21068335598745 3.08198279593045 -0.3247707454876 -0.980708225814499 1.7263141542105 -0.612777622936099
53307.718853 12.7376624144099 0.306848138541409 71.427422 7.211511605 0.1068328130341 1.1347661079681 1.1347661079681 0.411052003455 0.556078451073201 0.4757039059433 1.1011054375392 -0.3627426577217 0.462677866240799 1.54872767544903 0.889932224302701 0.288615199802999 -0.123767627153301 1.4350896963631 -0.535762951035199 -0.00466621409660029 0.0858759821154997
53307.719617 11.7262997714091 0.289945188777422 71.078448 7.21257818 0.109400813642274 0.7723939083915 0.7723939083915 0.4498656531075 2.15018507808188 -0.250004272608299 1.1601895563385 -1.0362972499937 1.9122758838635 -2.293241750299 2.3151740300651 -0.684592888334999 0.824326311376499 0.3623969736971 -0.726197814788099 0.920496736626699 0.434675204430901
53307.72037 12.405645379565 0.295382536978204 71.556529 7.211771513 0.107335897648847 -0.328611800522602 -0.328611800522602 1.3016229522678 -0.0267288194532007 -0.859116299999799 1.1023383942063 0.4291665174771 0.6533121963779 -1.6482509052989 -1.0351716551158 -0.561407272182299 0.895754107469299 0.5774086109958 -0.239701057673299 1.5055077984275 -0.2040198955692
53307.721133 11.847093757843 0.294068979571949 71.860085 7.213266464 0.107589634179331 1.5204641445546 1.5204641445546 -0.2187545355913 -0.1913766305991 1.3589803964288 0.4077245996302 -0.787888253442199 0.774682258611499 0.73342263173968 0.1355494189617 1.2410785898464 -0.1151223787754 0.789288172934599 -2.3214260485761 3.0963988090392 -0.8649935151773
53307.721909 12.2634203477571 0.283858762221072 71.548893 7.211554098 0.107587735811935 -0.443289765647501 -0.443289765647501 1.0872793645417 -1.1670950103963 -1.0020370312201 1.6317574390945 -0.2564511102983 1.1035458187266 0.0654263182454997 -1.7605752588796 -0.316314311204 0.421667128731301 1.01853809201 -0.517376442016399 1.4856397894332 -0.464773691916401
53307.722673 11.3987809966249 0.301444654711075 71.231928 7.210297623 0.107922497652438 0.469857004283801 0.469857004283801 0.8754381912913 -1.0414251581401 0.7112758496034 -0.0570192984789006 0.5780664664989 0.7002566641124 -2.9070501849084 0.631164964374101 0.6807494090336 -0.6908142152073 0.488257511605999 -0.00325843791119951 1.4404664287621 -0.194333845115001
53307.723414 11.2578040118851 0.347035582725352 71.138138 7.210353542 0.106256910605667 2.24052322260038 2.24052322260038 -1.0790853034871 3.38323589051478 0.521515375982901 2.0873071331335 -2.6402300285548 1.0804755265173 1.39719787740025 1.86779418765837 0.5803292417535 -0.658680783984099 3.8736660520987 -4.87010081935791 2.01764904996901 0.9305665536662
53307.724201 10.9216669934862 0.292104604373904 72.812657 7.212520988 0.108743564028621 -1.2456796773338 -1.2456796773338 1.6145114057923 1.2323360919316 -1.97231082788997 0.950893085285669 0.5232781243283 1.2995140736357 -2.1142922329843 1.1651616343372 -1.8076541547101 -0.26309714554171 1.21526225156761 0.143708169602899 1.5165151085415 -0.6335985492719
53307.724941 11.6934523224872 0.286504932238118 71.737015 7.212769539 0.109136506647569 0.4305093734884 0.4305093734884 0.527851695936601 -0.941272652955599 0.271746349570899 0.723781714588501 -0.7458860054717 1.9415663156542 -0.7965067787087 1.859281157202 -0.7788450207147 0.5686565546719 0.357391978377899 -1.4507778045493 2.477478851569 0.378154442236699
53307.725705 10.6215471436324 0.315869807126844 70.033159 7.210641109 0.108313181979916 0.271990564680699 0.271990564680699 0.116068019500601 -0.420754294457302 0.3786845218641 -0.0407594180241997 -0.313980304527499 0.9561030592231 -4.78784811078865 1.61018432565815 -0.2847599700532 0.0615461675238009 0.4292624105814 -0.681222701880401 0.9257427792918 -0.256143332401299
53307.726481 10.6356575141325 0.353644758401894 71.73065 7.210437164 0.107582414500418 0.0879496365856003 0.0879496365856003 1.3886799473813 -1.15887237581388 0.377742663141179 -0.113081404322099 0.8491242169811 1.2742412960934 -2.46340728679585 3.06128311615695 -1.0200843613357 -0.0366589946558005 0.0585400667265006 0.2314304762674 1.9652965511207 -0.0789190955289012
53307.727233 10.721506876406 0.368109525925775 71.392696 7.210609251 0.104436130774093 -1.48916192478478 -1.48916192478478 1.56371201454718 -2.034864762461 -1.12301630803751 0.0707981298742109 1.3775027714929 0.3186944268056 1.1008930143949 -0.0821391850483995 -1.4768735429454 -0.43865590098001 0.75211254771591 1.297012838216 0.1628590045891 -0.7793886761875
53307.728009 10.2883608138053 0.307799190833324 72.973567 7.210301869 0.107123216563194 1.58572310465137 1.58572310465137 0.770028288120701 1.22479986284039 0.18703984770055 2.32674851395589 -1.0691200753014 1.4093287379252 -2.37110672484515 1.52958284408772 0.06366508723743 0.9109487705192 1.4236640034475 -1.4758605978403 1.9934539193772 -0.866452781803599
53307.728796 9.80995760078912 0.301481028174794 70.877052 7.210856636 0.108258353385093 0.0760408215273802 0.0760408215273802 0.438672299348541 -0.84009681562204 -0.26959117363179 1.05779258047113 -0.68548482835125 1.24539646494335 -5.0557900628161 1.26503690248256 0.0633977520015403 -1.99801825647765 3.41259898765885 -1.71843642523336 2.05272707954186 -2.80666822834002
53307.729548 9.090956843241 0.276511081331851 71.504329 7.211193785 0.108980375820872 0.361696514240439 0.361696514240439 0.36067135352884 -2.52857876994758 0.56400036489574 0.687838405246859 0.0678028325169802 -0.13220795648677 -3.15929155126475 -0.73758624754754 0.72867764077558 -0.53191941549281 1.5605986644754 -0.527491192312139 -0.0850808170791506 0.251154727329
53307.730312 9.04489799158259 0.302592138119634 70.972322 7.210669607 0.108508249710696 0.465415728170891 0.465415728170891 1.3443649589022 2.61867702447245 -0.591019491414499 1.03085337412018 0.80562095887721 0.038191909040199 -3.60347435626324 3.45095539031148 -1.70684984784593 1.24207334071614 0.528177121091741 0.184204781189321 1.82070084823888 -3.012693090819
53307.731087 8.62775241695866 0.325414747565932 70.151095 7.21090441 0.108743776724282 -0.0757663900233396 -0.0757663900233396 0.238331794158221 -1.405720481943 -0.37197196867892 1.17032897035346 -0.837847743586391 1.03490939799507 -0.910231749452649 -1.39378680959139 0.156432495675642 -0.376110639781161 1.96261957709477 -1.22647252683339 0.0637687718551003 0.99731423825428
53307.73184 7.8379845171126 0.292368439416295 71.202456 7.211957782 0.109684337324849 1.11655205785762 1.11655205785762 0.72701218925193 -0.844705517533311 0.56915273662707 1.48922065603841 -0.702530927190651 1.42082884386014 -2.37941981078053 1.0328778047925 0.0320501734615304 0.94209330471498 0.64057578790805 -0.838501148641511 1.43584773581131 -0.220163164805889
53307.73258 8.49137514632705 0.298388424439271 71.264179 7.209232534 0.107331094533713 -0.0786245218230803 -0.0786245218230803 -0.5252650923626 -2.0642597408278 -0.243957573671011 1.22264502925051 -1.30916237633515 0.338820494345139 -8.04066016309356 0.33924695458415 0.0414971314198809 0.0198164023225988 0.78604660984017 -0.82378601004919 -1.06559727672488 1.62827751235177
53307.733356 7.83325410363174 0.294245660002553 71.243791 7.209842254 0.108714305056237 -1.05088020428417 -1.05088020428417 1.08383151871464 0.98381682005903 -1.1833049960774 -0.157775212886381 0.84784246603955 0.67026335414039 -2.13457783855596 0.97257309517278 -1.0209371290406 -0.399587617139931 -0.12188937249527 0.36927548956095 2.48214012692655 -2.19345779726594
53307.734108 7.66973497504617 0.354740793565455 72.922567 7.207132583 0.107462418139306 -0.21354093518821 -0.21354093518821 1.43821532307462 2.13003632463455 -0.56100494237638 -0.1687972733186 1.23320231734108 0.62124196782144 -5.10413785488344 3.00108541006272 -0.845882158618651 0.03711729329323 -0.94626183695055 0.90112422453436 2.46741436045015 -1.160196555272
53307.734884 7.28693799149813 0.341405214432392 71.714668 7.20693442 0.109524563482958 0.0390579816598899 0.0390579816598899 0.72316427906435 -4.6127354492587 0.610039721741179 0.75006182828314 -0.4036878330036 1.5921833183469 -4.61168560708062 -0.4647166408382 -0.264609792289271 1.42240429221934 -0.45884995004121 -0.79407006413617 2.2262053259847 0.123736986967771
53307.73559 6.54559950959803 0.340477002568364 69.963432 7.207991063 0.105800771125009 0.58577465454321 0.58577465454321 0.4287810805495 0.775128940660441 -0.400832611379901 1.67588675102864 -1.66563838432263 2.66972162403398 1.95391287355381 2.00139173822821 -1.00154076799079 0.0788523111546704 1.88400774578558 -2.54994034920415 3.06479445483703 -0.51943872502418
53307.736411 7.23546271444511 0.62904479933434 75.209407 7.206480257 0.109379395021813 1.01501845783708 1.01501845783708 1.53552230045349 2.68753499944798 0.55447805618904 -0.0206468640800503 0.38414860760823 2.51000345687674 8.6761246313342 0.82831001113345 0.41826830845536 -0.82177205562063 1.39356777206984 0.336601338484701 0.201103412315659 1.86303292836587
53307.737117 6.65311023840894 0.44867307628608 71.710382 7.203418519 0.100950064238051 2.16630819709079 2.16630819709079 0.20416606769384 0.83070753818824 0.52312913270044 2.9741378345945 -1.50969284210547 0.47790330521984 -5.3610238145065 -1.31067498655738 2.5067754017957 -0.00324804866738049 1.42278446292941 -1.5979922191899 1.71188488653337 -0.66266750797389
53307.737928 5.34259225546327 0.267691378399649 72.125148 7.210488927 0.110947712243295 0.22537162025188 0.22537162025188 0.91571716557519 -1.64283506406386 0.61302610604465 -0.0768190612470505 -0.11658693156184 2.27470879603847 -1.97886118586793 -0.812446365863 0.34999989031536 -0.0961731740406897 1.29089523851029 -1.74527754366812 2.88152590405567 0.5025259735217
53307.738691 5.47458506920242 0.266498186673213 71.840302 7.210133436 0.110287348712306 0.66421353532622 0.66421353532622 0.82879069205655 -1.21295286938208 0.808501261505921 0.23978089585449 0.46751437527961 0.515251980241771 -6.08525029854599 -0.0474882955623404 0.829046045754261 0.23922346670744 0.36215674065307 -0.23323157963365 1.57732805481002 -0.79713175839955
53307.739479 5.46217585926979 0.296040236095365 70.650517 7.210075674 0.108530475796127 1.06659688812336 1.06659688812336 0.329146869498429 -0.0875061639326304 -0.30939318109811 2.83825488523054 -2.09597102182136 2.12539456360904 -3.77423517159716 1.97729294189388 -0.7131512260248 1.37756368851243 1.02789470924568 -1.40817747976011 0.316131417211779 1.60926870720956
53307.740219 5.20331061668581 0.270769690069826 71.848708 7.211589952 0.111022664904155 -0.38967261070243 -0.38967261070243 0.49907405083314 -4.48268199913025 0.70934862102892 -0.302802597770579 1.00753383501957 -0.75619143796067 2.59527161552049 -2.2988671237899 0.9582735199262 -1.4915267896539 1.23194023531799 -0.0794283625699599 0.86060080073563 -0.97818098895789
53307.740983 4.5140404438814 0.268447864979683 72.031689 7.210751432 0.109560452621799 1.74948179027139 1.74948179027139 -0.09638029183398 -2.65236057315344 1.63212435661613 1.41072829489412 -1.11869162646943 0.624504095751821 -1.88109915329778 -1.65067776814802 1.79178657282679 0.96332725307991 0.491567217276789 -1.04602144742077 0.38010930159564 0.18937126801078
53307.741735 3.90870263065747 0.25674174402323 71.258618 7.211826347 0.110395064950953 -0.29247451741398 -0.29247451741398 0.44729661508626 0.55850417821889 -1.32457901984746 1.89366527484622 -0.42915013943517 -0.22486336983964 -0.7151032717302 1.99954323330676 -2.31995709158674 1.65258964009518 0.58788557995876 -0.192868917992779 -0.89770910486526 0.70025839764449
53307.742499 3.42775159163782 0.275629943989044 72.282902 7.210346631 0.110827086994659 -0.0911124791970801 -0.0911124791970801 1.53046515717963 -1.60262594953286 -0.69230444297433 1.92915703805661 0.13921405689062 0.87186035260916 -3.55036033220798 -0.57237492360265 -0.51691003746719 0.72086405556733 1.40733700711505 -0.36917014118094 1.23477558517623 -0.1670322513511
53307.743263 2.63062711842781 0.273594091792136 72.572109 7.210257739 0.10922234991094 1.89860970077808 1.89860970077808 0.29291210757257 0.880034339910454 1.12218718609631 1.21027467049699 -0.52066375945427 0.40656003855164 4.0921490288435 -2.03366065549773 1.9483407799394 0.19000318281998 1.30339434140042 -1.32295849514456 1.69252005772251 -1.45212822876927
53307.744039 3.4845873850886 0.26542167044129 72.063854 7.211436596 0.110633574433297 0.0734165533272302 0.0734165533272302 0.23076113007813 -1.52568215934046 -0.15535401177839 1.13557596191646 -0.76669692047428 0.88296851015213 -3.6922991699553 1.526197555517 -1.08094314610417 1.09601069691948 0.18762466099301 -1.05512986701717 1.46515320759563 -0.4066793124114
53307.744791 2.27848675322116 0.264852584891523 71.802269 7.21013239 0.110148482307737 0.46847647546975 0.46847647546975 0.54681190530784 -1.15386821614433 0.16228934341127 1.15779880272462 -0.3544818856624 0.64135833546838 -1.06027878388676 -0.27404109048784 0.0834673643435699 0.25208406192174 1.33297517899767 -1.10787010074944 1.29194285496381 -0.46513136352425
53307.745555 2.48824057908378 0.282219102404115 70.328691 7.209888583 0.110466802571468 -0.96030394823134 -0.96030394823134 -0.32712793588756 2.80452084007885 -2.00138663479829 0.89302333389779 -1.52373802058092 1.59327144387272 3.27606349604313 -0.4159428568449 -1.08805258722982 -0.46676145713056 1.23471429808673 -1.43401404839761 0.54552455185149 0.4756404141822
53307.746342 1.78709419994495 0.26881108584847 71.846634 7.210431323 0.109549344549624 0.44782229651715 0.44782229651715 0.69762754021076 -1.7390703079328 0.764847399610713 0.11092048060096 0.0532445949721099 1.2469996888771 -6.36175999285413 0.516014374863269 0.92846925665135 -0.52004164425098 0.22177865588721 0.3697258008688 0.81129337352248 -0.49579448662924
53307.747094 2.86881088528028 0.264644271038498 73.639047 7.210743599 0.111102766975094 0.83212971528781 0.83212971528781 1.37890152032087 0.44169400031651 0.5427918894196 0.39705223699241 1.12348487066325 0.10998293064272 -0.93422183959018 0.61404190389034 0.66209710985178 0.11260424445823 -0.31164856184122 1.33305976893301 0.97182370641254 -1.50862712417881
53307.747858 1.90703912197449 0.266538678395095 72.359915 7.210937908 0.110279477312371 1.4730476014283 1.4730476014283 -0.26566457016573 0.955973712941241 0.81420380650377 0.93137204245738 -0.87421728038684 0.27418912174076 0.837466856299043 0.00955842783366501 1.09938200110738 -0.21936120916496 1.44490691553185 -1.51848838210322 0.7747586308153 -0.49021969326586
53307.748622 1.44244964055365 0.264387851993832 72.358747 7.209363847 0.110435155985576 0.11217306394387 0.11217306394387 0.46660934591658 -2.58357973650926 0.00630452080230004 1.35897170381258 -1.19178250930441 2.08305850604623 -3.28951953533526 -0.322373520825979 -0.761008010146826 1.48417361107186 0.87765442376232 -1.95677580068103 2.13674848257623 0.21856177074891
53307.749374 0.804512942655034 0.272526550675977 72.304827 7.210247098 0.109228287732428 -0.747428468584411 -0.747428468584411 0.887738881565641 -2.00237838463489 -1.05781497389484 1.49892250010794 -0.684960481693108 1.72582520726774 -7.08946068900119 0.428078669983106 -1.4090186741042 0.843503145968245 1.24850288981475 -1.18209631461455 1.67807601144567 -0.24005270127248
53307.750138 -0.137366636672907 0.288801175442371 72.001426 7.209396678 0.109283753251155 -1.09656243817681 -1.09656243817681 1.19082865803313 0.827712119084123 -2.04885531387375 1.59212243791543 -0.231214073386146 1.29124119843638 -6.0516964825396 0.871021465505223 -1.72285264400669 0.22612187042115 1.58469991495674 0.025710379239857 -0.687547010658272 1.75124617633743
53307.750902 0.085571676471368 0.265775175939852 72.289463 7.210437343 0.110547776819008 1.71728995704729 1.71728995704729 -0.533352339937778 -0.38116956746387 1.62860737930502 0.355006294286056 -0.762009032653491 0.0966524736120366 0.61615546813292 1.89303723767621 0.298627079186488 1.49330400012605 -1.16603138432305 -0.760875351306808 1.81781712261943 -2.49826220206029
53307.751666 0.582619574493312 0.300602034031276 72.630958 7.208613193 0.108886036523545 0.0887209941433 0.0887209941433 -0.48066669247625 0.366341273998792 -0.372540056754033 0.784774309002064 -0.687365454562457 -0.410493656072035 1.87405846707555 -0.147584069419103 0.069281088702837 -0.193470340679048 0.273972124746469 -0.408797006702707 -0.936631183572413 1.52621178816703
53307.75243 -0.337201146769369 0.290638985547341 72.989257 7.21044388 0.108314909513367 -0.661431670734377 -0.661431670734377 -0.281797011046977 -2.58317322202366 -0.81564344598631 1.41862011113697 -1.40549466656736 0.84540492743772 -3.32268010269623 0.854944406896307 -1.50899760058199 0.06559101212977 2.1050479853981 -2.20757449600323 0.99653097137289 -0.536183392212505
53307.753182 -1.20509237129306 0.273951868058539 72.51891 7.210584773 0.109227275645517 1.26318194016545 1.26318194016545 0.943849375315678 -0.56148226749543 1.17331866907492 0.428926166751525 0.705211141346665 0.037273033989 -0.14609164331771 -0.17471606020927 1.54858744198887 -0.360745592665266 0.0958296628381599 1.32260489103285 -0.49556369435876 -0.118992073489973
53307.753958 -0.530091304112153 0.271948009415753 71.897144 7.209599359 0.111107144849903 -1.41396000407837 -1.41396000407837 -0.234486730896299 -0.592231488119001 -0.931578664439446 -0.733461423779143 0.75693228597731 -1.33223036991226 -0.968769225614943 0.34422269230322 -1.32263331999814 0.0925962144206099 -0.725538595828064 0.545339344961476 0.50535600374988 -2.67033529515326
53307.754699 -0.429111622701594 0.302639782490546 72.729464 7.20680489 0.111550540694723 -1.46991098795893 -1.46991098795893 0.428508864105671 1.9117239943956 -2.66963923906805 1.61939279188819 -0.171649621912742 -0.479870164286113 1.96234873503581 0.451917575113696 -2.51721822777382 1.19555833977892 -0.122522350840741 0.167078465198453 -0.104436187001946 -0.08538090278088
53307.755474 -0.867187650018411 0.266678033802641 72.342963 7.210118662 0.111221906142325 -0.343258523658363 -0.343258523658363 -0.242073841171614 -2.18930249558295 -0.20312986797077 0.680310755173409 -1.3486074428904 1.60788028897088 -0.0385924608965661 -1.06226343552219 0.35567898038097 -1.21925123516445 1.68369145377597 -1.93236460735421 0.46626418742886 3.02016771684751
53307.756238 -1.54158643417498 0.309478758397622 72.172139 7.207964861 0.108880051605313 0.49455702469583 0.49455702469583 0.00754436983292006 -1.12299614896936 0.73740373771071 -0.02848330006805 0.24177701954743 -0.46962469789282 -4.46681572926419 1.81005851105335 -0.0643944700832599 -0.0120799669225902 0.33407180859003 0.19577315859387 -0.49434349819295 -0.52141613946049
53307.757013 -2.01354882485703 0.277278389715535 73.32957 7.206475152 0.109668988534037 -1.14843703637428 -1.14843703637428 0.0954594364747301 -0.885353331703845 -0.95082557275805 -0.0222635461567702 0.21746954775329 -0.23666017126983 -5.11468949850674 1.02757243496977 -1.34772812178041 0.00155776454917023 0.31353455965934 0.22649959287366 -0.61540687522131 0.0642245816651501
53307.757789 -2.43780266218137 0.277160900528145 73.338311 7.208963495 0.110006103147027 0.26354196575648 0.26354196575648 0.16085631080875 -1.194711652657 0.25146748277735 0.55207944203724 -0.44293888984948 0.68447258943148 -3.76052474710217 -1.29417682042988 0.59820957288669 0.73360210260218 -0.0540889671629596 -0.93032422377737 1.10184039401724 0.95976877148599
53307.758564 -2.23817258391941 0.296561839452713 72.747039 7.208433628 0.109614386594784 -1.74755724516009 -1.74755724516009 1.15651059226227 -0.869672359887448 -1.85971827441406 0.59492442566568 0.71130049860576 0.30276727983837 -0.779370034412527 -1.2545864370655 -1.88558821355514 1.56028364602346 -0.9685082073258 0.0420134988691401 3.83251161748898 -4.38018128406199
53307.759328 -3.76337306723204 0.331715860748451 72.566468 7.205812413 0.107666960545468 0.70156756261198 0.70156756261198 -0.438294513706 -1.6774420505625 1.36601920425658 -0.66504536344974 0.22015396472494 -0.69037750775365 4.69396371725858 -2.29836662888637 1.40616866836321 0.79315781148946 -1.77319294948417 1.01487158175776 -0.0666972811489499 -2.09401555561267
53307.760092 -2.61542115592 0.297705319855117 72.735185 7.206455963 0.110006081089728 1.7763248110611 1.7763248110611 -0.6836998397519 -1.56299158396723 2.42235957824586 -0.66526623072929 -1.15513096606931 1.71836245198381 -0.92628494415856 1.09475568281578 1.90309612132255 -0.48459713679967 -0.64941783582581 -1.05047142386516 1.51273607883241 0.40964356876133
53307.760844 -3.88651929128982 0.306384335323029 72.515848 7.206394588 0.107927576878099 1.16215654570599 1.16215654570599 0.17797613670545 -0.83373996454505 1.60212798089933 -0.53884734052586 -0.68868797366234 2.42108115482096 -0.11671590312365 -0.28365873448511 1.40747760278376 0.00121004950693004 -0.37947983925791 -1.09305281241227 2.78777597785101 -0.42981345556452
53307.761608 -3.79941759372446 0.287506776727389 72.846143 7.208727055 0.108867373154146 -1.03257504176311 -1.03257504176311 -0.486303513977199 1.92798536612894 -1.14452606957473 -0.59644482080094 -0.68698509403741 1.06591590995031 1.24535848290126 -0.17627462680504 -0.82401451165843 -0.52197710047748 0.37649743617295 -0.85337454452896 -0.207659691104911 1.77708964271834
53307.762384 -5.17360529208864 0.275991194703173 73.184525 7.209587591 0.109916664238221 0.72849702232729 0.72849702232729 0.503111376872759 0.8515603286891 0.307554381887201 0.48899604634699 -0.0340032512779702 0.60945868596396 4.55492848312564 -1.80291331549229 1.12201693049746 0.17697382251759 -0.16166647174658 0.1789791425094 0.35144417385519 0.71236076031079
53307.763136 -6.03604413630791 0.326723044558214 72.872193 7.205072048 0.108287046790311 1.9556156045467 1.9556156045467 0.76896061839796 1.02832304487107 1.70423196992145 0.07587597474412 1.34832310835475 -1.33126685969704 -1.61859970258442 -1.06374964002446 1.99638232549969 1.45971364709024 -1.38495846562884 1.83614168274724 -0.46161246731297 -1.67019602345345
53307.763888 -5.1649273612914 0.284391063687229 74.052073 7.208258148 0.110328708333651 -0.58012156785 -0.58012156785 0.16791122909471 0.49119288487837 -0.21849698360289 -0.96515533900143 0.79838174296526 -0.28129903717826 -4.98611670213869 0.23679121497556 -0.85517601672688 2.04960665483947 -2.60143592298475 1.23203442589407 -0.277908077697621 0.67323745398094
53307.764652 -4.68483797095089 0.33316839358302 72.495142 7.206119655 0.106607123039291 -0.0571908827023702 -0.0571908827023702 0.504002211041851 -0.386448084681089 -0.19272705933768 0.42589179825043 0.125983216222179 0.34563326371885 -3.97366372217405 2.02776954543711 -0.11760343354911 -1.91269463892551 2.29151505203015 -0.65320069678859 -0.457286012842 2.2924980108399
53307.765428 -5.40402787305516 0.310414015491333 73.570699 7.205869583 0.109202218561475 0.90698970090097 0.90698970090097 -0.42442079910252 -0.3146273257056 1.87583561492865 -1.82483203876619 0.54649697449656 -0.10573207705181 3.71688817890771 -1.79862656020386 2.37376831198441 -0.92200827055044 -1.10140237012863 0.17207425666626 1.00841637529336 -0.50141910952321
53307.76618 -4.97232932028493 0.313484048240657 71.931279 7.205485841 0.108364007582302 -1.44237620343289 -1.44237620343289 -0.21473453451707 0.0690690814570503 -1.25393345895054 -0.410671282130039 0.34883351304587 -0.75595729061276 -5.55469908439492 1.26691336204861 -0.73387654007649 -1.55168410219501 0.40002044533263 0.0813739831597795 0.6973447121608 -1.83414952011762
53307.766944 -5.65969830135717 0.308488728155718 72.208835 7.204665414 0.108104850112591 -0.151461045720859 -0.151461045720859 2.17943825021853 1.1369067676521 -1.04214557482714 1.33452120339232 1.15237089719857 0.75124210356777 2.65371798529363 -0.3410743652169 -0.81277713638837 -0.19736841937002 2.40403155887808 0.41089580958709 0.45715965812169 -0.3037177791489
53307.767719 -5.92119732846684 0.28452157028849 72.594134 7.206066996 0.110436469472419 -0.19613194166573 -0.19613194166573 0.6336978156084 -0.994898541277951 -0.44333215351097 0.92162575344589 -0.4528968924101 1.31151359903935 -3.66278644828318 -0.608318881971679 -0.67998482334631 1.51305550029966 -0.0235096973505202 0.20282260246591 -0.96807629432509 2.07924579712477
53307.768483 -4.69855864445824 0.283338769965069 73.234472 7.206401352 0.108459253285408 -0.73621309189163 -0.73621309189163 0.0694903679661296 -0.51784268072159 -0.74339468114134 0.23613435886955 0.13019608154596 -0.383218540825189 -4.85818256739086 1.58785973167103 -1.0157015336236 0.28085670917627 -0.78406650445124 0.78580954200771 -0.5005920136817 0.0416925450673302
53307.769236 -5.16956076731417 0.285098484568842 73.770889 7.206293516 0.109512993919243 -1.54853249169715 -1.54853249169715 -0.57707942797251 0.62227442543123 -1.43679458105834 -0.4916763896032 0.98121974340087 -2.76448830785964 -6.51462054059262 4.26651045790079 -2.69350465324178 -0.47450033153454 0.37006759728035 0.24492167412481 -1.05210099360588 -1.21706829227139
53307.770034 -5.99243512566961 0.284648039566207 74.133582 7.205271865 0.109582289877919 -0.55293834758716 -0.55293834758716 -0.16415902769636 -1.7144983476031 0.33587187018704 -1.07978523467212 1.08686580958953 -1.49159159838504 -2.83146567244117 1.71995345418902 -0.78191397638372 0.12411237116643 -1.19485273127172 1.84261564326155 -2.82943758331209 1.82072378139543
53307.770787 -5.58107679541821 0.281353185740073 72.431984 7.206572589 0.108229374773209 -1.02373663839752 -1.02373663839752 -1.40309996978299 0.537632663577689 -0.960186015837929 -0.36472708564544 -1.04659068610542 -0.36586049970872 0.0109648503535897 1.2466796183139 -1.20668654757675 -0.14133748380807 -0.78961075941917 -0.51242627360173 -0.412706440871419 -0.280561812517891
53307.771551 -6.43366871274442 0.290719416974937 72.543569 7.205646584 0.108172749958164 -0.612263380353951 -0.612263380353951 0.646450631738291 0.98508482362871 -0.47416551938024 -0.702452061421909 1.60952155096835 -1.28780986918813 5.59335277028876 -0.36575941581263 0.36451711513938 -1.58848709472929 -0.47520006512921 1.78134542480102 0.14656842644587 -1.4626558313288
53307.772326 -6.18303498411396 0.304240676737147 72.672538 7.204476348 0.109283209868952 0.47291217479167 0.47291217479167 0.691675544110271 1.06915353653327 0.31946563269267 -0.13482874985153 1.77981543868778 -2.1868694470817 0.16854105476696 0.18876820794801 0.70538986013571 -0.0421370501089502 -0.91954122388034 2.70971543188127 -1.93643906873446 -1.09578548981179
53307.77309 -6.46052778527686 0.296811801387012 70.045593 7.204919563 0.108300301340723 -0.69282603388472 -0.69282603388472 0.94726484586549 -1.07734489405985 -0.26929881714329 -0.40982450471824 1.18855436325063 -0.0716613237365706 0.40894592780061 -2.65928395363552 0.54819071009676 -0.0949962502549102 -0.35415526616005 1.51457178916347 -0.63052079976305 0.32278705206687
53307.773854 -7.26257195501885 0.306477202918718 72.294107 7.203081867 0.109474228763562 0.95319568779648 0.95319568779648 0.501788670135509 3.0583732035184 1.17232847348967 -1.76170274216764 1.62346351608435 -0.46771620982009 8.53388358671199 -0.336666251739509 1.45108418396958 -1.43723502098144 0.10435775685933 1.37538951821967 -1.33254130025848 1.47911513531521
53307.774629 -4.75575716112281 0.290295642481011 73.257001 7.203575759 0.111418186805783 -1.08460354282208 -1.08460354282208 -0.98043194609567 -0.98127067208063 -0.07329033378192 -1.64351679929976 0.0776787643739896 -0.45570037401611 0.39885252821251 -2.84302402551401 0.69040963288377 0.15800682603192 -2.28503245140448 0.97045517149225 -0.70271295120346 -0.102436954079691
53307.775416 -7.1615113074573 0.318156676986918 72.317529 7.200473671 0.106260392883956 0.28885332356045 0.28885332356045 0.24905572711967 4.96489529717773 -0.72078971471601 -0.0247540127631796 0.32649931587863 -0.140355508819701 2.58625722094811 0.94391303579241 -0.62542639776681 0.672680200873329 -0.22818138137839 0.69389361457043 -0.533938660726051 -0.98404799982798
53307.776157 -5.43725109892142 0.294493427941823 72.217123 7.204152752 0.109516755227997 -1.44891985262126 -1.44891985262126 -0.82666929964392 -1.32514174178 -0.94193664165448 -0.460267695673751 -0.63602673907661 0.0930635158013899 1.35034964705489 -0.4570026096949 -1.82019400572153 1.09840476922223 -0.74632092482994 -0.68757640098579 -0.97604949082595 2.39453228591978
53307.776921 -6.41982576362164 0.307042084009133 72.598507 7.203757128 0.109066256840579 0.61575981921253 0.61575981921253 0.319197718653 -1.25383573817728 1.63330174064512 -1.52195336578069 0.48534469845226 1.28107829673285 0.52454255248546 -1.17217574875131 1.54824293109176 -0.40181507472341 -0.68936549604214 0.0260627231057002 1.47312395858487 0.1759396878673
53307.777685 -6.21820179619138 0.310153877832559 72.697015 7.200765097 0.108072271785837 -1.55403617518956 -1.55403617518956 0.0747896081265402 1.47330972807816 -1.39183810862692 -0.92890600428766 1.82978978458552 -2.75420829574543 1.10603414497599 0.35395046110507 -1.76601846550682 0.477014863910759 -0.982620836046959 1.78746272890257 -1.08176381678139 -2.48920920292048
53307.778449 -6.55995750653655 0.298713573668532 73.016237 7.202359733 0.109265035743093 -1.32485873934592 -1.32485873934592 0.55842213401488 1.82548521833612 -1.54257100212714 -0.3370070945701 1.74251899093863 -2.16753041616812 -1.69402911496865 -0.4358785708523 -1.13776490172001 0.78504130833074 -1.26658497469164 1.72541872290921 -0.57886650894915 -1.04734261505181
53307.779213 -5.99183227539483 0.296837043846463 72.839991 7.202304362 0.10857080152666 -0.55410441486565 -0.55410441486565 -0.60845305427115 0.86428236153926 -0.0112522155238706 -1.48471637432092 0.92863708074157 -1.68685786678547 3.13201616869807 -1.15588817417716 0.12625762272838 0.117074255206 -1.50446029746864 1.05767969795028 -0.70562791585765 -1.20175676564629
53307.779977 -6.09251945977382 0.303282586299964 71.345828 7.203345471 0.107333421502363 -1.43957984977976 -1.43957984977976 -1.07896343321458 1.549771820892 -0.82003501398764 -1.89324768516028 0.66569908704228 -1.67660295246561 4.6713216705181 -1.56876258906508 -0.38475123457889 -0.66794263041781 -0.81606382293728 0.38518681232189 -0.460558066418949 -1.73772572884632
53307.780764 -7.15471180823076 0.28733671117956 73.133994 7.203591335 0.110428305627372 0.43817595531656 0.43817595531656 -0.82587380555992 1.18028965758413 0.577815981413679 -0.79697597534231 0.30856817156893 -1.54506268893166 0.41237622337492 1.66435707828223 0.51314016256643 -0.68057202004898 -1.11909322578688 1.75154763829981 -2.94807611502612 0.67402438196288
53307.781504 -6.38022723071773 0.307187882997534 72.691207 7.203711608 0.109195469640664 0.38519705290721 0.38519705290721 -0.314451745559309 -0.0422766321976695 0.95991184047542 -1.15632818610396 0.734261893238521 -0.98254778662689 -1.25604993072367 -0.27589462677623 0.95322014210362 -0.20985140778878 -0.75064366353585 1.57234481118754 -2.76977925754828 1.35158073043144
53307.782257 -7.82494507686414 0.307625806788979 71.471655 7.201181307 0.109466654452382 1.74642871398049 1.74642871398049 0.305464567724661 0.270458446904911 1.17946012473015 1.03794967042799 1.0362467921812 -2.7330088789286 1.46454484528399 0.64081209181415 0.99428752139908 1.32654665599901 -1.46207487965177 1.91875172608656 -1.52570500714304 -0.886274990709591
53307.783009 -7.28279469903204 0.304590218665795 72.009219 7.199573425 0.108363080837188 -0.82959569162381 -0.82959569162381 0.108761809639391 0.85205701320013 -0.98973526234392 -0.0382062853807197 1.06254438817117 -2.00552801739411 10.2930495321256 -2.26930479023858 -0.0149917012478804 -1.56497749999547 1.49899425965031 1.08051462688747 -2.64127995529196 0.405586532257951
53307.783773 -6.90644668738532 0.288427824336443 73.067509 7.203250195 0.10992931327414 0.12783319903157 0.12783319903157 -1.34298936032219 0.75068616917838 0.28450931772928 -0.63667831750217 -0.27998705095855 -1.59049290404412 2.43075482485696 0.0105987329889601 0.91307892691306 -0.88529092778099 -1.16296609787563 1.10724323198213 -2.5687434048536 0.64207307455519
53307.784571 -7.27336207744855 0.318979708299277 71.786342 7.202424876 0.107852906171752 -0.46912605072151 -0.46912605072151 -0.60948701748168 -1.16491469938848 0.87446174570927 -2.25224997273337 1.46375192796914 -1.97478174143911 3.81357944788505 -1.77474354008096 1.66679679832451 -2.01802696318584 -1.07675508120885 1.93451740063824 -2.18409093219329 0.785971172673021
53307.785335 -5.941046855285 0.281367046185548 71.330692 7.204652947 0.109504449560085 -1.59361718571097 -1.59361718571097 -1.46513316359018 0.0230949742467903 -0.8407240581634 -1.53224213698872 -0.20097861513426 -1.03789680787183 4.41788148182851 -2.17122813885329 -0.60654884431059 -0.0165394936663104 -1.13073014842955 -0.667711753005809 0.40967295412134 -1.14708376216021
53307.786099 -7.04175937867181 0.310195941026123 72.754561 7.199797488 0.109440356292998 -0.10650321779263 -0.10650321779263 -0.446539585796621 1.38013322694571 0.440436109502301 -1.6927161008097 0.496095640662889 -0.1735493465773 2.87967255705009 -2.30065645844866 1.70799699183883 -1.50036701782701 -0.26207052398665 0.26393069400175 -0.33130095486579 0.82299747902634
53307.786863 -7.42429103191892 0.31449596895979 71.158446 7.20170696 0.108441718244268 0.603401136508309 0.603401136508309 0.604543189761481 2.34191644182837 0.29901255750554 -0.36955481476934 1.73821337404216 -2.03558202684148 6.82706715543498 -1.39600270365699 0.687012516569001 0.465580747787009 -0.762661128719929 1.25977988641572 -0.673379282830959 0.379149806903509
53307.78765 -7.26878447681221 0.308695011921766 71.621523 7.20090301 0.107902200757193 -0.96315111534067 -0.96315111534067 -0.26681737396998 2.59238487463558 -0.720886040858369 -1.54662022155577 1.04805856738502 -1.14447945204889 8.33204693022992 -1.21766950256719 -0.03593013347853 -0.94952511625311 -0.997819745014439 0.830318789271259 0.60672951512518 -1.91994272285213
53307.788437 -7.63291199345972 0.325021404050808 70.317075 7.198895138 0.108818664490265 -1.02038861675301 -1.02038861675301 -1.59672777616015 3.29538420150571 -0.175363040997421 -3.04982504676979 1.02796596712788 -2.32126945707689 1.91251287931692 -0.69401942406569 0.56249225606821 -1.89276395786476 -0.550331233197769 -0.11104066714198 -0.37453376230696 -1.01900869209085
53307.789178 -7.38609991917867 0.317951006922447 71.841759 7.201147873 0.106036445620815 -1.44829135860605 -1.44829135860605 1.02736217394159 -1.56513435783439 -0.0926985700191301 -2.10902216082842 3.04408261596031 -2.01481042481387 -3.34642236303624 -0.59946063099001 -0.20826560582571 -0.524276322812709 -1.39558315980593 3.88845980504702 -3.07332946770624 0.29376306936693
53307.789942 -7.75607263353177 0.332118171897385 71.274847 7.199783719 0.108110668497515 -0.75758798184764 -0.75758798184764 -0.21232851856806 -0.988977591781961 -0.12335814837481 -0.88139413690678 1.05188724564577 -1.74095986415926 -4.73997765201746 1.43825260571313 -0.19847880895496 -1.26882756439889 -0.0996335956602117 1.82533492960894 -3.4743266282519 2.16676896597663
53307.790694 -7.18507207132984 0.335140058100432 71.914747 7.198477602 0.107584562744798 -1.36122188892734 -1.36122188892734 -0.0174091472629305 -2.76128576277715 -0.6496824609364 -0.30704077591718 0.57630250110451 -0.93749323769193 -2.10395390561277 -0.0760135453552699 -1.41280383809745 0.8490906133497 -1.05125230461158 0.69116579193466 -1.30299686834963 2.02409540475794
53307.79147 -7.85358965304314 0.336849139799036 71.809377 7.200510336 0.107403691801473 0.27495707130671 0.27495707130671 -0.10992406527362 0.59550759893794 0.125484259115989 0.0637981232512805 0.76681281414478 -1.94635683072511 1.66157811911987 1.92041058432693 0.40547374156603 -1.62375475305148 0.15220042940274 1.17489716167571 -1.26624121395395 -0.390622688051851
53307.792245 -7.30447380074592 0.295555755608597 71.303029 7.201908694 0.109576076898414 0.37613722746033 0.37613722746033 -0.49562970769616 -0.83882883532769 1.22385267942178 -1.36883060667817 1.05054053890332 -1.80267455161654 2.42824115615396 -0.27927797904172 1.10959746804681 -0.44549125084536 -1.52995895374131 1.5925987584145 -1.72589880195752 0.534587339717911
53307.792986 -7.17570873315563 0.327355409805091 71.828331 7.201022094 0.106659570788764 1.14391790866017 1.14391790866017 -0.79032032497032 1.13506769088972 1.6157339690112 -1.40217362772702 1.54457263783607 -3.46827858478601 4.43033295970155 -0.31522488969087 1.92576761842612 -1.24018842162215 -0.32215269542059 1.42506481374685 -2.24980277980528 -1.06117829799155
53307.79375 -7.3582766690888 0.328083857160585 71.183636 7.200327827 0.108705953339656 1.03520815584577 1.03520815584577 -0.94585346657007 1.30513548236791 1.30545827000386 -1.1217021156506 0.38987408691952 -1.65686064335938 2.15835852335653 0.7847909618936 1.44625746406345 -1.3782140484563 0.0533425215211594 0.855511860215911 -3.127525016147 1.99035141974436
53307.794502 -6.06314760435442 0.313426355719409 70.542912 7.201798229 0.108918034982986 -2.12010802529168 -2.12010802529168 -0.653391533767191 2.44192426412231 -2.00538218010972 -1.23008093703278 1.1775248815251 -2.56780543475162 3.65182813325553 1.06111532574032 -2.30416909621265 0.19430405970305 -1.84089119924304 1.59339649070628 -1.48331725804412 -0.831066450616749
53307.795278 -7.26507601707242 0.351643059303338 72.185718 7.200420466 0.105261618851753 0.18703548529809 0.18703548529809 -0.891556669762591 1.30605650699242 1.13174677982894 -2.42101666065301 0.511897160963989 -0.393405180362479 4.18125110784023 -0.12666308225859 1.01741588333147 -0.59874813335654 -1.96324365285657 1.54673366893492 -2.33144270415515 1.94591996090873
53307.796041 -6.94296574922631 0.308533014143708 70.3869 7.200751511 0.108100359704652 0.0941782121072698 0.0941782121072698 0.815316992061851 0.52634741611383 0.28093027764503 -0.59597725448459 2.30047878769388 -2.50850431873199 5.17788208523185 -0.87510532713155 0.0669150169955 0.4300503391822 -0.68546486714918 1.79969818458813 -0.52533347885599 -1.57571308158896
53307.796794 -7.15386477086049 0.318923525386766 71.38415 7.201828356 0.109682034394786 -1.60815197826706 -1.60815197826706 0.07605670717063 -1.278411387267 -0.99230391822412 -0.7150882303726 1.60454669458486 -2.4918292420331 6.61038409950966 -2.87209220072077 -0.16337914839904 -0.50111714716888 -1.08451015010591 1.64353709785627 -1.58367196418805 1.17477732962712
53307.797558 -6.91490497002942 0.327086135903604 71.122252 7.198415925 0.107840529108847 1.09273846093793 1.09273846093793 -0.265474705022379 -0.35259418565023 2.50755882994112 -2.71328557866871 1.41157364739993 -0.65375649618771 1.19374370999523 -0.16234172395742 3.2560393369779 -3.22629046359631 -0.22545032773765 1.13722325733287 -0.7403693524666 1.33549964172656
53307.798333 -6.62852730387983 0.336876895438961 72.457238 7.200228766 0.108761564009989 1.09530357184936 1.09530357184936 -1.49697219550006 0.72079301501333 1.70336883544192 -1.52920430527486 -0.49484757414816 -0.49174508589889 2.26730057974278 -2.52957006901589 2.32068040904261 0.53248381643382 -2.1307660248533 0.29984883857729 -1.24909615805808 0.81248706708296
53307.799085 -6.51470347869025 0.308082803475411 71.88898 7.201998197 0.106572622925477 0.40430726876182 0.40430726876182 -0.71914266443952 2.05197703452965 0.92309417169999 -1.92547945801094 0.29789299337999 -0.0640870031433902 0.42975928829031 1.48465139279949 0.57481433198005 -1.1482215711513 -0.1894460711614 0.31779302294076 -1.80294390280395 2.39217367632931
53307.799826 -7.31106556888325 0.317092757385354 71.792627 7.200428529 0.107129690531576 0.94424863788467 0.94424863788467 -0.30291325237767 0.787099288848941 1.93343741241023 -2.31436443497688 1.90073604845156 -2.21616352784279 10.5034359800646 -2.09848644206863 2.14792512340593 -0.8836468073824 -1.23200679475626 0.88542984107692 -0.193583911177989 0.29802277653186
53307.800625 -6.82981092678109 0.346710616336378 71.988762 7.198766034 0.106903906788836 -0.741696219644999 -0.741696219644999 -0.653363803384121 2.48980577409311 -1.00313159027083 -0.459053939466449 0.79329500333147 -2.58087377902248 6.8556594807849 0.40037079489537 -1.36326081327974 0.38802575304496 -0.57543550387109 0.35410765638536 -2.86598518500591 3.93210999638086
53307.801377 -6.15989472566695 0.326938271508802 71.184107 7.202327708 0.106605574594788 -0.50485156681247 -0.50485156681247 -1.41689989195362 -0.65107185961819 1.14080996742535 -3.06993712601259 0.83717180636906 -1.49181732335573 10.073587353749 -3.97622769520359 2.46195118743354 -2.52657778829009 -1.05077682511863 0.68583047403372 -0.91011665355411 0.14752483118351
53307.802141 -6.19557594674452 0.336935894820885 71.29997 7.201646437 0.108272980407566 -0.34528304640766 -0.34528304640766 0.70681302035964 1.94017711609896 0.0624102767362205 -1.67260125474474 2.18274492117609 -1.33543709618286 -1.46977596561445 -0.42802829289441 0.60023478300428 -0.11772698755735 -1.89847154095999 2.27884338239447 -0.39473243773031 -0.0224601017616299
53307.802916 -6.32368725039558 0.322133236256333 71.666761 7.200843809 0.108368359042316 -1.15652659556529 -1.15652659556529 -0.57200057379268 2.02095422016547 -0.0634545024164197 -3.04460086151369 2.05198873877429 -2.29002088231467 1.07076820155384 0.23305704954899 0.0285287171928097 -1.60901377834559 -0.93188755902389 1.99904486020041 -1.71932521674947 -1.57844503586195
53307.803692 -6.97357704688642 0.348511512514039 70.756084 7.200547155 0.106621339922098 2.53538956702754 2.53538956702754 -0.72623602683478 3.53256337059241 2.30456084052042 -0.90847888568134 -0.0709270541417695 -0.43261526675811 5.54967817370764 -0.1317672757552 3.47393457067922 -1.81908742088177 -0.0117225496517293 -0.42633715085152 0.242882045105279 0.79077706710736
53307.804456 -6.27216631285418 0.308752995382253 71.449827 7.201573287 0.108336028889998 1.1052425188048 -0.9116104442178 -0.572691796122331 0.69742611882991 0.0618019170174398 -2.25443210584869 2.15202293609825 -3.36546670763834 3.70802458415842 0.63722774818391 -0.13743927982683 -0.75905110464836 -2.39626323907325 2.95404361868403 -1.95079036927636 -2.1100660881703
54044.720568 14.4476718089905 0.774210499635203 75.404949 7.189956417 0.100541410649599 1.9007105829925 -0.157475758466401 -1.2007994618153 1.6045463993926 -2.4663930261725 3.996945320068 -1.8893305107606 -2.7674501563226 -0.451918061100098 -5.5790660645699 0.143643158748299 1.7376811397451 2.1586895520879 -2.593455418358 -1.3372152947906 0.5751962698595
54045.751808 -7.0345862810044 0.484371941624236 79.316859 7.174919986 0.106877306220286 0.147576903200315 3.00156078647637 -0.61277797705055 4.55685657049125 0.711843198147779 2.77068930618965 -1.8830315315343 -0.264480029195591 10.590471641765 3.27445225083149 -1.26787007414429 2.77724928948875 1.70227150343789 -2.57714795192542 -0.55522087242461 0.70251573991423
54085.823492 14.0533546842689 0.523643063816158 78.076256 7.179653422 0.108556400280153 2.05916461645109 2.9671264125365 1.5608602385675 8.16084527631087 0.2244034808409 2.3153583217706 0.8976678179875 -1.0377218264441 6.7678476739674 3.78364811590502 -0.4140843277403 1.4073762805576 1.7496438155042 0.795897623818099 -1.1779938737874 -0.9626449920941
54370.788792 3.70122270839048 0.38069944016243 72.050962 7.1911472 0.112731531092182 -0.0515455779842596 0.52207933429589 -0.2946143176845 -3.88924330264155 1.3389287288614 0.0623306952536398 -0.53501299116935 0.47806697990459 -2.70472581349788 -3.80958171057337 2.28219526106244 1.04176684546582 -1.9369857663811 0.50169397011808 2.04564589358319 -4.63533660602363
54371.773799 -12.4378933108816 0.446444206417267 78.434305 7.177164954 0.113573067060295 1.78633017815425 3.7862935083707 -0.00739933563469997 2.1333010446732 3.4343178539976 -0.189151579083799 -0.520747406222402 1.3992100151706 7.369387093537 0.874289726065001 3.6818444067916 -0.796313524601901 -0.622743707336399 -0.773838224092101 3.75733458865352 -2.73920109614542
54684.892936 -7.07279916898198 0.412555862190184 73.703957 7.189241527 0.112773648339369 -0.366758333997299 -0.668605278754931 -2.40289780217914 5.07880133823584 -1.94471402844437 0.40925179290437 -1.41140796035132 -2.90776108537422 9.97644386837831 3.32432532032859 -2.87046809810162 1.17712406676558 -1.9269101007773 0.7694644457237 -3.91923597767256 -1.1202319364284
54786.663169 -3.60419991426662 0.589142134004049 73.037982 7.181611311 0.111901059765688 1.15357110204409 2.38840628996187 -4.41634713821501 -1.80229130277994 2.91577746069986 -0.32472259805099 -3.07299927550159 -2.66583711062468 -11.0858947527015 1.66229178432739 0.66210732264626 3.96822097347491 -2.92136313797378 -2.73760774530736 -1.75336724638183 -0.58533570896162
54788.767411 -25.170352661575 0.358230143623148 77.617445 7.175891681 0.113699419876097 0.368477428611374 0.6756612903906 -0.651334876721201 3.1118054957594 0.674670566521101 -1.4153934367269 2.3216315100107 -5.7843816622754 6.8547745713787 0.449083780471401 1.0359543204926 -0.9803622555612 -1.1547669497383 2.6858550190828 -2.5064933690316 -5.4145784185067
54857.550275 3.38540777506136 0.33802299170004 79.204713 7.170388471 0.113918714460878 0.19624403431937 0.19624403431937 1.86405064730918 1.76228945079995 -0.3127943434418 0.20248433373713 2.57022915117086 -2.37186246957629 1.53769490767793 1.62119353066591 -1.02451757720124 0.4268333254389 0.28908020934226 2.37920709007294 -1.14823687364968 -2.42063795914712
54892.571006 20.4457086241888 0.615256915107306 74.170968 7.174498771 0.119361191461501 2.09095399241738 4.2562089757071 -1.9661937721133 8.9814303348177 1.4420044732138 2.0401755776484 -2.5747861216389 -0.806508850004501 6.58671143991345 3.3369384232404 1.6842860370055 0.150029936466503 2.2457516691713 -2.8427486086039 -0.351396378740102 -2.1360016760571
54894.539035 24.5703698544043 0.47589650992989 73.811317 7.181479068 0.116208898739027 -1.6131815751882 -1.6131815751882 -0.629544175780499 -5.2988641301061 -0.7578246912609 0.506360358089502 -0.226001884580199 -1.6310334663947 1.8537161859821 -4.5640699403427 -0.485824281790201 1.7728426359088 -1.3146807421769 1.1401285366533 -2.4709106174434 -1.5314093193751
56936.848558 -574.797870543042 4.23632959482904 -26.30638 6.816396385 0.167895114433091 1.42686764374719 12.641275482581 180.028515444924 123.304502280392 -68.3925761058309 26.498213931391 6.62833159638103 354.199954457488 27.6044705169249 138.839115879086 -128.022945900677 75.500807325143 -43.8297715776849 -0.637635320464028 259.4509823039 84.064030590801
56953.716151 -567.03429699937 4.24037154852558 -27.42753 6.813227225 0.172051559648068 -0.234277759197769 8.7643317195591 196.212846639128 105.840933462155 -73.3765789212021 45.771832126204 77.352689076864 215.920873628057 23.6940923996031 120.303788712415 -121.341811753199 48.481028724815 21.4518747134521 -40.2231685066261 318.054999559991 26.771031804344
56957.846968 -564.025107699045 4.27926360255007 -30.09254 6.815277301 0.16549599670416 -1.08362693960452 12.045630003262 180.727724505102 114.978605403574 -77.1725345961689 51.695500390986 112.105480556668 99.88073078976 15.6127732362989 134.790133337639 -131.607131965102 74.7141515599991 -10.442746424629 24.16100389105 248.291687111003 -54.689221186795
56958.742151 -564.290057967827 4.22425586131338 -32.19762 6.808340053 0.166951558322388 0.716360946379021 18.417562284514 177.372356079766 114.425926873381 -69.3845697533681 47.28906044985 86.71258203191 152.782250449122 24.271591303145 132.981463821071 -129.182061851862 69.926949539171 2.49339825146296 -2.60645604560796 319.320346120407 -161.86866391525
56959.671038 -552.329492437351 4.20937721806401 -28.26279 6.811551997 0.169818435685232 -1.05701753670292 15.191752359871 213.961270365077 120.58393255013 -75.027831632742 45.263403290894 145.641684234034 105.240559583951 26.5324040277241 131.692504866021 -134.99276016078 86.380195852439 -24.439298892623 24.1372989299171 330.257808946338 -103.673795811883
56989.607087 -581.854152606109 4.23654384808839 -23.18268 6.818945604 0.17144464089948 0.0879265201553908 -1.11003631030894 139.691143443269 108.691098428232 -68.28014341826 15.601654267041 46.313309027856 189.329286764724 6.79249818410699 130.911049817508 -125.98898067054 75.942355637291 -54.789101916555 40.219962257096 86.0401429376869 206.63572986038
56990.717359 -579.636786466806 4.20128509503713 -26.49092 6.81425861 0.172047619147903 -2.63703703506935 3.60166677266898 173.554998566008 120.669467171405 -67.329947550395 8.68714324235896 29.781085010012 307.175497736315 35.0414988113799 127.168772058468 -127.068848572271 81.593920076401 -73.538409931902 36.961492145546 92.124961409603 360.634372776764
56993.638757 -608.907163604322 4.20701534313873 -27.72675 6.818001171 0.174829090908365 -2.11841883171303 -2.11841883171303 81.670653197291 114.556426984489 -72.1539458917799 13.6195119823419 -11.559167290647 191.539350780747 19.65553573891 133.826733437006 -129.431014849055 65.59769275899 -47.038967608225 45.430364505573 -67.975328775502 318.808281314787
56994.661945 -591.498823956653 4.22433904017717 -25.64349 6.818062958 0.171250802750915 -2.69377047857265 -6.39204035888997 138.313598045756 110.916008002248 -62.418513158221 -7.93651959906299 34.25445960718 236.254973163849 15.2876066035179 126.501887199124 -119.705550802366 76.6036184368539 -91.0457180648019 60.1462015950169 72.919397876394 246.163988964137
57008.732293 -587.071356330429 4.20026937665832 -27.04239 6.811492742 0.167917189188493 -4.88803946733589 3.67313315348508 147.559341016412 113.880796303124 -62.721001172788 7.28688974602596 -44.4233967438099 418.369012962356 22.016957020087 128.172895015961 -122.351501353539 52.3549230414339 -15.037067422314 0.906847081416913 83.468112956533 311.653205254448
57009.706466 -604.053159643829 4.21428337540933 -30.45532 6.808607126 0.163963638674852 0.338072132181343 5.83653924162002 97.1436189837719 109.24047890661 -64.4524943576889 19.466737841968 -53.432836170593 316.601089495028 14.9566923456219 131.244161743949 -119.016173530676 46.672294663194 -5.12002795920398 19.374696349046 -46.2803807575769 342.828205364934
57018.611596 -621.244438875762 4.20871167677277 -28.39721 6.806429685 0.165094217713278 -0.642840355009776 13.809038439931 39.6612033878371 111.846562862506 -66.9904586096731 36.438088187406 -124.192684303479 331.124481041486 24.139779193329 126.010188896767 -124.879528998088 69.5057802506919 -9.935231022935 -46.983798144235 0.159869871682076 261.412712178522
57019.625102 -606.631816364578 4.23344232623143 -27.56274 6.814143578 0.164311616584581 0.115043506393308 3.36593224201999 98.782731021293 101.59663801142 -53.536150284561 3.58978862147399 -80.20066289447 396.981052787762 15.28485852518 123.098390133936 -107.931604690435 49.02376293155 -32.1310115944069 22.947600420231 -65.7015271228111 443.945903242955
57020.629973 -587.965251612042 4.20847800196685 -29.35613 6.811458923 0.168435421345381 1.09271808616607 7.70439647390106 163.729594485002 121.466310494711 -73.995690037348 28.0984834783781 -20.574623937668 386.020972540595 36.525926781815 124.786491292421 -130.505906821385 68.680859129089 -20.762640481213 62.131510316701 5.48659136031006 332.942105666473
57021.629127 -610.185360622889 4.18995271395123 -30.81884 6.805844429 0.165673768253422 -0.531448049398371 -0.357746097838003 111.804518233462 118.279793122289 -71.468312419315 11.036055881357 -69.980452925653 398.974821136696 21.33803067471 133.18821450026 -132.17592956806 67.687489754888 -39.6333070359469 56.3445051699199 -44.520640346282 325.176821306278
57022.647145 -616.760674054096 4.19940385974063 -30.58569 6.812223796 0.165139624197155 0.370765654770185 -1.05769917266196 77.6722284033719 109.099737532545 -71.916802542682 20.461896162177 -61.624155292747 294.244811900352 22.4757642484529 121.923563276181 -127.003011750511 53.014034464422 -4.30704664097198 -0.397587345461034 18.462992905637 195.038541367941
57051.623308 -628.766228800733 4.20241472665958 -27.01132 6.812366233 0.16748264170342 1.22162069820082 6.60880794515606 37.3646700209219 104.450417448939 -62.169327465837 21.120354498712 -123.112803158544 339.139429336272 14.222279504088 123.290378328263 -118.173822284404 76.39164137482 -50.8461715007051 0.663493922018006 -40.895451151133 268.352711685871
57054.634532 -633.749380296414 4.19768961218852 -30.13411 6.810214753 0.163910172481438 0.946901307452413 0.594676426695059 14.541356480293 116.278980375578 -72.347665202018 16.899261913285 -111.108170279898 265.500064972412 33.436275825725 125.115365891803 -130.074342590927 73.483428605278 -50.993485364882 47.385410989465 -88.039337100803 124.579480654661
57055.565159 -631.15885978193 4.201684102087 -30.44169 6.807331618 0.166206456466151 2.6080558421805 -11.626866065001 27.659748808333 113.696483566544 -74.8390447074939 1.44189398969399 -138.171274996153 372.603605198336 11.767876462329 137.132665193483 -131.287184501859 62.751683146497 -63.0387088142061 7.04755489522006 -6.49351572318506 175.622044448421
57056.566454 -619.03166131486 4.20314387482416 -33.26359 6.813681983 0.164781816763595 1.50616381027545 -0.141149773940924 53.865092147856 112.02384419552 -67.812442929349 11.612217337934 -120.274019894511 379.841037847409 22.119707903532 127.172627399401 -126.030688243431 75.374760585269 -60.898439080339 32.099860812424 -12.206023740421 173.53599775888
57057.560562 -618.508611927594 4.18613914625027 -29.90035 6.808679138 0.164245208788126 -1.88064500451477 -0.858216767531076 69.082381294721 110.338030279101 -66.131773231928 7.89814193608402 -127.652404803847 435.230145852549 24.989901936922 124.208408334907 -121.94094008863 66.173550091515 -55.233283641123 42.217384939531 -72.544094417556 329.339646542413
57058.572019 -612.158338340152 4.19105745711688 -27.78596 6.811319261 0.163648627509288 0.938312050106196 -3.2256975291599 95.494377052382 109.607577413711 -64.357370480485 1.23114281786297 -95.435110502981 428.305251460543 13.5433128750179 133.391855567303 -126.826598870998 68.952940520425 -59.2173613051241 60.880054375704 -54.903740860722 321.651899977216
57103.507064 -614.405422081337 4.28106509977764 -28.28689 6.812125781 0.166771805396384 -0.534775804630971 8.05711890150894 63.136364404373 125.700720580856 -66.2793779994049 14.84233630796 -77.941396813197 303.602982870032 53.1384997950911 128.544473300525 -128.100897148089 60.383544430127 -24.889580172544 -6.81054084176606 54.961624658198 125.240849499442
