52986.677465 -4.4653449751217 0.580130080317275 -2.85814 6.020249837 0.158634500291599 -2.60705640525234 -6.33070450635968 2.75896850757132 -5.51653185031424 -2.5608515100901 -5.02690251360311 4.92547329085021 1.16534532001404 -3.83457568142676 -3.54560462640245 -1.48831108237661 -3.36291937844352 -2.67342782404213 4.80148914099056 2.39782931895445 -0.87145009090567
53056.520236 2.29931340975617 0.515257816111467 -1.85255 6.022227129 0.160482705887736 -4.10713033570732 -1.3551132350382 0.86896057467873 -1.43197550709994 1.55811998685785 -5.4149292684034 0.557803961242167 7.5591102296214 -2.88413385879239 -1.12017009616762 2.48945502383646 -3.23998859142945 -3.59408351025041 1.65068792509035 5.33086318672808 0.78246436250797
53289.786871 3.89864820713198 0.493759927965143 -1.72649 6.022077949 0.161133612093765 -0.278918499975795 -3.29002146268281 4.13055767959463 -1.74484828433185 -3.16228707561234 0.66337827092861 4.36059190339052 -1.34113391290525 -2.24465873490428 -0.88107765209979 -3.12297296437717 -0.17989258140862 1.87571049020164 2.64440273047991 2.0810630037236 -4.31253587722702
53296.845142 1.00409911658896 0.556706410417714 -4.2705 6.028584848 0.156945774282908 0.61484585223471 2.35896975852637 1.36997825787378 -2.15612208956605 2.1429313980401 1.51884040990445 0.99403191018388 -0.95997857567426 -6.65445223910134 -0.56454301428563 2.23430482387715 0.642499040179784 1.90256002004471 0.45322419054896 0.10307706880629 -3.44019742503417
53310.739886 -3.2885174795981 0.544790309939031 -2.67045 6.024420609 0.16180403964168 0.371500092325886 0.53577121260245 2.38141130154673 -1.798657940798 1.03845535434295 -0.15793915099294 2.12863536228088 0.768406149095691 -4.62875729312197 0.86679611220671 -0.65817269660028 2.8053323532232 -1.68135598277503 2.03772665935222 1.12667433377245 -0.649009226549276
53311.753134 -3.51243766787256 0.436987746408462 -3.65266 6.020661988 0.160314982922754 1.1590327962205 1.14715751119825 3.13287220800469 1.48704276320019 -1.16548236566536 4.12418374622377 0.29197273489581 1.5034991834102 3.15581373733319 -0.142861750316341 -1.04934307596874 2.20847394550877 1.93841092984364 0.89641676716796 -0.79750203506721 2.11964052381278
53315.733614 -4.63921878509285 0.462275938298711 -3.17784 6.023804057 0.161016056363348 0.876969860566697 0.781934599322979 2.97530670154221 4.68329200623821 -1.5012517720682 2.38033003375615 1.70068679680649 0.0382085021687502 0.32408096465339 2.84291271066543 -2.97273675883759 4.91369343268601 -1.95210357641117 2.21310667313608 1.59975704820297 -2.84274726955237
53975.898272 1.48182098027949 0.514634625681721 -3.78451 6.028853025 0.163398554783788 0.635661911219742 2.02389339782548 1.285889768337 3.29767336615941 -0.198071055826407 2.91265671680539 -0.18753220158034 -0.08894407365693 4.35598376971065 -1.6808775676403 0.821339778237698 1.76804636685879 1.30434774490189 -1.02200966323753 4.06467854406295 -6.95223723440121
54292.936988 -0.36316817646395 0.566632972193369 -3.79189 6.031894403 0.165098895720918 -0.224315037590268 1.43904355814562 -0.406681364082723 -1.88721011384403 2.23387391232602 -0.681739679205449 2.46424350829677 -6.35281996073896 5.6209200512422 -5.03609671666139 3.55913599647476 -0.117081721379919 -1.31279439250015 2.72155781942976 -2.83495510572868 -4.0141997404192
54295.939987 1.76448140171534 0.51310351489953 -7.5352 6.037358375 0.164927939829625 0.965855328392219 3.31072863379965 -1.74397829704257 -4.78392142280141 2.63488375639867 3.81365092287656 -2.5412761257429 -2.71878814451591 2.26427086911739 -3.39750956772112 3.88650808237267 -0.10665969502918 2.44418122211345 -2.87895740623094 -1.23827819407287 0.80620198680729
54296.940725 0.367572785007942 0.559219332632839 -3.23078 6.02753445 0.163110939320052 0.298160830069074 -2.2203288656528 2.08168031020009 0.28283705994869 -3.2233368217085 1.93050848041014 1.29449682183851 -0.49850002320398 2.71030097063743 -0.64890652408324 -4.24440685990569 1.36501113792411 3.88159604349404 -0.3518296545573 -2.28512764449859 2.34298328065788
54299.931331 -1.34061413377478 0.54886182906374 -2.93772 6.032362639 0.166894893132236 1.38723250696751 3.29641711474471 2.12446028465501 -1.10358693321613 1.53139975373497 4.22171546275991 0.6436472351882 -1.64170763043977 0.49543437148365 -2.51347655378463 2.15300715961774 2.53054210272217 1.9544032143936 -0.15914274778915 1.12888262766277 -3.14272912305091
54300.941411 -1.87839564701658 0.453801289023879 -6.4205 6.028182606 0.164253292956187 0.933208821714134 0.36112832416449 1.44830342232219 3.14222614876215 -1.03417444385139 1.22890365201286 -0.69291901990093 3.52858293802332 -1.68126648622324 2.88840235468279 -1.18068891272401 -0.61483577901929 2.65338425627941 -2.90373512891696 6.12972737720924 -2.82896497313555
54347.836868 -3.0544165987962 1.06455905912525 -12.31382 6.033565232 0.16796378251369 0.619621391014494 2.21424689079479 3.6473768613274 1.96116992800326 0.23795000242511 3.11446612638284 1.98431851883621 0.20064276195282 -2.87837586796498 -0.85293958142771 1.504181845229 -2.04319368256711 8.33259034495215 -0.3788415161431 -1.06215411996918 -1.84372084294051
54347.838963 -3.3094903441631 1.09148738180082 -5.84017 6.031238679 0.169908024786799 3.79069742930651 3.79069742930651 3.16303170806147 3.25325958502654 2.32087233352319 1.51921682549692 -0.60888813050476 6.8624551241237 10.239672104983 1.39291224352406 4.24989772945038 -4.20587011380651 2.69912640868605 -0.34863622303705 7.53042383597448 -4.64958950309917
54347.841046 -3.67883171417841 1.09927482614238 -4.16556 6.030527074 0.168674572381089 3.79069742930651 8.47867297102871 -1.53034103826859 9.72798784023605 4.36361097850487 4.05021935035811 -4.63784065147314 2.3731834008319 2.5015996414885 3.47892466872432 4.45031444432164 4.21308589547016 -0.823351649708752 -6.41304518604589 4.70525964903259 6.2778593960699
54347.843164 -0.0524802959164138 1.2090363466846 -4.26027 6.032509986 0.165198834652391 4.29691091813482 4.29691091813482 2.12724745614168 5.5164132811855 1.19902744351692 3.81163030916176 0.74257752635232 -1.18988465488181 8.69124509303738 1.62430402818349 2.04510156378538 -1.35977235064502 5.68862514753176 -0.59635569348054 -1.38918438782543 0.55664619447209
54347.84526 -2.91884517403052 1.1079158492337 -3.7384 6.031059115 0.167607064625745 2.84158676462218 2.66518391988206 1.65563383942424 0.29282031254511 -0.82146251108099 6.84453281145572 -1.30036898973327 -1.05260117390551 -1.47537730197422 1.00487049673131 -2.59307750757979 7.50353932216694 0.485431179491819 -1.37731279257735 -2.08579124471083 5.46441724510469
54348.84711 -0.163244404782464 1.09739560969596 -2.78344 6.029010002 0.164923440724578 0.454347380420707 0.611342491957937 -1.79648496317906 1.34908083319888 -3.37954276494083 7.48689494619615 -1.50978852247962 -9.2345662101119 7.43289842735072 2.06279726743479 -3.5389370899453 -1.22052731479478 11.3055468581744 -6.08432863620215 -4.24975436731323 -3.36213275371607
54348.849344 -0.653803743532614 1.12059023836386 -2.30717 6.036046315 0.167195059864378 3.32441546299777 3.32441546299777 -2.91521669400313 2.08797188367534 0.16253043338559 5.45001649185008 -5.0653660984246 -1.31806878778616 -1.75570345202049 0.53763725557942 2.16081702821359 -1.33483446337674 6.04110716069968 -9.09914619451158 8.57309741323649 -10.5520194631452
54348.851566 0.988476169444437 1.12848239192108 -3.09872 6.037629793 0.165726170203466 -2.05698017784368 -2.05698017784368 3.23192261290148 7.89454732678256 -3.03594829757381 -1.44524993779278 4.56425085818637 -1.36030009984635 14.1434200929484 4.38656743392621 -5.63247059532906 1.68577089105948 -0.997032693230066 1.91914121311732 2.63787415664064 -0.356913362801409
54348.8538 -1.28344123823587 1.1462783267621 -3.22618 6.035730007 0.169758663363298 0.60146125562006 0.60146125562006 2.48088202146343 -1.785707863851 1.75226849565363 -1.53217683434503 5.75609447540662 -5.67304876488908 -5.07265429293187 2.28474411037343 1.10659025357266 -1.9086495693623 0.5217867291035 3.22867636148984 -0.11768517574047 -1.66957038408952
54348.855988 -1.02257168445998 1.12218195478125 -8.5301 6.028510599 0.156230396618871 1.11433057059137 -2.50177157876095 2.06736638303595 -5.84148459598947 -3.62981055083006 4.89274808422755 1.43788257702132 -4.24873035747707 5.81579795504485 -4.81114209412547 -5.09475925458386 6.82865157983942 -0.731315411119929 2.23977202682402 -5.6970482161528 4.6497355681174
54349.848578 -2.51555773735836 0.483568916215101 -5.73906 6.026652827 0.162844119221612 0.454132363107364 0.2754536661292 1.5927515768395 -1.15073890034284 0.49085459279219 0.16338189014697 2.08332165414814 -1.33193569782423 -7.36992509903538 6.11872199388352 -1.01351773580005 -2.4349221682987 2.84859831578689 0.41378487834667 -0.31163107633754 1.43348582081371
54350.897374 -3.92291736986705 0.459581209883887 -6.94427 6.025117448 0.164577119061573 -0.351563802221698 -0.64391007077732 -0.12432992954442 -1.16138328695223 -0.00555383677863031 -0.73738271456921 0.298162980174681 -0.0664300495651098 0.0869177234681997 -1.92509800190106 0.93121554540951 -1.37921600232762 0.37246249562065 -0.19771803941967 2.60602835177158 -5.16992329494702
54385.748209 0.765190895350553 0.846680560466904 -6.9082 6.04320227 0.163836829771655 -0.340537419641721 0.756003155302285 -1.49919490822544 -3.37751019377194 1.29992162860577 0.45335735294264 -2.45152609765454 1.66270997683358 8.19874578060746 -5.69005762957751 0.99180710468993 4.03977642923032 -3.46779402811322 -1.327412652469 4.78738378592695 -9.40626623705828
54387.719128 -1.03402578178833 0.633625741501732 -1.77185 6.033859797 0.162083546212904 -0.202881315193073 1.26620639234143 -0.382241896709003 -1.97419020784847 0.42568217092686 2.70716380291373 -3.63598801290201 4.38026608883919 -6.07455869695447 1.13711092299732 0.27640330828131 0.25479076734647 2.85473343662077 -3.61400105376982 0.81059475012889 3.7337169903866
54483.563554 3.0230700347111 0.556879535486483 -3.64933 6.03493534 0.165274604148366 0.531789740862955 0.31199657400104 1.23862485322776 0.84353639923469 0.72043631610119 -1.26707956345298 2.79048439139808 -2.055836309795 -0.0272396669542303 0.39988384085353 0.33341054411676 0.53749500777303 -1.73033222145977 2.75148496608563 1.10558962858082 -5.39236830413536
54487.530253 7.29661705087667 0.481245957073434 -2.55808 6.031127799 0.165729875593374 -0.204912527037493 0.29313445541568 1.78612179759343 -0.0936609170310794 2.17272847665676 -3.87571850634831 3.78121251624228 0.0575946569558194 -2.19431898256257 1.04621574817431 0.891894557767039 -0.0545025684801193 -2.68141933116645 4.07170163843806 -0.15982862537795 -1.54034456096832
54523.551784 -3.76679437385067 0.672518752219375 -3.9729 6.032121741 0.164265990178454 0.819121736051449 0.23932663543228 0.19660214901145 1.20617542822503 -0.20361070171217 0.33633759282872 -1.76520026399134 4.13253738221793 2.41722687594265 -0.10354436890737 0.0127601070036603 0.0601044334578398 0.086999422716 0.0960260475214501 -1.03434544453593 2.8653282223546
54704.893376 -0.970003264895013 0.645444744088506 -4.6824 6.034427162 0.164143124491908 0.629753679800355 -0.602704489383705 -0.13737136800224 -4.59623362225609 -0.0413021781131999 1.1452335279673 -0.689597146440582 -0.0464429879941399 -3.36902732065407 -3.99181972591345 0.52150101998902 -0.0771435463455101 3.10967987453157 -3.0836986430897 2.95345956301045 -3.58198803816669
54707.880919 -1.21808688211059 0.694783919949551 -3.42107 6.026983767 0.163221263316662 1.24622794592897 3.50945984539224 2.11410907869922 -3.82905762274155 3.85279092931339 1.1879019405023 1.03082334883194 1.15857594114992 -7.16818216258658 -1.56947892361327 4.39938875540055 1.20672928012205 -0.913253865904833 0.015779412385471 3.79587404977134 1.38829273700988
55021.937058 -6.18475210239928 0.685336291620671 -4.98388 6.037826246 0.161836251118538 1.17360721708206 1.6736705165978 -1.00764104411417 -4.49754302939147 3.27193021433459 -1.03475743346891 0.61147421606105 -2.59771301038883 -1.80532018718539 -1.86221783625045 3.28928825301198 -1.27918291261551 0.51121127014896 0.10783816659189 -2.824641425695 2.70323441329835
55022.92821 -6.20296942974336 0.65100465245079 -2.35011 6.041753117 0.163448252786461 0.756341774199154 0.287074765962999 -1.127286681055 0.83708608429778 1.15967937284147 -2.13586667264074 0.0226987149801499 -0.21178526852795 7.77962534457061 -0.91391621541775 1.43678122604093 -2.00919409375204 -0.52352574477796 -0.163019715668479 2.38745475281785 -6.17022183095356
55024.92135 -7.28807395992042 0.601161269042882 -5.96772 6.035470502 0.16377694430566 0.503080034324251 1.36122987968385 -2.71780621146859 0.509763175300959 1.69381936051484 -0.903977071874571 -1.96596349471425 -0.73619365038142 2.3276966960194 -0.44185627613439 1.88958744058333 -0.899628212329819 0.0688003192776998 -3.15083882607041 3.31397231698063 -5.34649618826415
55046.868946 -0.735468398032401 0.749914403265458 -2.84378 6.034876932 0.16509466698944 0.59667365407534 3.56405611507177 0.293048214869729 2.11544672488763 2.13397297535607 1.84785107724461 -2.27362030726149 3.84321536332438 2.93589420592558 0.73136695325883 4.57063895250568 -5.79770049869285 6.69014608793229 -4.50792741016049 6.35587126964584 -5.60877351798311
55054.887826 -2.45736617679159 0.587731500732027 -6.47084 6.037900606 0.162183206426943 0.582133051248203 0.45970521139109 2.64553336061213 -3.7132454238582 0.371639761836 2.03012392278008 1.33975105536429 0.684918473704244 8.27278077782243 -5.24969198525886 1.89861875570797 -2.20391149078395 4.55749253660621 -0.094460174041617 2.87671453250903 -5.49216515884063
55055.912421 -0.617885585274657 0.468256241576846 -2.43745 6.031498013 0.164485136535038 2.36776336146445 1.22458087258201 -0.941663593067874 -2.19435956276052 0.66319125779649 2.28797266651269 -2.43292577701019 0.8319278212562 0.259042548308892 -1.40495253452821 0.54475213319845 2.52457233947787 -0.999989846475957 -1.8664414960204 1.52689252532354 -0.551290544596027
55075.828094 1.86642993345298 0.732793777127056 -5.90708 6.041994353 0.163455700826416 1.49736640699487 0.88108972069561 -2.29120611777986 1.82357021077403 0.28105929735041 0.33053061184007 -1.22764438032102 -2.86103343732415 10.8480764158092 -0.82934918592811 1.20521979194514 -1.61283668576748 0.35568632884068 -2.20169643025859 -0.0339543979929781 1.32679625801504
55098.781784 0.265452256111724 0.498491324772346 -5.45081 6.03434165 0.163910698429846 0.437468188727522 1.79501342333536 0.603967722104007 0.293156190895326 2.08695011719356 -0.742086386023588 -0.753912905653737 4.1187682280695 -1.40562766513536 1.61384660430202 1.74297763098807 -1.65003162571089 1.64118826108349 -2.22555681990858 5.63752442500418 -3.21091674659139
55106.788761 -5.37848064715985 0.719054148512802 -3.89553 6.037193002 0.166295993591035 1.59793066155096 -2.35880549632163 -1.62169835105217 -0.05584882209638 -2.52001765138563 0.32903960004127 -1.31480008856245 -1.06364534250328 0.18662922473096 -1.61724684649625 -2.35518055044211 1.72969800872817 -1.50170475521117 1.14592380911472 -3.28021918788021 -2.83619147161146
55151.724975 4.33666040891746 0.460898043047293 -3.29972 6.035859624 0.163494918131804 1.11341715317941 -1.28836474132704 0.4457326511277 1.40402600251238 -1.3840064658918 -0.53016659364783 1.43856831963893 -1.75622752921305 3.11593362367296 0.35669766092355 -2.4343179995675 1.82587249128443 -1.60265441649077 1.67897668786248 -0.324358619685669 -3.19314673834798
55155.631167 7.43464441423568 0.642909227248978 -6.13892 6.031089286 0.162734728751627 1.46291441078389 2.32090831079811 0.665722616801231 -1.48599136252703 2.72185800289225 -0.0701185166293197 1.34870443634103 -1.51664842253976 -0.964356774812059 1.58084120747118 0.79751305998864 1.80760232988119 -0.75110933035776 -0.33639974511506 4.04709811531458 -6.47814855379517
55157.613208 5.89343181760841 0.630731066097799 -5.97151 6.036626702 0.15971062443386 0.801932202275755 -1.02710793426332 1.41167710521483 -4.3930888117599 2.51638436507901 -4.88858901428129 4.19365215303058 -0.8083154091692 1.59847260774438 -1.60327098232132 2.0005360699852 -1.60891690839269 -4.43631918191486 3.26410840204014 4.36280433086288 -3.12992457529034
55159.6233 3.03864789354163 0.661432440231337 -4.97852 6.030880894 0.165467498014265 1.78999533716828 0.0715927501007001 2.33786908761761 3.35775750071674 -0.0355405311655304 -1.45309483403684 3.77232922438637 -1.68390119807894 -1.50457714014421 4.12843791484162 -2.2186329686178 1.6930534127682 -1.46717595759317 2.62517150119872 1.64217156884498 -4.05857805965074
55163.607093 0.4438016254893 0.633795401133424 -2.49069 6.037480882 0.162468200322527 1.42256577201709 -2.68899439041563 2.87902350076393 0.63085363559731 -2.57225363461843 -0.542739380555693 3.81425945785208 -1.5604357812745 -0.870217774655284 2.42397679077129 -1.96468894024753 -1.9110914508812 -1.4742183039824 5.04133559911122 0.59564939531877 -4.01656569703896
55227.542963 -1.39541115106961 0.534669392870024 -5.40354 6.039008063 0.16537777087403 -0.041834788387855 0.388148246275037 -1.60795863744768 1.90755188401048 -0.389595588266308 0.578481048403569 -1.97607806425186 0.18406058365167 0.0590740224915201 2.13815997330496 -1.6191124594194 1.95897147881451 -0.642521935887832 -2.26683602873977 1.18608066008245 -1.23432318633332
55229.547555 -2.30183548964595 0.587103631308665 -3.51131 6.034288368 0.165664007249645 -0.276677739434284 0.69313425369064 -0.56891048435966 -2.69767190183022 2.29829616501199 -1.88767504269522 -0.0334200395041298 0.9761930925769 1.95946955314365 -1.56037738800192 0.26801742756562 2.97941079800752 -3.09507060799423 1.09434832565749 0.0280458407930799 -3.22028868357414
55231.53665 -0.978159733400079 0.693072095501706 -3.24076 6.035629546 0.162704939600436 -0.159632759296632 -1.56293078344825 0.17266604728069 -4.18067372277388 -0.468616146289384 -0.1805672675636 -0.56215977766411 1.89595950259538 -7.24620514659287 -1.56301823679997 0.954769688576571 -3.0200358876521 2.28986028887844 -1.49088590763961 3.55320006698138 -3.74420153913544
55233.536892 -2.08831391529786 0.633871965382349 -7.65397 6.038563661 0.167522581457588 1.1691064118964 -2.00580442402268 2.44338283923611 3.26334696259425 -2.43897042652463 -0.71262076794079 2.00453156964779 1.84735529889693 1.51010405132346 0.62473659922884 -1.57315697612495 -2.49572481384374 2.34620098089885 1.0944006242666 2.5165964799753 -3.50100453282283
55235.52217 1.8951252322909 0.577937948606671 -4.28878 6.03904064 0.16445485090741 1.0201319902111 -1.51355393603265 0.5627738861478 1.91293694542932 -1.054825152951 -1.84284901027803 0.648519567353529 1.92948591629644 -0.00738398116683014 3.03321448187489 -2.99862715053014 1.4854940658966 -2.48149106168378 0.992769622216581 0.79656846436661 1.36188105110148
55241.520715 7.22362362139294 0.526488374724932 -4.64124 6.038834098 0.164742716868535 0.343673858338335 -0.9146250607946 0.85086576052733 -1.89330227388614 -0.16976634442565 -0.5338364501964 0.53996689270957 1.35645441449923 -1.56514685435293 -0.0900429449031099 -0.36338889224793 1.03581597191942 -3.17631051041742 1.94508723638788 1.01706048898484 0.703912464874529
55399.913977 10.4207433415074 0.779759108766732 -6.17334 6.054764751 0.157965159200069 0.345426271084393 -4.9360911885382 -7.16993575436689 -4.0780170796458 -2.0757812977823 -3.76975163268361 -3.79213610678103 -3.67985390075417 0.5597893687499 -5.0659524077319 -0.1671398990346 -4.08796627673828 -0.0984561469810501 -2.2206653128353 -8.30948721275634 4.96858565692201
55400.949939 -1.52262790762239 0.539993607452183 -4.82759 6.047614622 0.164327268576697 -0.0760416638733701 -0.0946976441735901 0.963421810553042 -2.87644587503341 2.167993138618 -3.01494681585094 2.15471676879485 0.614604887546374 8.04274773624723 -5.11948219986739 3.50407505778921 -1.84253940440787 -2.67460130955649 1.60002024060073 4.31899968787908 -2.69612435865797
55401.874724 0.583915691164225 1.01199459695111 -6.25826 6.047856078 0.148456003364917 0.730966235046231 -0.146111473531222 -1.089649932423 9.37384488364864 -4.34211904618143 4.13072283860932 -3.11744792057851 0.139364330875166 2.88181491145098 8.02524546273663 -4.43557638888953 0.82948987354578 0.569417719631412 -1.28914121240472 -3.81407972256717 7.89688130088003
55403.874607 -2.47821713495841 0.839496926990468 -5.12172 6.042958552 0.160189526159082 -0.0532994555730971 2.41577958910054 0.49971983330228 4.68586019702908 2.34704693903919 -1.81903387303976 1.59345735847651 -0.53257795398904 6.53296208499629 0.91645783980564 2.03072973637258 -2.02339848382547 2.49647594132868 -1.10305113315947 0.92429419160834 0.596073189739208
55410.91287 3.2396142718135 0.864153553452883 -6.66207 6.046101614 0.159557692421068 -1.72482366880644 1.15822397323098 0.98661762071355 -3.45887975202452 1.0294451629886 1.72031398950643 1.35733065522536 -2.81835292180646 -5.0770105506858 -6.77870078933862 1.39688948361135 4.51516977544912 -0.10611121851749 -0.60488970161144 1.66734076364591 -3.8552892158394
55411.85165 4.03509343519861 0.767959990943304 -4.94939 6.046262996 0.159087537331224 0.267030819018775 0.52788046438843 0.790119988998891 -3.16979772192898 0.63102948618855 1.15693266465822 -2.21938979628567 5.69716702513703 -0.05514241535613 -1.64978184693336 0.0280317253480997 1.78603306299316 0.00946740616577024 -1.51368125683032 1.47960837190978 4.3192323265705
55412.911376 2.55692932293616 0.727657888054091 -1.61726 6.048427605 0.159344650948897 -0.13191220088393 3.35211288859653 -2.81929350362991 -1.36956328442139 4.10792785636837 -0.85187598684115 -0.33348594784475 -4.84310089171144 -0.25032817538545 1.26821628156745 2.77801189683251 1.13992918942944 -2.06323049805682 -0.24419257028412 -1.49126277141976 -3.90408747006585
55414.929037 3.26750810584745 0.965649745357135 -6.92417 6.041719846 0.148523696244823 0.623982165559653 -0.41342401730995 0.0360936950768398 -3.96700595356149 0.63687953400931 -0.39768694884412 -0.74103529388454 2.22566222709494 -3.75347256417786 3.92469929226864 1.2850813484218 -6.10577409088369 2.98762832271466 -2.79159909573849 7.26838030712617 -5.20369013462922
55426.924693 -1.57275040626361 0.507204520368186 -3.42398 6.034541793 0.161803544076697 -0.62505830914861 5.31175340951166 1.45805919824225 0.18209893167397 4.74056314343549 1.03136027496608 3.23145810998942 -5.50791137170855 0.98434840238687 1.45512576421163 4.3989296549992 0.135285764181783 0.31921805077567 1.58327450957418 1.53168745861866 -6.28669063003233
55427.899144 -0.545598702617732 0.621156894669821 -5.23987 6.042196739 0.160678213863409 -0.233257436876346 -2.8190185589792 3.69843891109494 0.889343511285886 -2.47109639844941 -1.04922412977289 5.64806137118215 -3.40787167112362 9.12323445834672 -2.42543319842305 -1.99766167268611 -2.05162576784959 2.30103282917054 3.45741190547047 0.01835869808574 -2.86749673120776
55435.833778 -4.55258746851626 0.556070226936361 -2.62897 6.040172881 0.163443374648963 0.459951338890593 -1.17190396822202 0.59206736689532 -2.93653044531161 -0.94228268493405 0.93244457538513 -0.18964411377585 0.77770548809839 -0.0175635399587803 -2.37175292853993 -0.38927966703963 -0.91888861962281 2.56316406356188 -3.28250637917127 6.68742494779269 -5.39252994375503
55436.863957 -1.8230327555217 0.499496088102235 -2.50751 6.038652534 0.162987498919946 -0.097865274798762 -2.94249801140951 1.37452429859004 -3.01785629212781 -2.74566851932765 1.02929246893486 -0.55268380917665 3.37051554739137 -1.04224968060132 -3.95486239976197 -1.18774383996354 -1.49135473836092 3.07484886984332 -1.47166793244408 2.80034716093696 -0.89079111705825
55437.764857 -1.55962739522381 0.525845472832042 -5.07743 6.040088018 0.163286009618688 -0.782413995852605 -2.98417706224365 1.58105669262149 -1.38164790899216 -1.63546795902387 -1.95706423033948 2.39654295075329 0.291569521739903 -8.7838392195478 2.94827053840092 -0.568565056667439 -5.52961057180336 2.22103554175494 0.38091562284028 2.61451714083573 1.05496399422389
55438.890642 -2.93281379520408 0.485758741884594 -2.02432 6.042907554 0.163416252244262 0.113690529539164 1.81279661539438 1.52999975935976 -2.24191999075864 0.98046794370296 2.72532968869866 -0.24352307592374 1.03139364505445 -1.82553668554395 -0.23110031154551 0.90820117287634 0.16527737796939 3.28679523362971 -2.89990803594282 5.40052376242698 -3.52645618733935
55439.895401 -3.23192949317729 0.619201642185555 -5.12478 6.037952336 0.162214018074178 0.704366781407974 3.41522942356277 -1.64187670184207 -1.85783519036031 3.41141362182845 0.88967544619533 -1.52327683673137 -1.32865691494536 -10.8175176374824 1.16822617752013 2.87603334420031 1.861863947395 -0.63647077571062 -1.2357936044323 0.12926669287292 -3.59568556391465
55443.834854 -1.43577006060732 0.753048111695485 -3.90064 6.043820735 0.160350019939784 -0.25639571380954 -1.32652456581574 2.66640349322972 2.88566301963354 -2.87287984156613 1.71529940321082 2.19417701413967 -0.813777410707838 -1.70143629180138 4.06571404973869 -3.44812450266885 2.49892867430032 -3.15329783676659 3.35828277572807 -0.256454145426821 3.2961587909327
55444.812895 -0.503068635843946 0.512357578052861 -5.43874 6.044373681 0.163627488485515 -0.218116238782757 -0.361085622425513 2.30102902014428 -2.30557096217281 0.12536683424609 0.14115579890189 2.8960349725933 -1.57882937662612 -0.420096772974818 0.984652796651473 -1.24913063880339 1.75323029375 -1.93240451660989 2.56492735539429 -0.301135102961057 2.93871554173555
55453.761376 -1.56349476452662 0.550329660289029 -5.57449 6.0427838 0.162787191286753 0.866092475850177 1.81166154307492 -2.11470879776388 1.05119508813595 2.60198058588729 -1.99111915259714 -1.85489865418526 1.60346822185808 -2.26645480197216 -0.35906740947281 2.97301049816025 -0.787775148062212 -0.819315053482701 -2.66821391605732 3.52915457053701 -2.64353982916118
55456.773383 -7.25275993871529 0.58574530393283 -6.92445 6.035173938 0.162168977212972 0.583139455734453 1.02772755602924 -1.56064972843171 0.28861103916233 1.87031133834262 -1.76153820862421 0.450972073258289 -2.68568496436984 -0.5602275868611 -0.94862596439522 2.24158979135941 -0.9493772695776 -0.395864572170169 0.23940289141754 -0.9435979215883 -3.38751459770785
55458.835468 -1.79992810996727 0.673358651598681 -2.76367 6.034984407 0.16314725865912 -0.73684613088027 0.30745015738377 -0.81606438410199 0.47907435120902 -0.19622640306564 0.76154548242975 -0.84878430783778 -0.79858363108194 -8.77194721255788 7.62982206475632 -3.37959789102396 0.70789883945545 2.09659922481906 -4.0345299140564 3.59266643158722 -1.7525936458978
55463.896713 -1.26734798709742 0.549965194125873 -5.21794 6.043378008 0.1640088159012 0.272865999108002 0.9890204807318 0.0916296496127729 4.16417769911158 0.370919624357271 -0.728921580658819 0.757873722033659 -0.745099967133439 4.65138203987238 2.39099894438407 0.410011088843494 -1.52807052371852 0.43921431240709 -1.14401490844934 4.33938720296156 -4.21859732617002
55464.832306 -2.82417113568342 0.635313286163545 -6.35463 6.038405354 0.159764753226156 0.344313869428379 2.42191189091903 1.37951016728726 -3.90825437558159 2.99220452613785 0.68614782334873 1.01397461512342 0.069337394989392 -0.21497928389764 -3.73548637741427 3.52594846251565 0.61975475926434 0.33983162419943 1.88020786770275 -3.54230105204655 4.71266605028376
55480.767693 2.58497557710009 0.74532705958264 -3.62239 6.041037907 0.161491544739027 0.817320206010051 -0.97586396161332 0.62717530958934 -0.9173334692399 -0.85344050250886 0.17593781424268 -0.57520510430517 2.66161882168192 4.12812215047617 -1.45462825134308 0.0766957196226103 -0.56589863118605 -1.21355588059024 1.4219227984684 0.10794039738969 0.73816767050216
55481.720005 1.94008196631718 0.764234512768594 -1.83351 6.043050448 0.160710583078336 0.701068120953261 1.95084079029934 -0.86996710531778 -0.251174927061261 1.28940842115648 1.3991034910364 -2.61392180015767 2.4652718664691 8.91455554548609 -4.22533879613904 1.73286374060726 1.9689845504319 -0.11339496067959 -1.27398891652647 -0.98807079381867 1.69557805292567
55483.685947 2.65031326027634 0.804457119667765 0.587883 6.041948329 0.158287518828872 0.7204113498454 0.60569589439919 0.68983584413704 0.7976712389134 0.61315737462353 -0.35625997952578 3.8123873127524 -6.82313969203411 -3.7137204147497 -4.1656217371354 1.63662797521672 2.21463665792479 -1.42544588980264 5.52299982425536 -8.10727299966801 -1.18190230806027
55485.719316 0.973085552066961 0.547250260730132 -6.76013 6.037730763 0.159877691036159 0.963748905382516 1.41988737948602 -1.70105482263575 -1.29695237047861 1.47183536612459 0.51177357427957 -2.03888567561244 0.211772554429291 5.56460208028633 -3.21588667137091 1.68620956124101 0.99111304327185 -0.10822331203658 -0.89650548742238 -3.30789380463434 3.37369424308702
55486.656599 0.780069914882832 0.621936729958248 -4.75544 6.039839034 0.161297969006019 0.739590252787773 -0.158672855136551 1.0833614640344 -3.61464920281644 1.24631294152194 -1.06069383876817 2.33255385339444 -1.72120362665407 -5.56147575616347 1.54161974208434 1.38506071043087 -2.83342176672079 0.443808836434436 3.06578514505884 -2.88949059799093 1.24533799663201
55488.727462 2.08802665489669 0.480032254957603 -5.30427 6.037535605 0.165456675827914 0.245659563833928 -2.32782880000033 2.78713980764674 -1.46074396634135 -0.59019933401899 -2.63570241169361 3.30097634404619 1.78853741339067 -4.72128319444018 -1.45982272283184 0.18105564158974 -1.51582918683807 -1.25099912826295 3.35000348324988 3.21254117362034 -4.76545021749416
55493.75905 -1.6057868450265 0.530549858909332 -2.91091 6.039711456 0.16180194610118 0.57170761204195 1.68251760255057 0.473307921509689 0.78546930751107 0.05555468391284 2.82986215714307 -0.857556619701794 -0.144073345918074 -7.18005788555662 5.38613511741105 -2.57600595172707 4.49261402279637 -0.906990037703738 0.753644558443717 -1.80883011328583 -1.45401673078167
55495.831365 -0.906231546123228 0.464471260075914 -2.75477 6.038842602 0.162212591517364 0.659491290056841 -1.33369640965755 -0.92542277007117 2.29268927954379 -1.55846899885734 -0.638431314391367 -0.48824554113755 -0.31351358406144 6.41824324920848 0.500531180874478 -2.53936116518136 1.6682978635193 -2.09679900996147 0.07432873202269 0.63225903646649 -2.68414973299804
55499.768953 2.25710590549716 0.545664843729144 -4.23993 6.036667085 0.163482823319558 0.922605195277744 -0.2570823669679 -0.7302802518405 1.17765235496688 -0.36661812758755 -0.35834206994605 -0.32407434695663 -0.55308536338598 -2.75757033271466 0.22036368728984 0.0279967784478301 -1.41127879351933 2.41530140296728 -2.04166824605385 -2.0553526982713 6.72210161694636
55501.689066 3.87895900526307 0.529666284301697 -5.18863 6.038308577 0.162683761305266 0.494317309176756 1.56194807863098 0.93545887073615 2.71283798861124 1.50437114518862 -1.17374218111416 4.33837221590672 -6.71711595141731 -3.53282238610855 5.55231695680868 -0.92176279185446 0.51972230177298 0.12966773868344 2.87955981985161 -2.03135340257883 -5.69922456372603
55505.630839 6.30001869481821 0.65330116874975 -6.08099 6.041071321 0.163625516498898 1.17208752452686 -0.946230776497551 -1.33356605794176 -6.28526930975701 1.39669014476951 -1.63499634958228 -2.54162742544938 4.7161277046233 -4.71047136461666 -4.58294776561978 3.17861680713184 -3.92208311058273 2.51880624773324 -3.27330285820097 0.730454171824281 6.05994710989968
55506.683805 4.7940206798701 0.560431061226624 -5.25178 6.039072206 0.165205670793686 -0.614641694823879 0.70355240498693 2.5636665626216 1.0817539138873 -0.34384276839709 1.54311602377863 2.45767448504451 -1.50930791243978 1.29657012608897 3.37989169868296 -2.34371712458272 1.81826221465881 0.88856592919204 2.11740251110924 -2.37765159388843 2.48114429290388
55509.712418 1.12838423454002 0.533541759880183 -3.38235 6.041362667 0.161231625363043 0.968233267188422 -0.266585736352999 1.66575738327461 1.79712112964339 0.80136394572 -2.96942617863932 4.8178030922784 -4.03879202945947 8.63585075696074 -3.82987650362315 2.18827414196697 -1.19796370831991 -2.51395574479826 5.57102395260842 -2.80445527104275 -1.53672783643975
55510.711224 -1.02193633916538 0.534434161566207 -3.49743 6.036056173 0.163101505628951 1.4593674912971 0.83837279041629 4.14726312100533 -2.66390331440706 0.97980087148161 1.02773420070573 5.2672463913846 -3.96713263536311 -0.9477042279618 -1.02599674602656 0.13741551115416 1.21160310648434 1.42660368442757 4.06224830766512 -0.81369874414691 -4.61058294754999
55511.722436 0.531077598614671 0.441396642020334 -4.54026 6.034359791 0.162464408924214 1.0007972783806 0.298928076528647 1.61618487633003 2.59811768494507 -0.508920777541624 0.318855722510629 1.38755185525836 0.17884105701384 5.74760770809898 0.138950473600767 -0.40241806025137 -1.20728537916614 2.66205395987397 0.86801344437601 -0.19744455556686 -2.78125936562514
55512.691865 -0.124485627141766 0.485860751908826 -4.53869 6.037143369 0.164489810630287 1.27460289595717 3.1964313573715 1.2213519566035 1.43554918928154 2.84843139436216 -0.00422349545713996 0.848220064304235 0.90429612029788 5.35657418282587 -0.68659754001952 2.05921451348578 2.20421569139372 -1.54629166500512 1.44235875787795 0.58752012472768 -1.37268077595291
55513.701628 -0.408258896673423 0.587095491585383 -3.91015 6.039245802 0.162788260592974 0.431411597647373 0.725196867340082 0.541484594665609 -0.855512724538611 1.29387853108448 -0.712195857754695 2.30701512484682 -3.36705145742341 5.4463827654134 -2.20367590151896 1.23878855987448 -1.02764865715063 1.83780771544061 1.13467221627318 -1.19308768586331 -4.10114426640463
55517.662163 1.32827716378426 0.637620992097062 -4.24208 6.037457684 0.161096075315638 1.08878073595706 3.62217035504588 0.28517903784911 2.90920715129792 6.01647601382911 -5.95286041530791 5.4523215191099 -5.4183317478406 1.50789492810778 0.900491464662869 6.14348277112536 -3.89256056946831 -1.44677051900395 3.57935029069048 -1.43122539195872 -1.13139054359665
55521.713453 -4.71761169759333 0.567727200130164 -6.49697 6.038436591 0.161604636362134 1.87443253925828 1.61797270056101 -1.37360295247325 3.7511520126433 1.12613910212519 -0.74848519793413 -0.426844573820961 -1.41270660152099 6.7633014344467 5.90489672563333 -2.60645967146728 3.87143673945782 -4.21838113282972 -1.43479296258785 6.79824735971461 -10.9141469935881
55524.632328 -5.61540280882808 0.623351735365887 -7.7358 6.041707273 0.16502323873593 1.0460027274823 -1.18442720833509 0.82603733989657 0.41685773465118 -1.98825947859699 1.3590374655303 1.83518114625705 -3.99229378244066 -3.24584802584069 1.23157406116873 -2.69925135335496 0.886426953214929 2.06319137038491 0.75658214193724 -1.52815101105445 -4.03019924270276
55538.577901 -1.34773340094681 0.601704103020857 -6.72278 6.042377782 0.160168057670207 0.308464827672554 1.34353067463913 0.123652398714759 0.44826249543115 2.116909646466 -1.69736070739499 1.77602902496927 -1.93026975634614 5.2716132176297 -3.45513607473565 2.60933428736614 0.877459911169484 -2.48361202866027 0.82059228573465 1.8020354802171 -1.69471845609609
55544.612185 -2.04261694224482 0.651092152549408 -6.55745 6.034652888 0.163795338591936 1.21788860813848 -0.4414841171899 2.70214649781435 -3.49356734419449 0.5617706898308 -0.31647333762149 2.11316812794173 1.81644940715743 -3.53975717551705 1.17520351963505 -2.03849204275154 2.50628836765299 -0.65006251937244 3.70718202737561 -2.58255292176149 -0.43606750607518
55549.634166 -4.69552546171861 0.48761106438576 -6.43062 6.034935401 0.163172287324325 1.40173335511788 1.18402859007925 -0.42601424193462 0.10878872389229 2.56482645625598 -2.78825867111796 -0.88081756677731 4.54811704147485 -1.00965774277966 0.701468855562671 2.81428030328861 -3.55046887216608 1.41805569975475 -2.30347060351211 4.10905573864478 0.18306360324977
55578.585075 -2.2861659660339 0.579232174892199 -6.73412 6.037123396 0.161965270929006 1.14333094991405 -3.17580094637267 0.79000525074018 -3.65682450006091 -2.52618413017328 0.47947997761335 0.51008775114357 0.10067931430904 -2.32557935716736 0.998662822345505 -4.03790009737515 1.84148217083649 -1.67650074043479 2.44232631648291 -2.17448089825602 -0.12138921122578
55580.599772 -0.49941197841949 0.568547870377567 -3.84521 6.041341334 0.161644473500524 1.28492363221665 0.961360435892611 -1.49040799551235 2.56955286475335 2.05026848510191 -3.23084270100015 -1.22148424855843 3.06640646013872 -1.63777416175444 3.78171810427841 1.39195519395536 -2.21948088664815 -1.28932935830685 -0.25879417743438 1.09974288963189 -1.01371013568916
55612.535511 -1.28946220299588 0.590336953375138 -4.18145 6.040702656 0.159046283460019 0.00285324196049947 2.01753091305253 0.0566167389453219 -3.69380384691454 4.3782568354913 -2.8843627310067 2.09921455244123 -1.59351813108907 -0.48960088752856 -1.56527612348211 4.55297257768217 -3.77455394989262 1.93068092470768 0.869322973898511 -0.554855175489879 -2.45185636205493
55616.494343 -0.640182226674459 0.56605977934728 -6.45399 6.041907392 0.164919704700928 -1.08778334471207 1.18112354026128 -1.06651524558047 -2.61828298220177 2.83581718848139 -1.9493494608197 0.841984535692042 -2.30691712762847 4.3018174810653 -5.45272580804974 4.94820545386523 -4.12926027462891 2.86617518202125 -0.534519930933542 -2.59324081680957 1.69394706198065
55626.504311 1.33955342666874 0.750563142353067 -0.76597 6.042571049 0.162085417070511 -0.750223255381716 -1.39099138325993 0.250168088200153 -7.75784089818065 0.271135364027092 0.123272276526526 1.21441956893249 -2.36052973263464 -9.3372048982932 -1.77366571769801 -0.294409855864301 0.560540821392913 -0.01288284707106 0.56852265313109 -0.963914700145658 0.174112310813671
55632.515537 -3.43299856219012 0.682428512408118 -1.67394 6.041214471 0.159119859648082 1.15331055513439 1.19233029481627 -0.3399332391162 2.55499453959357 1.30637766570382 -1.26327095432985 0.39603678487836 -0.3379150306742 -0.19768271578136 1.2857550021388 -0.401508945372619 3.04871969668281 -2.74695048383728 -0.23294284819158 2.61879384890042 -3.65278326333093
55634.514139 -5.05683665081492 0.641510897984696 -8.89812 6.043215237 0.158866535451675 -0.537559382467742 2.89537621090603 -1.04661582352017 5.82353985703915 1.21223885112382 0.80672345608479 -2.82164952747774 3.22497818199237 -1.30121224782038 5.02153925130231 0.0629452993763406 1.22440616974452 0.2110922025442 -4.11585315731242 8.08221839287239 -9.264385501788
55801.889032 -3.64347572888752 0.755798772587335 -2.82705 6.050876819 0.158040096802003 1.77781672009046 0.0330241823984498 0.85993577869551 3.57278134236258 -0.09014728878351 -1.27527745692982 2.2037818259915 -1.68919367786516 0.57467642262115 3.55753864011237 -0.55714465688618 -0.9383783158185 -0.91113893685056 2.34749413970654 0.13065138627955 -3.10814461152307
55803.818466 -2.19391603319702 0.736653895141877 -6.29135 6.053609649 0.157846370719962 1.47969489039636 -0.31669946732204 0.36655897059113 1.30294270459677 -0.29330738317435 -0.58089087266863 -0.35905089587133 2.32311327062525 -2.74233860398065 -0.99235659910621 0.27217885802712 0.48332753203134 -0.91347507079336 -0.35880248152814 0.71215679224752 3.80457668835209
55805.838933 -1.13641883843079 0.554342807599378 -4.35431 6.045380384 0.162373580207112 1.58682400385971 -2.23786086507321 -1.18368090239875 -1.56139545895507 -1.52869490374433 -0.68525490866031 1.5009037875392 -5.54966679609948 -3.52917038285611 -1.31468801390009 -1.4988681428146 0.34659123697854 -0.36340378061429 0.58052390566341 -2.28638913941477 -2.19741886382274
55806.893995 -4.91055227769682 0.707948619812454 -4.62999 6.040883053 0.162663514269351 1.57666674030452 3.08251864757177 -0.52338625931564 -3.82544289536727 3.4723661715322 1.01181772088942 0.72519436065751 -4.25034648151449 8.58102330832331 -4.92461482573793 2.8528454616767 2.71618625572532 -0.27258128808633 -0.30523353137387 -0.33280203590615 -4.43020280375544
55808.864884 1.2163566826618 0.823325501993688 -5.17558 6.05185729 0.15844102472231 2.17302467979399 3.16392869743387 -3.62808647404519 -2.83895499908455 3.15627396100691 1.17878175914883 -3.73121035342151 -1.07898519554583 -4.70282400091248 -3.86259641753009 4.82350062758664 -1.46760916341591 3.60604892599208 -8.23996804531022 5.06785877066564 -0.17531116465389
55809.866908 -1.10610309204548 0.697817958998457 -6.85049 6.045026663 0.164871271826749 0.845791162176218 0.49491914003907 1.27817631692119 -6.16670277977136 1.19010820399677 1.28240919201821 2.11153164418366 -3.39637429531682 -13.3700271025403 0.6563811862901 -0.62562787747535 2.46533788159267 0.679455928789301 0.87018741002425 -0.308356992284763 -3.63042535310369
55815.875774 -4.78856179449026 0.634847601458637 -2.02524 6.041687163 0.163326636674726 2.47089329523194 3.09274499830645 1.17495578642599 -0.339769564834509 2.95937222611736 0.41162785231999 3.51629128468853 -6.03361423351348 4.62335718258964 1.41511157832583 2.30520034419988 -0.64889467880767 0.76244736258637 2.4052777972824 -2.10973823931815 -2.10960784769667
55816.855477 -4.97522850402865 0.58046146169095 -7.56493 6.036339851 0.160769964268564 0.504067085258132 -1.17341403906999 2.21937645123435 -3.45193406412115 -0.596159776151961 0.391634130417191 4.81115949936255 -6.60310957497243 -3.15909049672294 -1.19040774163551 -1.89046551681379 2.09835068270172 0.34315127832608 3.14780797214825 -3.78058332188069 0.55633882810313
55823.850373 3.34954110670968 0.722719371591551 -4.28507 6.040116594 0.162474271118366 1.83236760919106 0.97736529386472 -0.50600770253583 -0.67464456737534 -0.10868335814435 2.39828460302607 -1.13399465145445 -1.25953934445288 1.07769990595412 0.69074321202812 -0.35115422259102 1.45608247932432 0.0311955724827202 -0.82026402019281 -1.70759251313788 3.52836726280718
55830.886072 2.83861417700401 0.553534830250781 -4.9832 6.04150885 0.162393332146839 0.862432176925107 -0.55379823901106 0.76296582689986 5.4176290796371 -1.16384982197369 -1.09893033852067 2.37516555244376 -2.61856935244368 1.55556800944709 3.17730153301554 -1.82591590225172 -1.1702863996148 1.83531789661957 0.88830484397319 -1.89251491442279 0.20407951446684
55834.798193 2.88456662444472 0.581709756721406 -5.43149 6.042149362 0.160016825120466 -0.327350713188009 -1.19640157805952 -0.77286904086237 5.87556379113139 -2.72666327255637 0.34473415863329 0.0129479827906498 -2.2433678430924 -0.0125808646761301 1.57110845913986 -2.9867576797597 3.20536081572039 -2.9110753676561 0.47759044968101 -0.34240740669762 -1.23621346155094
55835.773122 5.62914829726365 0.586006144558888 -3.47545 6.042512115 0.164184192324963 1.19948983766916 0.72937363986836 -0.11838201784009 0.544029586334919 -0.18976400627177 1.52889025364707 1.02131786919264 -4.41834248659811 0.74953895630462 0.00372992061863009 -0.72557809337329 2.26934679021274 -0.29587435280162 1.98689231856155 -4.88443850574567 -0.37312421293836
55836.752089 4.16424215251496 0.514489846673504 -3.72833 6.040805563 0.161170525093511 0.103956824152285 -2.34363502441928 -1.62237521192652 -2.51924396451215 -2.92977240156438 2.22240269398445 -2.76989274932523 0.20413540673107 -4.15470887015494 1.57959393533623 -3.24288508260308 -0.788857401424 3.24375137491875 -3.29548382322688 -1.904161959696 4.08484857260225
55839.797692 -0.940121810215075 0.640712341188416 -7.19217 6.041547864 0.163056710713773 0.873581025665649 -0.716349956868479 2.50450473639548 7.55083391708352 -3.27608601666512 1.67157857068857 3.36789818759886 -3.97140258183759 6.09381847249835 0.97697355563955 -2.72442508745064 0.87906929967331 1.63045386301041 2.74638282299066 -1.81752414735261 -3.37087733798034
55840.789792 -2.68953942450549 0.501118248141089 -4.3956 6.039648278 0.162898564508898 0.860322189766236 3.62925166307487 3.54038592510733 6.96801644889609 2.03334056168315 0.0434035375045401 5.94618666721042 -5.93136312787293 -3.20311239551471 5.21958797631964 0.70342536345049 2.20082771432618 -1.32177506089661 6.23917967172972 -5.73173492839655 1.95921259656537
55841.715477 2.24673972464777 0.609231275368669 -4.63933 6.04702217 0.164413691429735 0.711816447118512 1.42042166984003 0.80201082206322 -2.34367602825707 1.68013811506284 0.5231716537093 -0.18816754900566 1.76428666466941 0.22390052238427 -3.93689373376515 2.37917252042597 2.25282183759371 -2.43902012806532 0.99575726140613 -0.45900393972175 4.62938919517338
55842.798816 -0.316031826164673 0.794861660110175 -3.13854 6.045313302 0.160825275153582 1.66471128729696 4.45974985125503 -0.028596714042891 3.30930510687536 3.02524993026329 1.37201491503794 -0.38447343848135 -0.72916501280999 1.19705627441725 6.30354169116334 0.340463571066677 0.728117257798524 2.85745957819302 -3.51630665645239 2.23052938473817 0.75562594751013
55843.776237 -3.64228320752211 0.55951418841281 -1.42081 6.044294974 0.162464854655353 1.65270707381649 4.14050297233368 1.42839124968772 -1.59792650448015 5.05119282954126 -1.04351666759257 1.86651434791519 0.16012611702207 -1.83969492117853 -2.18362645786002 4.85173915824129 0.31947288599543 0.46552660738949 0.21507455053977 1.13064023449339 1.0530595625008
55845.757452 1.11179307999 0.762582986500852 -4.01178 6.055155282 0.157788699678236 0.922960041813498 -0.995960150428546 1.26501571837857 -0.0068530659138899 -1.23281906783005 0.453091784690419 0.539064247439665 1.19477644264615 0.34206504395426 0.24236626798222 0.00314123245037012 -2.867281106538 2.26733792542719 2.41134211993665 -3.96910851949539 2.40113056448122
55870.682794 -5.87297471857321 0.621324799178481 -5.22291 6.040698965 0.157414238631769 0.353369036822546 -2.1112237271508 3.54346626877927 3.09070172081471 -3.24167846255065 0.817586597037741 5.30169899970543 -5.09069118950055 -0.692368951437349 2.97226612317846 -3.50284173397118 -0.06249607053332 0.702027734871209 4.29727132866723 -1.20239238421043 -2.7735321621255
55872.698725 -6.0550170063281 0.634215021776129 -3.26272 6.040646464 0.161433741558829 0.554512399914589 1.85820709889191 1.94925157818195 -1.96295883045934 -0.176249539076819 4.76736329855205 -0.511249687289121 0.41499053625183 0.995962361535629 -1.51843606435627 -0.18407467109019 0.57830576027946 6.55189984689906 -2.39481634694693 -3.12996083034174 7.60184417111886
55874.706203 -3.1094223385629 0.682997134215592 -3.11053 6.040098439 0.160203492916356 0.798436290182554 3.21190374497484 1.45539719307032 -2.21949570069092 1.40593705386581 4.46511883214701 -0.176452755077719 -1.2800542933314 -0.13407036907518 -3.46991238772782 4.08759690460802 -1.54276547661964 4.73806682924827 -0.446090031105778 -3.12841525364679 4.88047984123632
55878.692093 0.843845205005168 0.9385279186626 -9.27943 6.046491697 0.15929461339579 1.53985949151023 0.92412824792477 3.98499566258861 -2.91694427648206 -0.84881428336631 4.62445547111803 5.83790872238563 -9.4885551458626 -1.03440944099219 -1.88971922284976 0.910277142157279 -1.47755943837047 5.38425138297713 4.75091418277421 -3.26936981800759 -10.1139796332477
55880.696721 0.712897240469937 0.469388338017644 -5.61366 6.036998946 0.159108524285371 1.43080097779668 -0.072090796616764 -0.857480786314961 -1.27259694029061 -0.617919507606152 1.66171709490326 -0.65373365861334 -2.51576130473687 -0.881445579688276 1.56823714244312 -1.45215447914741 0.910461967891267 0.559173561306039 -1.07018874894122 0.476163108183662 -3.79439550139282
55886.653783 0.156866083831944 0.697281733438227 -5.55485 6.050942166 0.161629708289188 1.74770898632907 -0.228796046292662 1.07321132934049 1.321069501932 -0.197042392561251 -0.627329296059913 2.72149173760994 -3.16405406846436 -9.54550434328749 5.28910160070324 -0.84870605492426 0.50398549395718 -3.43460324901788 5.68326640135062 -4.4976190733795 -0.31297266586298
55892.73963 0.0112483814172709 0.523000146576401 -4.1151 6.043044287 0.159082671537767 0.445945791683874 -0.05977051108158 2.46650057664013 5.00087197081514 -0.515033092955633 -1.17709920472886 4.69590925871064 -4.09918346392534 2.43944478168361 2.7564594471519 -0.965802732968417 0.033633099350832 -1.23706808917297 4.2109555642684 0.71893220766734 -7.04625842805255
55895.602702 -1.15863683374706 0.677018920050292 -6.24898 6.038113362 0.161241983438454 1.07115891765005 0.97605916077309 3.77081550282341 8.70942835396108 0.694657254745698 -3.24540114306585 5.86869949332111 -1.27096832697212 10.3810559102507 1.86484668205467 0.92354882290956 -2.13287259716628 -0.54597088457355 4.70476352119015 2.77687677892799 -6.8587709474458
55901.629997 -2.87031423195173 0.640182020728719 -2.83458 6.039674759 0.159954225508799 0.532774879654472 2.01806326912399 2.78340476273381 -5.29970406128182 4.42408707020349 -2.31916758639543 5.6629178985819 -4.22990473854982 -6.55591666986972 -3.58104142078878 3.62793330184103 1.42928251091074 -1.55945817673549 5.49402577652139 -1.52441643681332 -6.91768256966663
55902.759439 -0.707498981081577 0.68718388281333 -4.16104 6.044563367 0.162470713350465 0.864055131888625 1.89246441256568 1.05789663029166 3.7155226428159 3.35629816320057 -4.1844193720878 3.7362487105656 -1.66073560138954 -3.95518160658338 5.01675121801469 2.88071803855391 -4.2628802241775 0.39485117709015 2.08130121571001 2.23748612982317 -5.3840242648835
55923.637777 1.75999905782524 0.818511397983753 -0.69753 6.040013575 0.161217935754392 0.989098647767794 3.69990288005397 2.81185272779686 0.00567274736236989 3.43896768505518 0.50113557383593 3.31510521327896 -1.75018341400216 0.00486034519637002 -4.50271627158387 4.80734344060315 -0.585307566279447 3.11801388283884 2.07762629287214 -0.524022863844181 -4.35479225882137
55924.63304 0.251456469579432 0.546980220584042 -6.04194 6.03987942 0.164453277837298 0.344257819780806 -1.7119903055237 0.44205885497647 -3.7774653002853 -0.529202387894034 -0.633846546813903 -0.608813256735022 3.36786970224913 -5.10182173395845 -2.21728021053275 -1.25571192578347 1.71160524220408 -0.688335482263476 -0.921945175329677 3.2054538124942 -2.30740102818333
55926.609109 0.766252164216643 0.529178997837713 -4.89933 6.040495635 0.161780241924537 1.23635748338588 -3.5490116197506 -1.19427687871996 -2.86016424725288 -1.3975985744736 -2.92171328510923 0.824137746769484 -1.43945289222778 -4.35558561117436 1.0081664368281 -2.99595536738224 0.140610323053565 -2.15060673705191 0.91888753793717 -1.28252876931107 -0.23978666361721
55927.603398 -0.892028543729389 0.539205292364999 -2.57502 6.042419059 0.164438365863398 1.51677630328011 1.85477017877191 -0.649072377831848 1.67881335255213 1.30550680507429 0.348378700709283 -1.59391516912442 1.84183625339953 0.47884379126766 1.79494626952864 0.852595139076715 0.250039158105246 0.167398001852757 -0.91155390988367 -0.140414588549038 0.716328931405907
55928.668827 -0.787853825743815 0.729578957893862 -3.88821 6.047711908 0.164274067197908 1.35728890867309 2.6229602551682 0.0846406610571679 3.15407843581228 0.88436751491402 2.07003897245593 -2.33939348628575 3.35814272485981 3.25941706515075 3.6769546388823 0.516978456295818 -1.25808620962522 3.66625040668203 -2.01173906575552 1.85334037966336 -4.34369179587492
55929.594937 -1.05756866943413 0.500634443257068 -4.45566 6.03971403 0.161997827214974 2.55018588701842 0.95155146756534 -1.3899556041259 -2.75000449066012 1.38235394706202 0.387009116456469 0.101614359357619 -4.11554354526097 2.32056982896527 -2.76392260980702 2.36798432028484 -0.712173280344339 0.118855660186343 0.911413752985279 -2.80971624906613 -3.79808178090661
55930.619708 1.76706966608028 0.598771327270321 -6.36368 6.043132806 0.161018397587884 1.97466016984227 1.83520710887357 0.69631115874952 -0.575554256906017 2.0954833147344 -0.25622062592254 1.9304070319328 -2.64816129440815 -2.2677043870887 1.03383950989834 2.74493233424119 -2.47978567018624 1.37651717204341 3.54390031624844 -4.79377421111429 -2.07783601890159
55931.6016 4.38003398602904 0.585801524013507 -5.65867 6.040621561 0.163385862575939 1.59805087611848 0.24343042345632 -2.59573801930109 -4.97757412065874 1.76878677666831 -0.8813418252781 0.0519208371315703 -5.33270254819582 -3.33000906827589 -0.69440838669102 1.02812631727974 -0.1305852420276 -0.508569853444061 -0.0732451932930793 -2.1452167912519 -5.21525996218665
55940.647379 2.12920029012703 0.729328928533183 -6.75209 6.044366652 0.163389192458227 1.77378517989021 -1.52649609967314 -0.80596227438619 -0.0781861062037899 -0.74808547545855 -1.47910765557765 0.45835314381686 -1.31900213415183 7.95558535906899 -0.4036930811267 -0.34551911146948 -0.8743911154613 -2.99867077740797 3.22812139090346 -2.2212184665868 -2.83795472967845
55947.607552 4.34719936543632 0.556682651791249 -3.35295 6.046477765 0.157425873329021 0.497698751921039 -1.14089394115056 0.21424158804002 1.18905914254251 -2.10169229933625 1.33736120595815 -0.6214837830909 0.47560957733316 1.15725012642403 -1.0678157417146 -1.38558496593473 0.46070656776124 0.84441259185639 0.69646343022199 -2.64769875863298 1.13706270245418
55949.522659 1.75061692579602 0.681228124568472 -6.99545 6.045167352 0.156524068838795 1.04517692220079 0.13806700441396 0.11549852543748 -1.11798789725666 0.50604606202956 -0.24543201137945 0.71917949555018 -1.15555720016418 9.87632865746879 -3.59894892206066 1.01463530409589 0.37103840007206 -1.04616325668047 1.24001575274602 1.39651915075131 -6.51763156166634
55953.578841 -5.2326030604744 0.464052222116899 -4.69903 6.037871025 0.160962263270874 0.298681989030165 -0.29458106920729 0.53671890319343 -2.61261851832974 -0.406816333180649 1.29054116293733 0.23210610667541 -0.78273977685576 -0.9696754742987 -0.64796352615176 -0.00445173387373998 -0.72162370899356 1.53272507901003 1.18255412828366 -1.56439291913117 -3.11047125710237
55987.521754 -2.5136321961862 0.637668397518471 -5.72333 6.044320463 0.16068843795619 -0.59710554868062 -0.85975648326493 1.256075033786 -2.45426522786544 1.09068421325277 -2.68669021973587 1.93883132899289 1.3797986217496 -4.30329548577299 -1.31011693123462 0.86178026000735 -1.27982654044561 -0.0527786269017301 1.83853918158133 -0.90997552618667 1.83999293180992
55988.516256 -1.79212820545238 0.604738598504145 -6.18865 6.042723662 0.159136559130355 -0.221265313427593 0.23033262161039 3.04310381908675 -7.67132418501818 2.9477958599739 -2.07282760547446 2.80597953397481 2.85112901520966 -13.0028730366665 -2.81487286518614 5.18675923777988 -5.92582764280435 3.04860007122189 1.17649202643055 5.02342322916042 -4.3210509899612
55989.513999 -0.140663345252379 0.560345467915581 -4.86965 6.045306889 0.160031482234232 -0.00362676797229375 -0.431246815362343 0.638901340017838 5.35677099909058 -2.76121681242623 2.22978346665241 0.362677143132394 -1.83278560534593 8.28997543620084 -2.72950830445146 -0.221209119344568 -0.854964408937223 2.45448552386537 0.298495344462918 0.0186165094134199 -4.95805565698954
56115.929374 2.48512466238261 0.670102743266213 -2.80457 6.051566227 0.158565445322518 0.434485849844148 1.14234877104332 1.71496486401585 -6.41733660592722 3.34921957657534 -1.4849818564767 3.33225426845017 -2.14974474229889 -4.52027624638592 -3.54958314721902 2.51397985751106 1.47509610024184 -1.62193993850895 2.29033296832766 -2.92579494451459 7.84324618488998
56118.937392 4.13493783792773 0.622588264596538 -2.15959 6.047812263 0.160980313562111 -0.1002455492869 1.04273534053213 -0.484686121017989 0.37914616990082 0.858855028492929 0.18831074271186 1.58560672836506 -5.07764322367302 6.64259943201039 -1.30191305633894 -0.52146785893497 2.89433576962718 -0.95716826814488 1.91582017255731 -5.73191069543999 1.77869579928648
56149.833258 1.46904549387638 0.857723936743467 -4.46961 6.044003223 0.16224097704017 0.527520311342232 0.691871137345076 0.21378774299161 -1.61628751279644 -1.29286771413471 4.43018243536473 -1.0010091165516 -2.04056159529607 0.1517028071679 4.78961131336694 -6.06552331752656 3.96469188602672 6.22438373103386 -5.10404174467982 1.54993239289742 -4.61956423009116
56151.900064 4.71269587438822 0.778373010018319 -3.02457 6.055873549 0.160205081616335 1.14539301553436 0.85353938031635 3.44159474670855 -2.66531905680309 2.04181631949261 -1.15621962956815 4.95889413599123 -2.24523592566567 1.04657991255527 -1.28833407970952 2.43160636508661 -0.893061032201111 -1.54855600561876 5.13620022393665 -1.71394486857973 2.73914554469566
56158.829007 -5.12221984918857 0.587237010361619 -6.82059 6.052368555 0.166672093101342 0.231009742162902 2.39115518618546 -0.1342276795765 -3.15550564297145 2.36915796465777 1.38907834324303 -0.30302456244949 -1.15849613121537 -3.35569531713669 0.16423768520355 2.45174748773929 -1.07431765891225 2.51483179580721 -1.42531003944014 -2.66699773113236 7.12256776706659
56166.889724 0.569665362101809 0.613326427142464 -4.61127 6.045411394 0.168408054477621 1.41338689727926 2.64638783209984 -0.576152328575218 2.98863165742055 0.947136043299107 1.97428932515356 -1.0309711302492 -1.14419014203188 4.79149787125849 -1.91605502252088 3.27733185973176 -2.58362621453569 4.37194178529271 -3.69819068076357 2.19571711631689 -0.27570920133801
56168.854623 0.851670515009626 0.67583329618289 -8.86088 6.047167069 0.167006352707887 1.18514923551803 2.60562187807904 0.51309186687562 7.64911720547425 1.01530099361133 -0.21392309524285 0.42281940361361 0.45012876055969 2.92334408702236 6.38940083053806 1.59067348286147 -2.94816756488172 0.342176501763913 0.737674004133706 1.27658841192997 -0.77962120007648
56171.820968 10.1730985604837 0.591029928364401 -3.56553 6.05081594 0.166737697779265 -0.918913849920957 -3.69520009914119 1.95361774735879 -2.0400727060939 -2.9694835583218 -0.491162204645329 0.239444105499279 4.62573205622215 4.2547786924959 -3.8064338272093 -1.59545012472104 -1.31616276525347 0.10241739351912 -0.15170122283144 5.40055030233023 -1.8966313690709
56173.822854 9.72432968253389 0.944833189544715 -7.98835 6.048074857 0.163813443734934 -0.545480146288012 -4.06963991555796 0.7985988790119 -2.2147761766768 -3.86252338355431 0.500388979675961 -0.359173289855571 2.12905072314142 -10.1221185313981 0.545319220741799 -3.34157210877906 -1.56514440984199 2.27366788969026 -0.33268768343204 1.02806638025293 -1.91374045503623
56180.849453 5.93403289442279 0.943347129784964 -7.44361 6.051223714 0.165956237649855 -0.617259758832817 -2.5786736366834 0.52515993813255 3.38714692638578 -5.89121499668817 4.993258332249 -0.74413525972605 -2.55196930976513 -6.5276290780035 11.3212665986355 -9.51340784251275 4.2432445852159 0.16093785403484 -0.15355165252115 3.02201598676958 -12.3998067832052
56182.810954 6.12323480906679 0.841450460993547 -4.07309 6.038859851 0.165909086403242 -2.43321842736898 -0.69733768204939 -1.00795674223434 -6.69895728561823 -1.70737106026886 4.74488960961272 -0.170178733709591 -7.22884020955572 -5.0125775612604 -6.27519948317496 -0.0873919953661804 1.96780115623837 3.12169987195053 -1.62686045905173 -4.16272270401097 0.67892830505108
56190.789593 -2.13878232895704 0.725377460058251 -6.24408 6.053697038 0.164553437586436 0.156492280941538 -4.51019519000174 0.38003832954097 -7.3464723992601 -2.58658502184569 -0.60809249892495 -0.27073380217338 2.18802466901087 -10.6368145709271 -0.686566274009458 -4.77987258046636 5.43077454053393 -6.51924338314501 2.75499081120488 -2.04209149246234 5.69278659310769
56193.831619 -0.111615558690075 0.802632955572847 -1.51525 6.044934493 0.159251142631197 0.0529307047040094 -0.087781929835298 -1.5419069382307 5.96816114169857 -1.50954728052168 0.306885944033432 -1.01071328230987 -1.58857551696641 3.50081317509896 1.1294078646245 -2.37792955029416 2.16793475728915 0.487672471477217 -1.4507349874973 -2.48303823988133 0.89625157526976
56198.783521 6.42577081148086 1.05947644750388 -3.00877 6.056993186 0.15951545253206 -1.08379409548235 1.26145229145325 -1.77940745207437 -2.40386690929883 1.31982141455451 0.823243141092139 -0.365428113946369 -4.19174675894148 1.57171149234174 -0.54756656180089 1.39922670948382 0.87638527908077 -1.71348769088841 0.84873184332539 -4.26663280328122 2.45317823604125
56201.802004 2.48662626096924 0.851154627701549 -5.77708 6.047052535 0.158239306140645 -1.11481555617461 0.16254791677283 0.14368958840377 4.57203258871053 -0.30063379191172 -0.93791094733482 1.11517771377791 -1.2413164935277 3.12262793164525 3.29214760926177 -2.32959556516292 2.14840288722307 -1.36163404138561 2.96138765003102 -5.34793582819939 0.961952681740024
56209.809776 4.4629230423685 1.23951895827618 -2.75951 6.058526674 0.151274859627534 -0.80451407447708 3.59306657873747 4.42330137590012 7.45456933963962 1.3180400269993 1.54722669605725 2.57234878410158 2.60613154588141 23.4879679092829 -2.89399889722246 1.40484378683238 3.06808337548638 -0.27481929261211 2.43246321399003 4.46529702782578 -6.52240606463885
56210.79194 2.28486127244379 0.612365981608364 -1.47991 6.045991679 0.157302178959316 -0.258575380027667 -2.88579715061965 0.28537104021636 6.62241269747533 -4.85498454084673 0.953827311063202 -3.06470832759876 6.94076880901674 4.62994660856327 5.19577631453395 -5.30152547132407 0.21616811403922 -0.74381686589447 -1.99134263693625 7.55293948235203 -6.631563405232
56212.659018 0.392692857726293 0.643258014946094 -4.72263 6.041634189 0.153864199775072 -1.70449063065883 -4.63256959652452 -0.208130853708542 -3.88601347752247 -3.62894124443978 -0.267378326881316 -0.895692921285727 1.9371952080335 -9.42371694344523 -0.68788061238686 -1.44202335154892 -2.6419337586134 -1.30821996510329 0.32171961042865 6.92113691774043 -12.5296136234236
56216.821466 -5.96065801935476 0.85461319759048 -3.06813 6.050164528 0.149661017362785 -0.634056199273953 1.04096792979716 0.75449734844557 7.24689981556294 -1.55846727001286 2.13378184619585 0.23676886345259 -1.16736594681099 11.5098851765111 3.59830382272236 -0.72193000587572 -1.38635843965331 1.48759355428525 0.36698450521132 0.98680539473633 -3.35141062528783
56217.770485 -5.80451531391763 0.841345857004097 -4.44259 6.046899215 0.155565950454219 -0.445932849547551 -1.1939936583461 -1.82675035024018 5.29686563144524 -4.05197277810738 3.34311055174776 -3.19391911072175 -0.55236527616195 1.92401173366798 4.26867262290032 -5.75127351767374 3.85526464886749 0.47104546943741 -2.03740147995848 -0.74305530095293 -5.25507054846652
56219.770905 -6.5002744177407 0.771496055425044 -1.44259 6.049619287 0.150759789644501 -1.02155400765218 2.06999084903099 -3.11540723711448 -1.58895476764004 3.08433940254094 -1.28668210918499 -1.24013487951782 -3.00730123010612 2.76021154103922 -0.28702305125481 2.86489065107078 -1.93590025518987 1.17432477714537 0.29529646766196 -5.00247587710532 -4.47932846554789
56220.779644 -5.27890086513628 0.619921449513017 -3.98825 6.040199332 0.157095823843948 -1.28379774115133 -2.48196843501541 -1.94905111146139 3.28920474095836 -4.90442845512322 3.27342249501149 -4.58171448213815 2.56829992595975 -1.18712629517328 1.42646914196132 -4.01984531081071 0.95872845174448 1.23557152827455 -3.55718718062025 1.72061332675257 -2.38684416511192
56220.816126 -5.17979877395929 0.590775783990519 -2.94224 6.042334261 0.156600145411436 -1.17971277610405 -1.46517641879542 -2.76736050111241 5.29089632070865 -2.17252122087762 -0.91977978010818 -3.28499322769515 2.35906015843863 0.434134055558539 3.67648487883666 -3.751278840245 3.83056607486802 -5.35450843048293 -2.13330368005637 4.54102046257894 -4.00269807848204
56223.846605 -1.81780071922054 0.627110575191234 -3.61478 6.050735532 0.157535846275412 -2.07286196868324 -2.80369134425209 -3.19665863048559 -2.36801045592299 -1.31934732520456 -1.88086384969115 -3.97753835027347 4.06127397008636 -0.32425159763887 -2.37860958689141 0.634791793262342 -4.33015017277387 1.21247815190558 -4.2389585227586 6.02941817804992 -7.80895659358494
56225.773538 -1.25821729589348 0.601960913510645 -3.4378 6.044977827 0.157126160476065 -0.677745522856122 -1.27815352622193 -3.57321169490888 3.68581536219096 -1.66613641942784 -0.797598941607348 -3.07832432458958 -0.26658037650224 -6.69523726054218 5.24162839197367 -3.1248436057812 2.39858661785582 -4.12425810195481 -2.14826744176396 0.72280017964699 0.59274733690485
56229.73378 -1.85411281891699 0.892782054315551 -7.45005 6.040035126 0.159407167579774 -2.09403240349049 1.88359212732622 2.26612747711252 4.36667140793478 1.33544146271688 -0.7930374525382 1.41112396880285 2.96398767330508 2.25184533330408 0.42151577641477 1.52819806809061 2.14136446684944 -4.15448205174532 3.15346200793711 3.64040980546223 -4.15549970684063
56235.62553 2.24506063537384 0.752846871339843 -5.74209 6.047663743 0.158193108772093 -2.46044054611674 -4.7948178968906 4.46720166192443 -3.69482654337986 -3.60149904720106 -0.74215093197961 3.60269171730155 2.82677619786672 -5.17499009552534 -6.1717340491562 -2.21962985392071 1.03413829006164 -1.01205314461905 3.45692097392275 4.80215907102543 -6.27125961064423
56237.622423 -0.432441102330073 0.676237068522572 -4.60174 6.044147815 0.164541985347627 -2.85949709582144 -0.596269842545329 -2.23308688788913 3.50839687772965 -1.31324915985265 -0.103600770673547 -3.43830124994003 2.92397037981976 8.54175474931197 0.00493966445103999 -0.00465022462858 -1.42482932403766 -0.820240364790636 -2.81421569755653 7.06843445875619 -10.9680585865035
56239.645492 4.70541026593073 0.710408470156322 -4.57037 6.045249788 0.163187566204416 -2.67161520133595 -1.30332332327692 -1.67498171293047 -4.8701841590301 0.25236209564539 -0.8954384347888 -0.0116279227628997 -2.92169138349438 -11.6198985265682 1.24710813804303 -0.87077105764132 1.10999374192798 -2.45428524918023 -0.74862417718585 2.05803210910965 -4.04354991181617
56244.589816 -3.98027048704422 1.40751173067269 0.327985 6.061880983 0.158446743625409 -1.15633881313404 -2.41189782210499 2.81976768425866 -0.49828403992518 -3.00205648163631 1.27876721517546 3.03643450353411 -1.85671202110018 18.7252771520916 2.0791429026976 -6.47130082717794 3.6712971431019 -0.59623610250962 3.07463465275852 -5.48948069784024 9.89008375292808
56256.614192 2.5458809857217 0.801196659738623 -1.21262 6.049119631 0.170704767227692 -0.671771965979243 -1.24374305474793 0.98886403995059 -0.50357000357105 0.96508509581211 -3.99713603960088 2.38942016763296 1.1447531483938 3.9944652737777 -3.90377886503856 3.57283813680234 -2.78945841873113 -4.8027768525776 2.56117136710962 7.86325016567108 -8.97142182785839
56257.591684 -0.638656357619243 0.605458753919647 -4.0501 6.043501985 0.16112795507766 -0.038945063932561 -3.01737524813333 -2.13979852148363 1.39757319905572 -1.07205212074825 -4.27420445679519 -1.20470158425514 2.52789509752897 0.266968022917986 1.92779882633979 -2.03201113018923 -1.73421061553095 -1.90505838546094 -0.90587550795252 0.70044384555437 1.04217637519963
56258.586002 1.41502959442635 0.689309664157853 -6.45241 6.049185842 0.168430558025056 -0.439880744606639 -3.0809758690718 -0.954895819885738 -0.60764327480141 -1.14022360677926 -3.4436302578851 0.845875243897208 -0.386934450928237 7.2491352379745 -2.81327441295831 -0.3829907042275 -0.39853922609249 -5.27481684209187 1.3172842278722 3.68977655720426 -3.43250429957341
56259.564915 2.87698349224805 0.629847682012785 -7.82376 6.050218432 0.164068490633564 -1.91216773391362 -0.34591444318782 -2.57844355429265 -0.01308783240593 -0.10917539380036 -0.44292237739229 -0.6550378833672 -4.04386013457226 1.13710492815937 1.21578649254282 -0.92314703967979 1.58418586085575 -3.09168325327433 -0.62228064907458 -0.462334965308045 -1.06587255561536
56262.720702 3.85442847737857 0.652259929066884 -5.39627 6.047426047 0.160560185038463 -0.364782138345892 -0.881893362259491 -3.89324505244713 0.54256805210291 -0.27268393395753 -1.38543231639151 -3.19273949956261 -0.0974325064122831 6.2655879864698 2.34213642019878 -1.6941021626793 0.16916193590327 -2.08569971115739 -2.42417377416256 0.684546975146327 -2.67565592673555
56262.731628 4.17573012749116 0.606219670211191 -4.77431 6.045211613 0.164937422137978 -0.352466717818176 -0.37728011212231 0.67291990196631 0.838414674094599 -0.713533586603039 0.28794726372093 -0.3798453257969 2.21585532542305 -1.40631268930461 1.53182454951189 -1.55420652367337 2.31626612520317 -2.61415671169034 0.15640511933287 5.27390158880089 -6.92841005180854
56263.684553 6.71142658537773 0.742120828677037 -4.36296 6.051098515 0.163526273948264 -2.94746663342791 -0.203885283374 -0.52957888151517 -3.08475588937292 1.247794993992 -1.50018294146196 0.9860751868775 -1.91727159581889 0.0426799201023398 1.8588600203703 -1.37059865922361 2.35029396365531 -3.36949422741845 1.5490170019283 1.11154458875681 -6.45990240245154
56264.746664 4.91179807993196 0.483328352220424 -5.22179 6.046745199 0.162031705074375 -2.16251859921034 -3.86493578342492 1.33871003223709 -2.71422032369665 -3.47325442007639 0.38690128783524 1.3176309238027 -0.40558243183931 -0.104213116930399 -5.00718449285999 -0.4136120111966 -1.02067729558055 -2.00350466480561 2.48826893064205 4.61854118016394 -10.1466627065747
56270.618758 1.60286143784392 0.606264418788354 -6.65451 6.049663189 0.162892180137663 -2.61646229997269 0.52609742519416 -1.45604403019881 -0.39052086579936 1.98205325338412 -2.61085061641698 -0.495410956738786 0.678307752173337 -11.0781849966171 1.34238026935485 3.84065472705478 -2.79835134106085 -3.35249302870135 0.986380689655654 1.11239449392956 0.54639585891659
56282.647488 2.56474768818331 0.710705143109715 -4.99302 6.045470541 0.162444634412282 0.071496646428417 -0.86522831189053 -0.87354720705683 -2.38574041724072 -1.20809775103904 1.59904999546442 -2.39784043749261 1.83710677717601 -13.106704490677 2.82605538968335 -3.38134725189707 3.46878984923317 -0.10089984100101 -3.70866216377064 7.42820564778501 -11.3132413488696
56284.661933 -2.20535177820104 0.538722104714698 -4.33671 6.044409401 0.165326680650909 -1.05371009849831 -2.53202898914758 -2.8700183389673 -4.54340565401933 0.70389888062212 -4.26530145288983 -5.50293113426027 11.345561001247 -0.0696283250089098 -5.17773761748193 3.95416278321069 -6.41224691083092 -0.21807874777007 -7.20370023359176 13.5339481812106 -2.78405323067399
56287.647289 0.0558912318891701 0.676145264462558 -4.31175 6.04350177 0.160815264748543 -1.02001891621643 -3.77900058496172 0.196165990554679 -3.52286345709448 -1.00906673702833 -3.82805018898794 1.59176379517493 1.10971495239809 -1.80577938211652 -4.59181534692013 -0.965181099736312 0.894712751385502 -3.88981782121474 2.59795411793565 2.20799919821805 -6.57482857607049
56290.607455 2.45580230441257 0.544695883834241 -5.10806 6.042404579 0.161935433247308 -2.6590611744946 -4.07361278690602 -4.95150450570918 2.31486227842057 -4.62607489809504 0.0313689904219099 -5.93626770213649 2.4014515057076 0.09079723971099 -1.90534706741418 -3.8477957179763 1.25737779987845 -0.74488929906155 -7.45173124036772 5.66153936636703 -2.05166569150244
56304.636162 -5.7538789674692 0.581406831529037 -3.22482 6.049939064 0.162128373249113 -0.607372185851362 -2.1859430299863 -4.12073288665351 -0.77554927252029 -0.44636588324838 -3.03003833698651 -2.37581434667601 -0.68740807810731 1.57890735193493 -2.83799961739763 0.31645566185599 -0.75283817860871 -2.87935811512942 -2.80655984845276 4.93936190961398 -8.98978348415968
56306.583389 -5.09977482612004 0.508504167760517 -5.86079 6.045190607 0.163192257227038 -1.34998610553573 -3.16761541378677 0.0334519879544501 4.13624139387552 -2.98492862887908 -2.10882236846821 0.36799974743932 1.69262094337003 4.28253473705131 -1.91905617952395 -1.00779576509244 0.183276034763329 -5.45795070185233 3.17726635952497 0.80239079791819 0.0659105679095697
56309.587265 -0.84011455351878 0.571375703155434 -4.2534 6.049656668 0.161704752550442 -0.888082616680542 -4.09633202184294 -0.0625270591848097 -3.71597159866313 -2.81631682708759 -0.89163046216565 0.21836473753044 0.37013675918607 5.90592049777102 -6.18271001579073 -0.12111692833319 -1.86443004319116 -1.91708702839791 2.62101376922103 1.36662264301288 -7.76251095593796
56311.5968 -4.6066637667427 1.04501689287786 -11.54123 6.050134386 0.1624965910531 -0.995111727891953 -2.64953410935491 -3.20853503663715 8.08389369657175 -3.48788051920959 -1.36885132786674 -2.24456035883228 -0.772164996696111 1.8464748254326 6.19221819664204 -4.3388798145178 -0.20804975427494 -1.92268367031486 0.18698900992642 -3.87165364354532 -0.1176568867886
56318.589244 -0.11374481859971 0.576952464104556 -2.44847 6.045487024 0.159013818277844 -1.73760602377952 -1.23280998650794 -4.09359513577436 -2.11792482503029 0.41417452789092 -2.26955070803896 -6.307203669864 8.00533677518361 1.00750655751366 -2.8783734946961 1.46310924533978 -0.10173759750727 -4.50765501994684 -4.34550271644527 7.38786103180337 -3.402803644793
56321.576497 2.96806348288339 0.633156752149643 -5.1381 6.051936168 0.164528393497974 -1.40192372329982 -1.00871457127908 -2.46088288078689 -1.32597710958891 -0.99835055462529 0.52346364867203 -3.71916423132414 2.44187835491275 1.90765969078618 -1.85391437893018 -1.61502156357444 2.28036853996853 -0.86096679407958 -1.60492712907969 -1.59893086894119 -1.03861891712877
56324.568588 1.31983622406848 1.0524481333205 -8.81358 6.047427828 0.168234285548876 -0.826247502135107 -1.44047029875307 -3.91043872113599 11.322790395158 -5.2980451076777 3.08152450185342 -3.45537448744498 -4.52772849278411 19.1419730062092 1.82455773784266 -3.53977507016704 1.12024069715321 -1.50823353987974 0.0519636086259498 -4.23760187842027 -5.31813977941883
56336.5339 0.328866416020588 0.598971033752514 -3.68411 6.045178803 0.157926701641176 -0.942638841811393 -2.36609349181672 -2.50095211493495 -2.61621389913025 -3.24424277515247 2.67060998569654 -5.05588997131175 3.10659357589111 -11.0718472081683 -1.69601667332783 -1.69344012845653 2.12698624964947 -1.96502623996975 -2.73911340168872 -1.36795391138179 7.84024279675282
56467.940519 0.837853157772187 1.02666186211459 -5.05229 6.059110725 0.151589657043917 -0.160500999183819 -3.21862916007722 -0.919422575235219 2.24975447375537 -6.01744635227303 4.35995340663889 1.20735257116496 -9.45499725126076 7.88357738457265 -3.71485828107407 -3.84066137438576 -3.64017778127127 11.5293477417307 -2.14878341062699 -6.02558088667921 -8.42957632128492
56474.928837 -1.42944419684431 0.805211103668774 -4.29228 6.056294869 0.159669629383654 -0.553643158167207 -0.892613592709749 -1.26626648880135 0.373780546806896 -0.643375588753909 -0.6107939578306 -1.16132852302786 0.41458474496516 4.72957672718441 -3.48786923553718 2.65642154833929 -5.84047772326633 4.20801173983182 -2.77376929430745 3.04567358391268 -4.78068602766392
56477.922205 -4.23857033593895 0.815391662256243 -6.62517 6.054946364 0.162248891157363 0.158219848330113 1.22291200971938 -0.57924688432303 3.32145214196364 1.09466347381639 -1.05093125513029 -0.211314649989291 0.28544192470029 13.4078934815042 -2.28736057260207 0.78965325796825 5.32647655101402 -8.8099171943131 3.46214537045574 0.49520399305268 -1.70271557136961
56521.890988 2.67314250855296 0.597412765686174 -2.82774 6.051591363 0.163272604331303 0.122943753499399 1.20132936013586 -0.62257638575423 -4.23202527742188 2.21626217305551 -0.11104399067127 -1.44205058431814 2.06200059699445 -7.02198821341322 0.27027647433305 3.0730814435039 -2.04296577374294 -0.16412765847847 -0.91711656746742 5.2426776695076 -8.76326259521389
56531.824966 5.48278932677561 0.699736613137976 -3.32503 6.05703694 0.161272449483677 1.72317075119241 -0.0400647177131299 0.56026466530737 2.24341052060912 -0.0261979924804301 -0.92984360418222 0.4283899301842 1.31437331378619 0.15388934423086 2.18667176218293 1.22553189227753 -5.18113987463441 3.71297424630261 -3.14378825033119 10.5751302917171 -13.7056686284485
56537.843612 -0.558798005777968 0.636190603579534 -6.69593 6.053284755 0.159752885052212 1.09509719520261 -3.03977625903994 1.34325997189427 -2.23279642369685 -3.01583564403114 0.88631790990799 0.346207920446205 1.37279253271326 -4.91028654440133 -1.7613587925244 -3.08504489658197 1.83839041897607 -0.19092231600291 -0.21732713244769 2.14067683960866 -0.32430412954568
56543.85301 1.40856464315403 0.670825525214201 -3.75521 6.05185773 0.163145411666559 0.848252750786615 0.31989915042734 -2.57409916207081 1.71134889773543 0.15248823092112 -0.41147865850667 -0.61321949251411 -4.13409800691948 6.87291116339568 0.15712019221473 1.38590232515317 -0.01463508453506 -4.73885306289019 1.35336816049398 -0.563092738598718 -2.70573524801633
56544.864569 0.308047017976099 0.837532606163791 -7.8327 6.053397455 0.156775899870131 1.55014315533932 1.55014315533932 -1.64122774758415 0.657099517966345 -2.38546314795575 7.20356023966963 -4.40200166050328 -1.50756144589035 18.7666211391613 -1.6142435171691 -2.60008307066306 3.62304041338863 3.31636473198629 -6.75850763455706 3.37718220770526 -0.364619240077959
56564.742928 -4.34000777836902 0.681773037205807 -4.56408 6.052959943 0.161165786128745 0.437787052835544 -0.49197197668727 -1.72326409961435 5.67736205594087 -1.74048583665571 0.00621956071154006 -1.42348082586132 -0.70131957276226 2.20905936598458 3.65721427662547 -3.54341909738346 2.2626670220727 -0.39473678314291 -2.65494218482516 1.44990283042039 -1.7026596669139
56569.748391 -1.84572735706393 0.687521409299317 -6.61654 6.054447048 0.157343115072323 0.938532531310585 0.488392998153762 -3.55939081241882 5.53462885923527 -0.855252911655768 0.218373743294993 -1.80935292781598 -4.37266515795595 0.57483113216113 3.01729361677662 -1.339676406527 0.91211578929106 -0.298599240303182 -1.46089724447445 -4.32777429763504 0.48493281018293
56575.811526 -0.767626253232827 0.533449561242792 -3.42225 6.051588712 0.162026268468546 -0.192399190327437 0.547534436852355 -1.45742081136424 -0.560327630276169 -0.73757310029729 2.69415843239465 -2.91436975408252 0.41805931784189 -4.13186646745002 0.2810323735024 -0.6991621168865 0.55366165764449 3.15689109259227 -4.24373549214719 2.30405429335037 -3.69042322873166
56585.782507 7.03491330813348 0.734719649977919 -4.24039 6.051445612 0.164008022428693 0.198315102366607 2.17108861191069 -1.18444540546451 2.95507882750286 1.48468546587235 0.0452076796190699 -1.64235806254663 1.09740419852736 8.64027270659779 -1.29977623935959 3.47922073539616 -5.58489247933731 6.71975329975289 -4.54067918272084 2.69378182696023 -3.32529206530382
56591.747715 0.667615622314611 0.90410918395973 -5.54966 6.052688997 0.159660299867938 0.154612410226326 0.359487735806055 0.0748907445357929 1.50245766670015 -2.14647405076203 4.15398496948414 1.09430540351584 -6.9994119627549 1.21730660298032 -2.17588705397455 -1.42315628928394 2.13962214065257 3.40008761903508 -0.4836690360996 -4.16016366330616 -0.734303040322509
56592.778494 -2.72184396672605 0.569331264877431 -6.41661 6.050098995 0.159964532171978 -0.455723515915007 1.32560914428697 1.72374628367504 1.66199729846985 -0.2008825064593 2.20114179956959 -1.68952096214506 5.83234812763314 -8.89403914272217 7.22520474836421 -1.82628384324253 0.43355949539929 1.54024735580828 -1.74080887835932 4.80319149064079 -0.92951461851026
56594.735315 1.52085100920717 1.05178786579999 1.616652 6.048129098 0.15790910815621 -0.947791082587805 2.58177970192017 -3.83359238166573 -0.850504505952949 3.15332431725892 -0.76172400866047 -4.3012250492032 1.99952354393183 -5.23080095051451 -2.30279439111108 6.66616377218942 -7.50701074751703 6.3089937007248 -6.12991602970093 0.666042420467435 1.71498626951333
56599.760186 2.45948707495864 0.682871948180676 -3.29489 6.047853621 0.164247546715616 1.20910694205373 -0.76532225744745 -1.31018559658303 4.03917291281005 -2.99566686893971 2.56930265518801 0.65288023218808 -7.74625033168656 -5.77022898586982 4.58381495942975 -3.560246965772 4.340280281334 -4.56776066142347 4.93590869131418 -6.96490065795863 -5.50295887223252
56601.719571 5.3974671975706 0.613786563555519 -6.26298 6.047261264 0.161859729237166 0.9963829667437 3.16503904711472 -1.94532219536183 -2.35571377364205 3.79842198029009 -0.2296629856601 -1.72525853120569 -0.270188059544489 -6.43479817204858 -0.0582433756848202 3.29962464110935 1.05641487412485 -1.01705461883771 -1.0026590004495 -0.80540503354338 -1.06108688923234
56608.800571 4.54469339817368 0.745417076562398 -6.85203 6.05687227 0.163579734846424 0.614109204376742 1.35872831139644 1.13498165016309 0.99403429569627 1.50840516617238 -0.68862764025694 1.06499501771018 0.95121674497484 -2.66564390476517 1.95156327481595 0.34257179532114 1.13133616050992 -1.01916643199236 1.60620755648674 0.186241191844601 -1.45410063963206
56613.651472 8.55568002380417 0.719334490252303 -4.83755 6.052210283 0.157642468219419 0.994129600804079 1.14745822389375 -0.29815536396743 -5.12766691136061 3.71691028330841 -2.76960751606852 1.8060673446358 -1.86555200914716 -2.18317136549798 -3.08660975478009 4.43211312672487 -1.78582331558519 -1.95713631953233 2.20798955330016 0.99060552182676 -5.75925578564497
