Time RV eRV Halpha NaD1 NaD2 BIS FWHM S-index C3AP2-1 3AP2-1 3AP3-2 6AP2-1 6AP3-2 6AP4-3 6AP5-4 6AP6-5 9AP2-1 9AP3-2 9AP4-3 9AP5-4 9AP6-5 9AP7-6 9AP8-7 9AP9-8
52941.867888 2.14088731479768 0.479930885380262 1.01727632464646 0.573458865835819 0.394633392988275 -30.52065 6.668836937 0.180746510921893 -1.00749362725779 -0.46888842194908 0.33742200581447 0.29928613334579 -1.10334392128552 1.10028222216875 -2.75290494385841 5.8289817126568 -0.2438767710094 -1.18614653601995 -0.0937002764695101 -0.0471580743153699 1.06269167733431 -2.31651976805906 0.552711427476446 8.4033077428537
52947.81933 2.19965818646131 0.420555834195991 1.02642382578618 0.578119177409141 0.393729840758731 -30.83924 6.671314728 0.176438559043755 -3.01780631716618 -2.72172376022128 -6.01588703226117 7.02668109495378 -3.11658113073675 -4.30316842142945 -3.80428274509214 0.25775832275268 1.65244784851662 4.35938365659098 -1.41976274420555 -7.39995126201364 1.45793070941792 -2.43161932049976 -5.86383130571859 8.08183819356156
52986.760546 -0.734664758968682 0.52413933722917 1.02951605675811 0.582470883146595 0.393783790939066 -34.83715 6.666165225 0.175998294810467 -2.60705640525234 -2.57053351669568 -2.2425842527161 -5.59404076006505 1.26884212425842 -4.30760049549719 0.25176930040491 -0.57873802885934 -7.51292600990608 -2.22537082233309 2.20942253062666 -3.01611003074576 -2.26856162568508 1.09297868297211 -2.81563423268833 4.80284192140412
52987.731421 -1.07487223062274 0.568704459844468 1.02524108716834 0.580795193744735 0.393758970245548 -34.82597 6.664754006 0.17585049169009 -2.97106462022017 -3.64600355636338 -2.41954150195265 -1.16557306222713 -1.64342483024461 -3.30476798374602 -1.78739342694676 2.38316877708775 -2.37439345784934 0.13264644254324 -3.52696964851523 1.91153736162009 -3.32239948831271 -2.39289638986806 3.82684514782407 -2.46393717264053
53031.602206 0.947766406773957 0.484153810442429 1.02607692277987 0.588432853684492 0.390622760994575 -31.22519 6.667885238 0.175136310488713 -3.46218417950787 -5.13624001128712 -0.98515000142256 -2.36614545201639 -2.9940359915305 -2.83334057345416 2.43091001536578 -4.67718984807228 -1.49794341271736 -2.84817071308844 -3.15887798289241 0.971877984779871 -2.92657894294456 1.75224156811709 -0.693468725706943 -3.95083335719949
53035.669408 -0.57208789377076 0.460050059203592 1.0222185305807 0.585836995093772 0.38958202030399 -33.49362 6.666995382 0.175700294759262 -2.61343189970315 -2.6209766284909 -2.42965506023122 2.89547212810633 -2.35144863268753 -2.39066320312648 -1.0283364847552 -0.46387635400368 6.15418196512679 -1.55253749059667 -1.3196782863881 -0.948611068552741 -2.85743854690172 -0.44098308120883 -0.38006354617 3.10320518541789
53054.578949 0.308438330993153 0.660926362755864 1.02034162453636 0.579173003821598 0.397568821604981 -34.89563 6.6649642 0.173259380098168 -3.8859441270224 -0.925655861063756 -3.86000218052159 0.68262815666422 -0.955399192101909 -0.346033877993258 -2.14772987500409 -3.57681888898109 4.88067104613346 -1.28216797935991 -1.55138501363059 3.45996239164846 -5.18472719976537 -1.84158608422368 2.24111752349115 -4.73124594951828
53057.586603 0.364786055117816 0.457354568474918 1.02609926776719 0.583080377619843 0.3988075586911 -32.31954 6.671247792 0.17618882411793 -3.45819412100267 -4.31994301240099 0.84017673154788 0.95297728312195 -3.67831714249705 -1.98620253207917 2.54257792137062 -1.58961895089739 2.8346069612299 -0.29702558944406 -4.09268568093259 -0.017862286060777 -1.77399699791644 3.11122125437135 -1.35744855669611 -1.69464276767577
53757.623214 1.57327880198137 0.379284313839266 1.02242629265936 0.592851493177315 0.383030494433912 -34.57219 6.669666248 0.17379678385856 2.13700305997089 -0.04457355056251 0.72690347029114 -2.1377726488953 0.753975857184032 -0.34923471811382 -0.25859861499781 2.70715420788286 -2.59986481737722 -0.2452718101758 0.94705657922348 -1.67599163283973 1.73249763693563 -1.22428964069228 2.88740640797723 -0.73674071574277
53757.628978 2.75587828525917 0.383009018333512 1.02272363581619 0.592933841423542 0.383172205535926 -34.34579 6.668968311 0.174126063745429 0.367304329569366 -0.97987202183483 0.44696334266817 0.00175151219814973 -1.03896148045442 0.12379302082293 -0.2519896589195 1.45407122809701 -2.47425631545886 1.62834353682798 -1.58585057041854 -0.23220073431783 1.04172925129284 -1.0815136464549 1.80275107150767 -0.39405461851386
53812.492598 0.309137180617935 0.386127726915982 1.02233989134946 0.573400118903867 0.397126599838048 -32.99472 6.669669543 0.175352805074297 1.30778183403038 0.176388564908432 -0.215549739296926 1.50635013396415 0.380674577764839 -1.3426022495671 -0.199740018133575 1.57348308867609 -3.41171208677357 3.18913972799242 -0.15382370166206 -0.432573574944204 -1.59855782471207 0.667304901902404 1.09155636270777 -0.924821562647139
53812.497702 0.343126425900138 0.367131058774413 1.02074842438963 0.573607900148895 0.397153559030084 -34.61536 6.669521236 0.17661292377651 0.790104921152286 0.190726595753567 0.95668683429754 -1.35417186570053 1.24029445942055 -1.36851027115365 1.77797878858608 -0.24025603534792 -2.20356707589986 -0.248025563025061 0.860482209895548 0.049272447373749 -0.902520473953085 2.20061734276876 -1.01426601106025 -0.491575480795191
54048.844041 -2.56211644576662 0.449302940224583 1.02139018263108 0.575239469237337 0.396033302647971 -34.39225 6.669221932 0.172581162663041 -0.857306815038691 0.58901584553788 1.75142933164886 1.22464993338512 -1.25765795370173 3.020656496245 -1.26693372129826 3.44694145928119 -0.96873043372814 3.07472133748296 -3.45724056272789 2.93712681118682 2.90675307410055 -2.96031695982758 -1.19671711393164 11.5572948545229
54048.848984 -2.38098386864343 0.319061249297093 1.0214769586959 0.57464810437387 0.394757492927509 -33.17431 6.670960192 0.173999848142835 1.14289933020287 1.98399531170521 0.676390676270005 0.75227387903328 1.25298653526916 1.06332687129303 -0.0549676261738599 0.396021086347958 -2.56796991762955 3.33780874151921 -0.21228741638856 0.4849211781376 2.22622638223843 -0.734785043664643 -2.23086994678796 4.31876271374499
54122.638467 0.62718019545849 0.416001945660733 1.02230038367946 0.584227702258225 0.392191547809322 -33.32827 6.670798529 0.172291586886181 0.812207017593205 1.51054562271467 2.20225626717905 -1.17032567830436 1.83745181746455 0.052622786254505 1.63430188225734 1.29261924645179 0.903788240634613 -0.445785134720544 1.37151437594969 -0.199154608165144 1.1554149552366 0.95378921026495 0.4324072192873 1.65687623688794
54122.641962 0.907779892705229 0.459987022045235 1.02246361941534 0.580302613669336 0.392977543280889 -36.68477 6.673006559 0.171124685460155 0.458775733148158 0.458775733148158 -0.731667264695577 -4.0318267514292 1.41637667161302 0.527746905983098 -1.18314371570393 0.432235585815786 -2.94328710017147 0.083108952933521 0.321359804105943 -0.431124422297827 2.57752986340424 -1.89217476104298 -3.22320759233134 6.65958937665265
54122.645828 1.2914799973388 0.601467264604581 1.02060175060755 0.579374159191528 0.39313264344662 -32.7777 6.671042653 0.170585129328286 0.514340729622645 0.686382539125183 0.79551914891344 2.41769697023992 0.33403890620136 -0.76379094544683 1.66762403152903 -1.15149388924741 2.75641721484461 3.08153143921848 -0.10097304079594 -1.67211774082016 -0.23691778789402 2.79738997861966 -3.37110757671006 3.27631511656785
54135.607314 0.616725341597686 0.546061395249697 1.01973254870685 0.57716485173086 0.396380910392902 -35.74715 6.673031665 0.172013758701294 0.594069650319903 0.893129122262407 0.675273436043452 -3.80381128261975 1.88958810400795 0.191465002212118 2.36536398306361 -4.17320634364 0.21995039197625 -2.41073376419549 1.25231990049922 1.51314837042901 -0.615542851518215 1.64081358557111 -2.09332147405387 0.134823210981952
54135.609374 1.60075136166564 0.555154783905071 1.01902768636214 0.576763102322235 0.397297054731088 -33.9113 6.670329173 0.172372541917981 0.806886106868123 0.806886106868123 1.72096931734003 -2.78551867582216 3.07353699121169 -2.93435662003877 6.07574706691756 -6.70232553087864 0.66536847744514 -2.1983203424255 2.48459053438734 0.16569731259127 -2.63069541234783 4.48596487870282 0.3669406343473 -6.41624257865964
54135.611469 2.06182860462655 0.500497632809551 1.01863899621998 0.575296086226378 0.395524016460503 -33.88386 6.669536926 0.171666025529896 0.10452057171117 0.10452057171117 1.48590553054679 -1.93590334337448 0.68641529504024 -0.0324915529626602 2.28001905202133 -1.82880161420213 2.08349580902654 -4.65465232430836 1.36912224942118 1.41039338030115 -0.66543843594513 1.39223205260661 0.285928790339 -0.70116728000228
54135.613575 0.457315125433092 0.533699550865945 1.02007302607238 0.57555272171061 0.39605478327072 -36.65675 6.670699971 0.172012429487142 0.806179674231973 0.806179674231973 0.720040679347369 -0.618772825159247 1.72845690738147 -1.47863569456838 3.87217407305691 -5.63319061765153 3.41124375372452 0.549190937712118 -0.158163205606438 1.14764824866735 -1.49829390442837 1.94292432938787 -0.72467088202014 -1.24792621906181
54135.615646 0.557394326977662 0.526232383827028 1.01717730698293 0.576554028349485 0.395632643639677 -34.69835 6.672390125 0.172021963547883 1.54444482287249 1.54444482287249 0.51438837884184 -1.72381900860525 2.15529278235945 -0.2254040510489 0.32414532290295 0.7106592523926 2.03005076529166 -0.944901407697001 1.26057776705861 0.927539381054327 -0.38990236859333 0.30156870531816 -0.44910567894614 1.96392212781614
54135.617799 1.15227712113338 0.535380769932057 1.01787287238816 0.575729731344218 0.395384534441317 -35.22075 6.671144894 0.172632409392866 0.837176950227275 -1.44665174594506 1.82214734991903 2.41536463353998 -2.00742130377699 -0.280112743722927 2.59525857361657 -1.48145496274875 4.59890241817109 -2.85702086782533 -1.41400031503576 2.05037260604773 -1.81427553799099 2.87075582981888 -1.56136450477863 1.43009803491971
54445.720945 -0.518663407107368 0.549623809819125 1.02056239953968 0.579158187744329 0.393990217687609 -35.30009 6.670157273 0.171721314636154 0.612762958147039 0.375004059572732 0.391168720216152 -5.7981056704487 1.3606884386363 1.49159343000756 -1.02205313257135 1.52377462054722 -0.5095107326863 -4.02925297432404 0.53732105811044 2.66551903159425 0.632770721329809 -0.783808018735012 -1.10587226561872 1.56858432006509
54445.722739 -2.07193463510839 0.528533986173537 1.02092117053693 0.581027340011367 0.395048613176356 -34.86349 6.671782045 0.172197167956591 1.05232322321554 1.05232322321554 1.41576219408181 -1.64970111918984 0.77706822370648 1.55763324333708 -0.0327405389261399 1.53024221455907 -4.69582490306013 2.46510759583423 -0.75130436551961 1.58309652091494 0.979249822517338 -0.563126730431928 -0.56777437024167 5.13609852234983
54445.724533 0.0937943682528867 0.567936366528719 1.02177969605496 0.579719341789992 0.392898537167656 -33.71129 6.673186981 0.172943476172597 -1.83931075733259 -1.83931075733259 1.31859214790944 -1.14445128690909 -2.87973816148188 2.76963338151461 -0.187796781577415 0.274762119713312 -2.21461877512505 -0.477916248266084 -3.09656442970058 1.20188626631144 3.28824166235341 -2.63677316632755 3.19335102073107 -2.23117525853352
54445.726385 -0.560869796913514 0.573750046323989 1.02303045081235 0.578666403292667 0.392866876473575 -34.90626 6.672537584 0.171083316872993 0.403804790573603 0.403804790573603 1.63078084152798 0.962668577376221 -1.2285148793125 2.69321555336884 -1.5847964356256 4.35322509611583 -1.33026272283883 0.50605918331918 -1.77886800798713 3.84227173828407 -0.8804386655539 -0.264395495301286 1.39449087121889 1.65483175204155
54445.728191 -0.0885823130740616 0.573205418132027 1.02047651374601 0.579589884170461 0.394038904902082 -36.93825 6.667838322 0.171018348512433 0.048505177857286 0.048505177857286 0.223882317580449 -0.015275656856699 -0.728889247331727 1.55804750117339 -3.35063278520116 6.48261394324513 -4.8748440131768 2.04807593432883 -1.79965120410733 3.14890673241274 -1.39160771359434 -2.38724577012874 1.40616278846663 8.54591072929628
54445.730043 -0.395665496891738 0.558465304997892 1.02038077375907 0.578137863713189 0.39451611062565 -35.47015 6.671310143 0.171802767265811 -0.810506789030894 0.767830808197926 -0.27068428582674 -2.20081192283611 -0.21547149079313 3.26772648947304 -1.69689421465425 -0.500329464358962 4.75687270647429 -3.46311036525792 -0.7390670292853 4.17044009638947 -0.29099496211103 -1.05306904361106 -2.24117022768806 3.10394131878005
54446.755795 -2.0696461391952 0.574487708907117 1.02218695044697 0.577809027200474 0.391787074798929 -33.75911 6.67367542 0.171328228321444 -0.170431154565199 1.27950597219954 -1.29024132260805 -0.54690245536098 1.47999290838274 -0.0815402173180799 -1.74093293378155 1.1303022398825 3.65399730014817 -0.11113667487911 0.8153109637908 -0.93757618395323 1.91214345411768 -1.84792799512278 -2.27145435887718 4.22583233477834
54446.757959 -2.34053439027182 0.525946572183114 1.02120818214798 0.57921315130318 0.391192525418919 -35.55235 6.671002609 0.170865286147753 0.51618571285674 0.51618571285674 -2.66656258940038 -2.65342469365833 1.25903824216043 0.0889414536500999 -1.83650997895426 -2.04507454952593 -1.48893117552769 -0.40030301104863 0.99473722223282 -0.00258670278693995 -0.26959063849755 -2.6526695057462 0.0745030316442898 0.7014959606174
54446.760031 -2.02475221219334 0.516326499922795 1.02147821928622 0.576425759106382 0.391757342025618 -35.63644 6.673158345 0.171323021771876 -0.0122606451534799 -0.0122606451534799 -0.4767819126224 -4.62665318252374 1.24540083730901 0.24641297916539 0.83046815936054 -3.33880856036043 -1.33632078847785 -3.85770264026474 1.31405336736667 2.22233496734739 -2.09720304703294 1.88771856702073 -1.41188325662853 -5.28654296677148
54446.762114 -1.70053947424004 0.524845311209255 1.0211246148615 0.575275648951918 0.395412722380017 -34.11226 6.671250834 0.170900083142688 0.65436169623406 0.65436169623406 -0.89097468427449 -4.4863122129542 1.43561847268154 1.08544142788983 -1.91557612179911 1.10420510387644 4.36000785376193 -5.70905307842845 2.0614472128264 2.37369901519603 -2.41225007397775 0.30052409260067 0.987606196458695 -4.95082920775786
54446.764209 -2.00573388630677 0.543337259890661 1.02156034967189 0.575366761797708 0.394418571064213 -35.44068 6.673887124 0.171879942673958 -0.817561530301433 -1.34794230703941 -1.67031929469446 1.52211067159152 -2.25930040648503 0.94519641917692 -0.43079810684633 -3.99982076495226 -0.0905218518757898 2.78501897333508 -3.30271158067086 0.1839558920579 1.71785477636009 -1.71840808744502 -1.68289997823385 -1.58536513897087
54447.719901 -3.5338826898113 0.55071226462329 1.02178869610521 0.577237944296361 0.394906083379613 -36.56731 6.671826849 0.172183210744296 0.91667852968315 0.91667852968315 -0.39098794999342 3.95147560484458 -1.68475797975359 2.86408834754366 -2.11102799167642 0.6695563250004 4.04336659017689 2.56612479263748 -1.58825697523005 -1.28525071704511 4.83210889071086 -4.48504201700078 3.26533625704078 -2.35171930345435
54447.722066 -3.21124471529493 0.525453452066814 1.02270403287936 0.575930631585161 0.395561236907854 -36.42767 6.674339106 0.171570356223333 -2.25061116211039 -2.25061116211039 2.69817213365348 -0.17923707687393 -2.61398938747323 0.83850474741197 1.41920096206505 1.97637354687941 -3.97677289823248 2.3447665296538 -2.54441467185702 -2.75793817704562 4.57237845609126 0.55034552240014 -1.21343116048007 3.63532661632356
54447.724103 -4.44341871772104 0.562050256850187 1.02097113237361 0.577709576363088 0.397348583716282 -33.2656 6.672700695 0.171907810741201 2.16326683051223 2.16326683051223 0.55461641859515 1.83550455626078 2.225326286502 -1.19244696926294 1.44324281434817 -0.67875930460792 4.31451882069294 -1.89296819430491 4.26439324266233 -3.88031418054727 2.05073118013785 1.24435831177493 -1.33646946658733 0.37530529164524
54447.726429 -1.96448632755741 0.587691180645736 1.0207447025351 0.576439267561025 0.398887788323963 -33.83978 6.673413665 0.171422962710115 -1.59677888187423 -1.59677888187423 -0.72053798075655 -0.547266167571774 -2.50993914106486 2.15399115960404 -0.06887180675728 -3.95116310037225 -0.67771001759268 2.9621493892092 -3.21145913429514 -1.55010075990632 3.96403247769158 -0.633320708592618 -6.83579290099293 7.62884595139104
54447.728466 -3.43202383042291 0.589423451858215 1.02079964343195 0.577771926800726 0.396832434679221 -35.79769 6.6690377 0.172155511556335 -1.88927544309286 1.94170119727896 2.39038047049133 2.77543875089819 -0.35908049921638 2.96246630346918 1.47376627952655 -1.26233938784502 2.46635758319497 2.62684959963434 -0.34458393863908 0.36981467011839 1.48045011157435 2.4599818883775 -0.530916629114673 -4.71201430135951
54448.722016 -2.28160668810634 0.593470660868127 1.02094924035565 0.577841504518267 0.394555592797436 -34.82839 6.671070999 0.172345985085608 1.48136635110446 -0.11530653453226 -0.36771584649898 -2.28749195586862 -1.13653226714063 3.31159943003247 -1.58451671710569 -0.9369795467555 -1.49099118835987 0.65486271103951 -2.76081274600037 2.85595613962984 2.24710238881343 -1.5201721576129 -3.19173641205826 1.45857526047138
54448.724007 -2.38187736843465 0.556993938593625 1.02232848492423 0.577145354817843 0.396571802334361 -34.60735 6.671233749 0.172593810437976 1.07830129189956 1.07830129189956 -0.90584379730239 -2.32262567650712 2.01835611438728 -0.48554936806142 0.31280519341344 -2.30229732652756 0.78810358923952 -3.03898400043703 2.48729510204432 0.0674902798988899 -0.29841709764194 1.5116339182832 -5.77734983540133 4.12582154234969
54448.726194 -2.60332471695684 0.554002146670413 1.02191005270508 0.575136772803453 0.394950422977138 -36.25126 6.674024356 0.17224709130858 -0.7255060947085 -0.7255060947085 1.457984976215 -2.34110064806455 -1.72570870595933 3.40688466062576 -0.81206218867016 1.27528966634044 3.77963182638722 -3.14555733853753 -2.04394437335748 3.85685316222429 -0.24574034592484 -0.40258561496474 2.85409317438181 -4.88317602852716
54448.728324 -2.27527110854206 0.544939870340765 1.02302954154315 0.574788549533518 0.396989432477266 -33.01832 6.673318002 0.172321385153496 -0.71134904176978 -0.71134904176978 1.14244235178249 -3.84684844561968 0.63038515187614 -0.42748423132154 1.94062628617205 -1.35379865019819 3.15575929070034 -5.67939796795987 1.7630185960628 -0.57180000159607 0.51616203427355 2.75019621982463 -3.07344958662822 -0.58236829943626
54448.730396 -2.57510730894058 0.539203969770139 1.01887420415085 0.574785628033735 0.396557008873295 -37.23255 6.670620766 0.172046726769359 1.22090035419949 2.04359986137898 -0.84185904634668 -1.83114671200301 2.43078104575412 0.29751540720979 -1.55819570058427 1.32229476585818 -0.42998386956157 -0.15728868801332 1.00021859466037 2.83068232408591 -1.85478747477429 -0.52336776490301 -2.15506815796502 5.32734839815421
54450.713949 -2.21310019575016 0.51971723512756 1.02328979691183 0.581119688384791 0.395241713881433 -35.4836 6.673347102 0.171716199618811 -1.30836252995568 -1.88672257413988 -0.4940544117651 0.41857758926851 -3.36657010121816 2.73086084698782 0.0313023363484899 -4.40555484686866 1.53718959103279 -1.48157854239265 -3.00471196406641 2.87092582477559 -0.51522747586158 0.67715115700539 -4.05475452826076 1.25722716525332
54450.716079 -1.45304516247207 0.512387597508877 1.02511940322961 0.579842002537571 0.393046813342389 -35.46501 6.673058221 0.171237938941738 -2.6680150403903 -2.6680150403903 -0.71328853163981 -0.521839586208455 -3.15411199394692 1.29553858056519 -2.23930392458043 2.01949154294839 -2.25920910067998 1.72480764296806 -4.21121862651513 1.6383786760832 0.03288719147917 -2.46523814370494 2.59751331832494 -1.42705089724463
54450.718231 -0.606721565353867 0.551182949281721 1.02360010758913 0.580629454387159 0.394004176920265 -36.99783 6.674393674 0.170960629444867 -0.262075674847682 -0.262075674847682 -1.38749063242359 1.99517629378502 -0.633869388459402 -0.417790672646342 -1.15859586909439 -0.0483720327985799 0.75337830031796 1.97993690680706 -2.01863845770051 2.60713949483953 -2.89335299307654 0.573352710726834 -3.67442217637233 5.13587103949959
54450.720407 -1.99045924801589 0.514684318543545 1.02319410436148 0.580544637909969 0.39623784467952 -34.96108 6.670422979 0.170586228916941 -4.47132423928058 -4.47132423928058 2.20459902284741 -0.065052980251485 -3.62738760312872 -1.662194565171 2.07506406572913 2.24862146294233 -0.483551066118514 0.19532689118999 -4.51475704806498 1.32261934136536 -2.56469539750686 2.171702271203 0.61493466293138 5.06573863904131
54450.72256 -0.572887533981839 0.54205266047958 1.02463045494879 0.581183190823049 0.394605215583244 -33.63552 6.672699822 0.171313674131272 -0.246704495541269 -2.95642875347339 1.53365377781106 -1.63934423364813 -2.66532898404315 0.36795039356798 1.07589230164419 0.629456702214019 -3.4693342529107 1.49456813639364 -3.9756981322623 0.66465671387416 1.14108061480599 1.82078190371023 -2.20324241511545 -0.76286440672586
54454.74922 -3.29524399828047 0.44814866461293 1.0234931812668 0.581505154586242 0.391530033267809 -33.86153 6.674244157 0.171145489349295 1.26283556069463 -2.16450538713717 -1.51235627521172 1.36730225806155 -2.94499482226616 0.797686584522169 -2.82327460437394 2.0915347446129 3.43608096333653 -1.79761402631976 -2.67220682002695 1.64799221291691 -0.33541623558374 -2.14212036974533 0.55459631099014 -0.432211239240059
54454.751905 -2.74205784415404 0.444916691037934 1.02254299201871 0.582496753815183 0.391556410256509 -35.68574 6.673700716 0.17194670072747 -1.76985775595608 -1.76985775595608 0.45339866440643 -0.7959854261539 -1.1666017241513 -0.75243018222001 0.83183150285574 0.02771861551114 -2.1851728889924 0.12909972221906 -2.23250490617205 1.58420564035987 -0.85534740743737 1.18936758130388 -0.84718078198126 -1.72308619109683
54454.754497 -1.33186136341913 0.432723752598585 1.02369413645031 0.582727487168414 0.392875796986923 -35.73292 6.671844659 0.171149342783753 -0.755787413577269 -0.755787413577269 -0.52930266184843 0.634487804276846 -0.868082532100926 -0.16042778506513 1.73295785383554 -5.15519866805313 1.1248008703397 0.426815592022634 -1.00906709974555 -0.13979937917796 -0.0912111139905398 1.83666954056732 -3.4779398543598 -2.43004027308465
54454.757206 -0.81338106064524 0.452209588545584 1.0211677369811 0.582544249317978 0.39309280807562 -35.09169 6.671597626 0.171131471536765 0.0894647037791676 -1.76516404315641 0.23784793935701 -2.25455011764666 0.428775740947791 -3.17536792090673 2.86423024632732 -2.3118371424132 -3.3132331655572 -0.518121566454027 0.422996485169943 -1.75312201083866 -1.36984429299719 3.24805741314888 -3.05310147734604 1.23070788881949
54732.879948 0.333535533356252 0.572226716518237 1.01588518483186 0.575533952205888 0.397684619676127 -35.25266 6.669762043 0.17284890359841 -0.238305242696256 1.52917130228854 2.18787973257199 2.73700661689263 0.968738590814108 -0.53772319211714 1.36391255386832 2.76278262644461 3.97007040516778 0.808264209876731 0.46033839963864 1.61091229737807 -2.80305608119395 2.78268449956064 -0.0790479446619496 4.26739132200542
54732.882494 -1.15120600300613 0.474315091746501 1.01670578796581 0.575591900689237 0.39647917152976 -33.7883 6.670769063 0.172192465855862 0.59234587899341 0.59234587899341 2.3124711566322 -0.03522667620161 -0.57835487692637 2.25999362698627 0.341814931029445 2.32253587469136 2.94333899944976 -2.58374089456496 -0.5981014579928 3.11326827645263 0.108609310919007 -0.175311258295704 2.60475251905297 0.27001482931206
54732.885122 -1.1850472799123 0.462648198197402 1.0158254699295 0.575057564364729 0.396679884818815 -34.33845 6.669566029 0.171392475198561 1.80180476808362 1.80180476808362 1.64012666475812 3.54491947478652 -0.79845052019141 2.89507371685722 -0.920964896089466 3.15196459652619 3.24198253433607 1.16070929001727 -0.71049103928598 1.49399274230999 1.54073678832146 -1.56586857875401 1.44697775569527 5.96074518079395
54732.887865 -2.25495863091218 0.518359713218876 1.01491895259762 0.574490277328332 0.395677221197785 -33.15447 6.669119245 0.172119578786758 0.318107235985465 0.40610108376329 -1.88694424205852 3.14731537410591 -0.88277996654716 0.66819089711161 -2.92352805735361 1.85704381483026 6.05153395180136 -3.15535176580527 0.60771430539227 -0.25663163096323 1.99216262138627 -4.874119420942 2.40827176982778 3.41421197050314
54774.819332 -3.45619773292681 0.418347839611534 1.0218725177124 0.574771668399796 0.391600914349442 -35.14185 6.671973959 0.171206754145459 2.11355351638659 0.0717083737088799 -0.985330353995781 0.87345210979899 -2.56909246545922 4.40739190250757 -3.09934405112516 0.17740657007115 3.07947929431159 -0.47316942448844 -2.90517019575336 3.07343695616642 2.1099659677926 -2.92126690871032 0.40092846823993 -4.20372368819787
54774.823094 -5.45888432470504 0.377230271418588 1.0207331580759 0.575086723971009 0.390307024753191 -34.85941 6.672231874 0.172130492339753 2.69052060934393 2.69052060934393 -0.20845544870202 -0.384879353872 0.7045751314237 3.95339792081301 -2.03796603220344 -0.03623769312044 -1.38395557825749 -0.76376478503663 0.93453411457949 2.7503629105526 1.63353804456863 -1.1236156134038 -2.5322870257385 0.570728421399081
54774.826936 -5.55150954645083 0.368171684292996 1.0216551486976 0.573913325889339 0.389309108896702 -35.51603 6.673392012 0.173537652731351 1.50525832946211 0.48485027291184 1.7582053437966 2.71826619502817 -2.02142772847087 3.07119513992507 1.02675656324345 -1.91756612396504 1.37557953476713 0.43933497644356 -1.63869773417285 2.23331191307331 0.67821135988785 1.04736363449587 -1.40960500246539 0.912952043306821
54776.722583 -5.01351340607056 0.59692974494122 1.01983741606926 0.576533584028044 0.394392104158642 -36.2598 6.676495013 0.171916621313163 1.35545341517415 0.17330933387613 0.89569003118616 2.13541647744529 -0.5775970552143 0.23080642247174 0.162390460331 1.50524817963528 2.92534278524506 1.5416683532154 -1.32866126796892 0.98601020068874 -0.78111363333502 0.54760957534068 -0.29580464154573 3.59764899083482
54776.726542 -4.00925257073241 0.571743501952723 1.02035696981312 0.574704047697015 0.394586914344183 -34.76395 6.673920135 0.170661789915329 3.60438229628551 3.60438229628551 -1.59056061623193 -0.49463209683602 1.44522835145154 4.30135056973847 -3.36587176123887 -0.53286493308157 -0.982867634941861 0.33572572965266 1.3016830174354 2.88666813904934 1.09526677860973 -3.74214089546106 0.4394864446949 1.18881444042609
54776.730234 -3.52662759251292 0.597211957093555 1.02026974596635 0.575257420679962 0.396220258894343 -32.8627 6.674094028 0.17176195057677 1.12723097092564 0.20065875784127 -1.89406886620746 2.02668671895375 -1.18982597749315 1.45672893342038 -1.76060718746481 -1.95068400101919 1.51964153776607 1.84089188288435 -3.7410343016307 3.95029187414105 0.73569283924685 -3.89007184267836 0.2643701359998 0.0929737332331904
54778.733163 -5.51453834145863 0.380653812202469 1.01724462682924 0.573085275840836 0.393034487953361 -33.86084 6.674173223 0.173019189216818 0.714602138144668 1.20028437685645 1.26476737126764 0.24496008638738 -1.03698230767228 3.98174926940532 -0.80871976460311 0.65966305270018 1.3627845856134 -0.0992340612109803 -0.70067136785283 2.01476109890856 1.15925253646127 -0.38272740472251 -0.59974325383561 3.10572175528738
54778.737006 -4.77246511269125 0.378708694970996 1.01655469355869 0.575233558846802 0.392371352691651 -34.21216 6.675542463 0.172903312333008 0.0804318394863497 0.0804318394863497 0.0579376226263699 -0.27717559638855 -1.82165843968977 3.67397932018102 -1.78200773060988 0.41592184135516 0.2423266256168 -0.90469701948569 -1.41090161796093 2.26573270112927 1.18435252068372 -0.66440094762372 -3.29024003830345 4.60819930811234
54778.740849 -5.98887962287814 0.368322932523541 1.01912505164229 0.574298472788553 0.39245101412656 -33.81463 6.674116811 0.172696427300173 0.644099021680224 1.50384425703854 -0.6665502204246 0.532357326551 -0.60553064389892 3.58543994020697 -1.97869876448006 -0.90909196121917 -1.11439997480961 1.32549827539301 -1.18780170586359 3.40978991252137 -0.158595098625581 -1.43710008620845 -1.47822814907559 2.58480977153824
54779.729389 -4.58260800204605 0.467229237390802 1.01926413848554 0.573093143819127 0.392738158178576 -34.6906 6.671240844 0.17189166863338 0.808685347107105 0.47317922358038 0.97318008759712 0.0801624306552595 -1.276296749218 3.2233671256279 -0.0706821154882298 -1.16620008607472 -2.92482857936663 2.27873652624229 -2.15492851961943 3.68545820704937 -1.37295005869772 1.57555580016667 -4.09415604345528 6.15938883378947
54779.733116 -4.88521505095 0.448659666260514 1.01972485858119 0.575634473147144 0.394697339095585 -33.83744 6.671958661 0.173112422974614 1.91200597151849 1.91200597151849 0.0229783635486696 -0.12289408391717 -0.25579263736628 4.16701945831058 -1.18296409844256 -1.93940711611882 0.597530890335831 0.325871938272289 -1.64587945640576 4.84758493545184 0.49533478723869 -1.271649006373 -1.63421956095848 0.35523193323383
54779.736982 -4.27983448573789 0.463439712618876 1.01993769397904 0.573205667937936 0.393114376050736 -38.28317 6.672205989 0.173626990376608 0.809152867725885 1.11529505157193 1.03619819123606 -1.6913245305963 0.00443740497729994 3.08070914079209 0.71127234927481 -2.89710342570886 1.58313430739598 -0.69001068908761 -0.82686104712444 2.21874030534927 1.73124380749873 0.8291881992497 -4.2143480771691 2.16432633215861
54806.720287 -4.701627200788 0.300001554721955 1.02704009521666 0.57831402701264 0.39057199863497 -35.03967 6.676977257 0.174195954282566 1.06059001610805 1.83135798730232 0.28865138441657 0.89071558764825 0.956894377863289 1.04004561324707 -0.55753219670701 1.12308937060078 -1.86634947039232 1.36559726203154 1.42520568691974 -0.0956906034969598 0.18816221010412 -0.70280078809711 3.44189287800152 -3.98793777465961
54806.725866 -4.63589706622371 0.300400002935202 1.02730054536397 0.576804477522652 0.389614691967162 -34.69782 6.676149825 0.173952963341934 1.59246307298564 0.71927077704765 0.69416326027044 1.03631591113799 -0.28732844271509 1.18735893328066 0.15613170969057 -0.0060465174203701 0.0705568462597501 0.53221414170808 -0.59585048049204 2.39332818510044 -1.59468101878338 0.90355921689969 -0.54854813464497 1.76231498797601
54854.676374 -1.89840109135537 0.4561954181475 1.02288092186423 0.581776184207054 0.390484979819891 -35.69377 6.675485018 0.172279060272082 1.94001775446849 1.18778448311033 -0.1177765790442 0.66854238391474 1.38639281590275 -0.75169046609309 1.82849939882298 -4.53757155532004 2.740664066314 0.2936343936529 0.62764615165672 1.45813315639599 -2.73083636763787 2.42613208422458 -2.56918800611355 -0.62705432529921
54854.679996 -1.33858962340719 0.474896088501647 1.02306451474746 0.580773362361275 0.389382856681528 -35.81835 6.674848859 0.171811114391713 2.22416590852695 1.88411809321628 -1.87693930992735 0.83869411588909 2.85263325237906 -2.27944977040607 0.25368165509092 -3.01561080011074 2.27950878290791 1.18561589443848 1.99893932727527 -2.19737751452931 1.19181744686489 -1.14327793397585 -1.21389685250372 -1.36229120087226
54936.472278 -2.73285633716384 0.289870829659455 1.02395359754072 0.580585855646033 0.39631232171599 -36.01492 6.677420586 0.173183767401048 -0.185282613064489 0.2259028907178 0.84434960217247 -0.19268319907377 1.5356482593386 -2.26272968092636 2.56179672569206 -2.40534271084645 1.43325422053387 -1.16165670562187 1.85132667858315 -2.79993162595656 1.69813242163181 0.528475039334 2.14243418055188 -5.45550786507913
55108.849803 -2.67366725262839 0.638375783526385 1.01728336029456 0.572702978229016 0.398422016540585 -35.40842 6.673898614 0.173346236254113 0.603551197302573 3.60176077902045 -0.83000026283231 2.01831339415684 3.19107172147513 -0.342838053705633 -0.61605474149799 -0.13066781736488 3.27031042306786 2.1639110058154 1.98858446076301 0.383628551211286 -0.350386634664576 -0.82556098205391 -0.59641905297856 2.17603451875517
55108.855185 -2.43071365843155 0.82654692485454 1.01789241027375 0.57476239785595 0.398761016727483 -34.33329 6.672243567 0.16848338576968 2.19946201759342 2.72451315940722 1.22644564370419 3.29747130153528 2.50638443900115 -1.35465871640197 1.72976574412152 0.310918797701798 -4.15195330907288 5.01372890340386 0.29837751732381 -0.42752955132713 2.59145643242498 0.986456866030651 -3.13736548069224 1.85796912524279
55112.8317 -2.9941057114267 0.388331318776133 1.02202408031995 0.572433599890114 0.396858524149344 -34.66186 6.675859065 0.173015679963801 0.277329566460267 1.42628593965721 1.14751567239888 -0.74049745479256 2.2363250332995 -1.11440719769357 0.1011176583713 3.93494947597826 -0.73885614820904 -0.134448160458709 1.22805698882939 1.24272094506903 -1.29379661055274 -0.03425117879496 2.78613024572803 1.21655461202761
55112.836805 -3.61992062331165 0.461893557780239 1.02025710370486 0.573088629741072 0.396033388341521 -34.65289 6.675551377 0.173247858699302 1.21148311461954 4.29827160183847 -0.43432223610879 -2.1538536006685 4.68091891581233 0.49934108400169 -2.03523588681799 3.31312662651827 0.18806293561794 -2.03559492348992 5.43173832314773 -0.35111073049987 0.1310698146891 -2.00276056952574 3.18404341518499 -0.110207299698744
55116.856128 -3.92686594471114 0.289907495192416 1.02084427021986 0.574403144875468 0.394636569839983 -34.67166 6.678054078 0.172898658769374 1.84363941205257 1.85511311638299 1.63306575738417 1.18871049383345 0.56315587700344 1.79473061206791 1.35168929077013 -1.50395029766092 1.45176462018345 -0.91928484742746 0.82592109770819 0.98175783881799 1.94137605207353 0.57890882572586 -2.41014625879962 3.363644907689
55134.876629 -2.67294844988854 0.302290544926456 1.020027520122 0.573852371028901 0.398118235543149 -34.02639 6.676523622 0.174050269864913 0.771635918935948 -0.89842622264772 -0.26330770460549 -0.59768504451858 -0.70173535442324 -0.0148832216459902 -0.97265746127904 1.81473547448325 -0.57132707529914 -0.1574166147613 -1.11817082364684 0.39236997430546 0.41716065301179 -1.99382534776815 0.75339455472325 5.54169470684795
55134.882162 -2.19292730900587 0.304889088454442 1.02157442930187 0.574136384314509 0.397136658487067 -35.94299 6.676038424 0.173434318936127 1.26319124439576 0.88595022146137 -1.35428629948851 -1.35466402328706 1.10098397220288 0.39648330165912 -2.39798468095897 2.16046265321821 -0.10992310448065 -1.42383831522399 1.46733136739684 -0.39606630642305 1.20041391238202 -3.58226763755299 2.16886931417822 2.9974752359005
55138.820357 -3.0715663519903 0.323528860830059 1.02431870358669 0.574358518756381 0.388054389212914 -33.86544 6.673759415 0.173590739220133 1.06934524150555 0.05665379025191 -0.31099179327571 -1.79784665302726 1.35770664641188 -1.43550744986267 0.1370770546939 0.64145888405462 -1.1108991798972 -0.80640402622217 1.49960798997433 -0.85236889405705 -1.00218967365795 -0.33959541333906 1.45993463247602 1.90938869932157
55138.825647 -3.20937190948164 0.332052740657785 1.02341693506463 0.574110043397929 0.386502334725971 -32.14578 6.675035764 0.173766502665625 0.142318250385597 0.15163186139508 0.38385809500859 0.18376869361617 0.43507833344779 -0.66597995252102 -0.66732430420211 3.42141205691004 -1.43836961675931 1.95864034784747 -0.40871980311817 0.0741626119351499 -0.74956279463099 -0.7567356444992 1.53856092896723 5.21139522135777
55141.784485 -4.19043836080192 0.301813911626264 1.02257626438611 0.57434884894345 0.388998135650328 -35.55664 6.676289547 0.173513587452194 1.55858369301346 1.04725597528068 3.11483529911915 -0.70004840261469 0.571574960948549 1.35509387263131 3.70602363434632 -3.13684613003657 -1.71775720288176 0.19715745129569 0.53231616610106 0.73354904917201 0.64640796656951 3.74469401588151 -1.49345132669041 -3.54365602697772
55141.78996 -3.69177945130072 0.295514951670463 1.02128718570902 0.573980261916047 0.386896667445355 -33.40686 6.675602299 0.173818706856915 1.14240364515432 0.368268503231751 1.83554319770405 1.65080871865774 -0.99646178604955 1.67286435507749 1.74039903590458 -1.83225884524017 0.86901249753641 -0.0475555893249999 -0.79048589169853 1.87263919900524 -0.44304185652511 2.03905645132338 -0.10904005632764 -3.23317637808277
55166.656594 -5.65195812887244 0.428633160042658 1.03144382834671 0.581548692180815 0.381181763573748 -34.5956 6.678300472 0.171650348387198 0.992208103187122 0.664991839341829 1.04057761463107 1.69180814660025 0.70678673934703 -1.07780695989357 1.98407865448427 -1.03264191821385 4.81338252270628 1.66114469007189 -0.5196258640651 -1.29215819840316 1.49135866677634 1.30335765939998 -3.67483481460484 5.90629226685307
55166.659812 -6.79508865442168 0.412864728219366 1.03219133914622 0.580409755134963 0.379290052892872 -33.97596 6.677811862 0.172160881984472 0.10745168063385 0.10745168063385 -0.0839126979608098 2.68035465259998 -0.88704348236757 0.35304947193824 0.00389784492705036 -0.64135501067877 4.42526116839618 -0.0914112399830502 -0.70886978950825 0.24044539576667 0.23707589019746 0.356908199249371 -4.18854177429868 8.10109939283266
55166.663145 -6.38296460299758 0.41492728729266 1.03387689946857 0.582226880000387 0.379769962175168 -33.78391 6.675159181 0.171366198533586 1.27907248038627 1.482483663632 -0.50417136187908 2.53345922966122 -0.241072048061399 1.79871382368758 -1.20799333966395 -0.369690269466179 -0.186456775357319 1.83008068292211 -0.71521384790132 2.70939228623347 -1.27192992628054 -0.433427920980479 -2.917056945269 7.20491392224539
55168.631609 -5.35087864779176 0.432494677374048 1.0259604590226 0.579303379997388 0.385922866864792 -34.04698 6.676146858 0.17189211389183 1.88028793499869 0.42544843966168 2.55008571233695 -1.07340077645891 -0.0199506381847607 1.49104498930588 0.18253942794573 4.08272212960467 -4.23699960728472 0.58877659345156 -0.14800164411223 0.65277893762693 1.45888952288682 -0.0302334153857098 2.91443418673086 -0.48357005403387
55168.634873 -5.49826216808738 0.429557705308823 1.02722828898016 0.579214014241563 0.385706691477489 -36.51093 6.675500225 0.171555733434631 2.20754300456527 2.20754300456527 -0.27080120590866 1.76947507712391 1.41173719510802 0.485011138507541 -1.66053303916138 2.88486961030878 3.81962950142758 1.10412552958688 0.39565531010085 1.29152235678165 -0.353249773142521 -1.72552314614736 2.62601536793539 -0.42540241154308
55168.638114 -5.18714511484224 0.434384240090781 1.02682169518432 0.580562001569974 0.38660535669184 -36.29566 6.675366404 0.171977765610893 0.970956525495736 0.58117525527127 1.60115720659537 0.46100525012082 -0.123890670027651 1.08559810992438 1.32127098790676 -0.59130569115296 -2.35322479548544 0.95372841310187 -0.19935091699055 0.25432290022568 1.49174968422092 0.76063763678421 -0.77338685267259 0.79480678112161
55225.579184 -4.50684226389219 0.516961626094111 1.02254100546123 0.592967401126793 0.381785606379836 -35.01765 6.675112164 0.172918662393813 1.37515439731616 0.34354131394457 -0.93290702992034 1.37409493295482 0.47691202449022 -1.06551362949959 -0.506174695861789 0.20633450199313 -3.09575952009752 2.91688416861506 -0.56286128617551 0.390565045808021 -0.98047887409295 -1.62185974868133 2.62973044232925 -0.77163939356431
55225.581916 -4.56666424512929 0.500121311005446 1.02749896696782 0.594691322829923 0.381105500577301 -33.4233 6.675318321 0.173502837264698 -0.63801872722191 -0.63801872722191 -0.10454301493493 0.747958315937709 -1.33611855090359 0.90751644514982 0.18716543245235 -1.76810369159094 3.1785161488976 0.61465464863996 -0.73193190860502 -2.03629981283618 1.96707740884161 -1.09249489776763 1.60379338984052 -2.46552024192211
55225.584508 -4.71894044091488 0.519078063471003 1.02545943373454 0.594359204237589 0.378619067970189 -33.21508 6.677131742 0.172642198036457 -0.74410015358718 -0.74410015358718 -0.302286931319171 -2.61013133321096 0.34050158937556 -0.565137104147269 1.20709208260666 -2.96373320268646 2.53281853785828 -3.47231190906723 0.18096611439345 1.75713548054181 -2.13049322957943 1.61324459082097 -3.82170974818859 4.98503649055229
55225.587263 -4.7459924102553 0.527113344182953 1.02577139297866 0.592693176570196 0.38174816395483 -34.6006 6.679051612 0.171581285727057 -0.123097435215409 -0.68792253378172 0.58175638047004 -0.49697357972414 -1.93907141291751 2.70458860488078 1.43878323890727 -5.21308002748066 6.50378894702259 -3.33772308433318 -1.7580471952341 2.65582363907717 0.27889086652281 1.45633796229611 -3.24867218236384 -2.21577690899845
55226.616923 -4.0183890795409 0.360301937753345 1.02616461842848 0.591358857160287 0.381484400257828 -35.66394 6.679442185 0.173523831954842 -1.21835353746319 -0.505638713460149 -1.34594709341145 -0.52593309778845 -0.39229961196062 0.10094721505079 -0.29536873964895 -2.76990025126712 2.01296188887657 -1.6772903422269 0.0496596897267301 0.28456603369316 -0.61206045406981 0.23403937314033 -3.37788834020053 2.43527203724634
55226.620534 -3.98341829323166 0.364097449104721 1.02624355452076 0.590729805479644 0.38194874979043 -35.30528 6.679736728 0.17475850905769 -3.06353147198322 -3.06353147198322 -1.03359822975019 0.41190432872266 -2.00278300843051 -2.3398069030825 1.44288172464 -3.36472146526259 2.53331573996478 -1.19473541640338 -1.89845542385059 -0.559924555142301 -1.8615751275843 1.52149234625074 -1.19007659268357 -3.48829339815275
55226.624029 -3.63465539099119 0.373943096538267 1.02292136302148 0.59236908365054 0.383146373334353 -32.97914 6.678772787 0.174508207130364 0.110039328567621 -2.01252428129839 1.57032678249232 -3.55177498280194 0.36579848174773 -2.52948210071519 3.49666869632266 -1.64972538793565 -0.335313848215445 -3.0188473877411 0.0961092657400604 -0.408055758249 -0.93463346103824 2.68323757563892 1.01366973548084 -5.52384183285851
55278.511597 -1.62611775633191 0.683968193521783 1.02099598565325 0.574315123778293 0.399000940478762 -34.67614 6.678686324 0.172358021009121 -0.369123630838682 -0.59321519109845 -0.75305900556711 -0.535001594540416 -0.65581553739733 0.40146411770159 -0.67486745884269 -0.60128964140421 0.35842843622074 0.888456946953789 -2.74237526916427 2.9958706105016 -0.818962799104765 0.639521000340418 -2.10774224554699 -3.72388772200731
55278.51721 -3.50572024003367 0.708940294263032 1.01955610468175 0.57420649433697 0.396583696455757 -33.35963 6.678961377 0.171625837335259 0.533922889333243 -0.57552553389078 0.232950266308 5.3134595793812 -1.77551313961327 -0.58500254087745 -0.100556372826159 1.39418862280658 10.6786615689437 -3.40689009722532 0.22962056513831 -1.79938060905183 1.75683856746875 -2.15346996068534 2.09483714279571 3.64174203612763
55279.513106 -3.22130009944406 0.453857114784976 1.02211296783611 0.574213163490886 0.399111105633045 -33.39583 6.676110754 0.173847965707132 -1.27813478320799 -0.55363058963545 -0.40776836701969 -2.03050084146541 0.55292733321554 -0.92292838450756 -0.77198287578422 1.90590191735046 0.56390974476848 -2.03073201420404 1.10744758410035 -0.3542857936891 -1.54460098714835 0.94798974613861 -1.3099349712044 2.56816427864575
55279.518916 -4.92306862837162 0.439780863266165 1.02153965697815 0.574031386224003 0.399601637350054 -33.86405 6.674298318 0.173561545726997 0.848875057973748 -0.21430200537616 0.18288356466915 0.46760855355955 1.63394414068961 -3.74587037652924 0.69313714677687 2.99779880009456 -0.732321964180159 2.10852889758998 1.27847008371838 -4.16518711310583 0.88792346684673 -0.91326051207979 5.02626158996638 -3.4774641569541
55282.516141 -3.77132248698158 0.331605130621583 1.02088245482582 0.573668740485122 0.400438478592172 -35.10195 6.678849914 0.173640073562427 0.613117166513948 -2.80707004809332 0.0292344590445301 -0.15924524475546 -2.25708801746239 -0.96570022461998 1.58684732905693 -2.78105348449508 2.09171012424166 -0.42787563815702 -2.77248730315699 0.813567368250359 -1.97497862357289 2.49285787261782 -4.18701109487151 3.84817821759788
55282.521951 -3.13933277148709 0.321484400425264 1.02069198426827 0.573511637476324 0.401002032285351 -34.22652 6.678892428 0.173552685744504 -0.740102059802718 -2.27664619128176 0.90757636189977 0.0576666421137999 -1.70839172744687 -1.12665461667982 2.38201976189332 -2.41745856460854 0.36696921232421 0.15560259609539 -2.11045510195559 0.30473597223881 -1.48358570060594 2.96996412276456 -2.35834708030647 -0.22392991346891
55455.866967 -1.41820485658784 0.490862002871528 1.01732846828384 0.574325268175838 0.396125260153359 -32.54476 6.679705318 0.174233100309458 0.11469675203992 2.02120205710944 1.7927220435221 1.36671309198622 0.65022880890638 1.79409328096121 1.62324126230673 -1.5558730171894 2.22327601294152 -0.16605687582768 0.99766367042339 -0.0431940198007799 2.38475178558953 1.52008054390923 -2.3628545795392 -0.244490147806315
55455.872014 -3.34243400740645 0.49673859731379 1.01753184013812 0.574306227392354 0.396363873256178 -33.99649 6.679825344 0.173829017302205 3.8161722599731 3.8161722599731 0.33788531096885 -1.9161684196211 3.57464644477806 1.49420400878382 0.30344064892925 -1.58607453329791 0.392534805859389 -0.0708953020172096 2.49251276553904 1.82370128682643 0.29675299558194 1.1491315648001 -4.98592547597508 5.21059032650642
55455.876876 -3.20697316576938 0.486122469822291 1.0170992937878 0.574595152953056 0.394395438776954 -36.34623 6.681074253 0.173539178396765 4.35804647271996 4.35804647271996 -1.02207720370133 -0.713422523219299 3.43088360786218 2.09731659134495 -1.69840139200419 -0.68201532115287 -1.79807875697352 2.44593188393506 2.28431029320479 1.01078927363886 1.40977872589375 -1.27303338722183 -2.32192674949877 1.0318321496037
55455.881876 -2.91442649233642 0.529264542992037 1.01608259874046 0.572788173670858 0.396712017614248 -32.47895 6.679637579 0.173162113775874 0.243244811225307 2.54388056104977 0.14115755122007 -0.0509246398591996 2.1629378423699 0.72628208035554 -0.68554646840968 1.1914232759695 2.39753797725707 -0.60675301839345 1.92595973597406 -0.6045120523841 2.7920750042986 -0.53470679087933 -4.17085388144238 6.62613810090916
55481.835493 0.943215691230334 0.526289645622909 1.01630031242743 0.57236823396341 0.39686143213371 -34.32523 6.680974536 0.173233910645096 1.00470094241175 0.738236831029085 0.92482248159481 1.83961149540412 0.0645188305613129 0.242491903646782 0.1134001112875 1.66839734021358 -1.64791396765525 2.49647839234838 -1.38174790313719 2.31416614873168 -1.08501841814973 -0.02400921167407 -0.772813647212886 6.76145759551403
55481.84113 0.546351781786593 0.503395593070987 1.01712813614083 0.572860058107152 0.396294931508576 -34.39914 6.680537056 0.172754252255253 0.605539666958784 3.29774436352348 0.4946228947549 -1.29225852767867 2.74598211614446 1.7269883895036 -0.0819812478327502 -0.52482434119218 2.35693755407077 -1.00174440790032 2.14903724273866 2.15260451896434 -0.33587079047102 0.84454897799028 -0.82292355951961 -2.31357863111719
55485.827375 -0.99546816798793 0.315338500788046 1.02025481149936 0.575389223879625 0.395682192020622 -35.12636 6.682464144 0.174003393859529 0.814415390912534 2.39918108606304 0.966106701832957 -0.34491698314472 2.03176866720424 0.887889899514072 0.185657973365362 0.902172748074435 -1.34099736060217 -0.47739423275048 2.85657604310427 -0.901179497060667 1.63398888695965 -0.383743107508113 1.23942215343629 -0.14797920911713
55486.793805 -0.165287039945943 0.486677448006726 1.01803100397127 0.573094925383288 0.393979216301477 -33.1636 6.678604971 0.172696578001206 0.805767701894542 1.73878931145777 -0.546123010847262 -0.496231906472964 2.41593033111001 -0.98018391070913 -0.593125434421133 1.18673923653674 -0.62545197476439 0.876061447208358 1.02332713397433 0.207618375793742 0.698538142850699 -1.8532529071408 0.958591316812355 1.49197719797671
55486.799546 -0.168469259909191 0.452933942427228 1.01905656794265 0.572518103698936 0.394181213534828 -33.24105 6.680846469 0.17299186929593 0.716812261310204 1.9002201851662 1.03841259848709 -2.59983583324719 3.12766287987436 -0.836938578175724 2.33230952156539 -2.1886370667954 -3.35964105546318 -0.8311334769279 3.70278358344817 -1.78329444883254 0.701740372703333 2.60268004290294 -2.19238110897654 -1.58515194343567
55489.772495 -1.78754914124811 0.254946604471713 1.02185836533004 0.574267040217469 0.39220281575186 -35.40666 6.680609974 0.173349996965353 0.849156274236255 2.50008423200711 0.369482418993956 0.37671642010177 3.27654405207974 -1.71755038014475 0.757480332932897 1.1676727358839 2.57288689968027 -0.79489688284681 3.42131954399886 -1.21454132682752 -0.36753555832233 0.693976768655573 -0.997992195084983 5.24015291856375
55493.844257 1.43742051937765 0.417942720481854 1.02016802534944 0.572313310678693 0.393565047494967 -34.64373 6.678862341 0.172085653619389 0.547971871807164 0.802666787139553 2.60683845302704 -2.5957945319834 2.25756132528921 -1.28273826642069 3.29926107495645 -0.23453550206189 -1.95470824248771 -0.45727112153818 1.43004547127571 0.50102781903084 -1.31914215760363 3.91553837673911 -2.38390988475953 3.3887511328796
55493.850391 0.441601309367479 0.397770515410802 1.02045533042052 0.572499463276983 0.395487235298209 -35.27356 6.679563091 0.173041706351787 0.832774597525409 1.48880508422172 1.59455409339657 -0.787895969431138 1.89712277679659 -0.320121473375434 0.296343121750806 3.55885499971065 2.2010883723327 -0.476072714030659 1.26703151067284 -0.659614746909356 1.68710101075671 -0.60223719333445 1.52246416811163 3.06197260806537
55516.728479 1.46971594873482 0.388367987631834 1.02415982959145 0.574254095018312 0.394009683660264 -34.44959 6.679801273 0.172660657151923 1.44348915529742 2.14580926052416 -0.32566049131225 3.25185407961625 1.79753715135984 -1.13067615528274 0.71484976799216 -1.25346223699431 3.89405094911613 2.11108866235364 1.29717969934688 -2.44399363341853 2.6998790006869 -0.81103931595509 -0.81361253803359 -0.26484029052721
55516.733433 1.09929663388113 0.462029994549609 1.02262995454748 0.574100633435236 0.393674549813575 -33.86615 6.681324589 0.171930222735613 1.0370835771456 2.00599904414808 -0.92971518958597 0.304931883912242 0.973020006490654 1.74474515832793 -4.1539519794606 5.85874557243924 5.49192802500803 -0.990897761679003 1.23127148859849 -0.0751031337066801 1.58255165772213 -5.34765221738831 4.47055416738368 5.91126579454081
55523.739175 -0.781737686531651 0.391010156035746 1.02471776787162 0.57520667055423 0.391755186221225 -34.90132 6.67962506 0.173524143984251 1.08457445746912 2.05218123041366 1.33339380312548 -0.52999509880321 1.47707774144243 1.38083495753874 0.788527787800162 -0.247436145588953 0.24213014742895 1.29372470755895 0.603249088400029 -0.296290481904099 2.86194949787441 -0.900999201102304 1.14415011454357 -0.71233668843421
55523.743944 -0.283661840344957 0.393982951726946 1.02579831517954 0.573822252609678 0.39432286909043 -34.49034 6.679481797 0.17285930942556 0.787730758834347 0.273673029969595 4.89823432111302 0.21706040459192 -0.45170715715496 1.23466225795515 4.29280603214136 0.0742958683781705 -0.59537692009035 1.71989475483152 -1.9047926905149 1.25472832146386 1.80489009473715 2.79539607074778 1.91372148462107 -2.7667900549223
55612.572524 -1.13614862224813 0.385915269143866 1.02008307964839 0.577199791083621 0.398533423072488 -33.26396 6.684418896 0.174737037787184 0.860161427790659 -2.13141249349985 -1.8565356607593 -1.46855623636231 -0.737907552600067 -1.78947854920181 -0.69460595645848 -0.81657654687774 1.88576066444154 -2.20803358966778 -0.67952196752172 -1.02935751693557 0.0957731732666198 -1.57758446997174 0.6417325346175 -1.83719903269023
55612.577663 -2.80567108915562 0.370168723914011 1.02058566873218 0.575015302446712 0.397841453372489 -33.49939 6.684222582 0.174575122364523 -1.23135624997131 -0.12036176601817 -0.12116737901836 0.68808654895534 0.14412474264527 -0.88054194795949 1.12458976850358 -2.0607863383439 0.96340640528683 -0.1781615777857 0.22059475933358 -1.32894884787941 1.42502023905745 -0.0809134988107898 -0.5661076994971 -1.39759373921154
55635.523727 -2.86985041723895 0.398351656324363 1.02389148731466 0.574273139738052 0.399033646461777 -35.48036 6.682059929 0.173062835002698 -0.366362940615722 0.11254003611993 -0.11307641473753 -1.46496502161629 0.0392404114196401 0.90711835833101 0.61529664593442 -2.79660458349582 -3.83656934799261 2.7018452654579 -1.11295216519073 0.80834642299856 -0.24566053866202 1.03747917701986 -2.27466197198438 -0.57681320477868
55635.528634 -3.50187206121898 0.433996996545464 1.02210805590524 0.574088249055813 0.399201563702406 -35.53937 6.681950722 0.172326003026646 0.50628098715884 2.05870202760351 -1.84405881573293 -1.20883003074002 2.70560260916925 -0.56069515375654 -0.62301059565297 -2.30165154871645 -1.36829510402864 0.82766869077645 2.04810424547382 0.23992474093712 -1.02793202986217 -0.72441226304633 -1.10585028399224 0.25044584062304
55652.498301 -0.738841074031394 0.340301007064856 1.0195517736563 0.575061625784605 0.399956865777858 -34.15373 6.682125982 0.173304544793225 -1.3818880501573 -2.2200295931387 -0.27855301750164 -1.94332436061648 -1.38894442141474 -0.51679069854435 1.53192175142822 -4.03157500732201 -0.61069311479537 -2.07246290725917 -0.533218851691694 -1.0915495474906 0.24393218854772 1.75920418468203 -3.88958077591077 0.4070439237935
55652.503937 -1.96920112566319 0.339518807627576 1.01946159970268 0.575089700231937 0.399222023347384 -34.45986 6.683058384 0.173475441361158 -0.716449470317956 -1.80398571653905 -1.28511525809105 -1.08965165947555 -0.919144207857558 -1.06326108902389 0.71729956052454 -3.84077327761791 -2.15141715792162 -1.05000425920459 -0.18119270866807 -2.3820899279918 2.05558231249276 -0.8841352789443 -0.69860710440008 -3.54694477319764
55805.914678 -0.413004207259193 0.369059012518842 1.01827166237346 0.572986968240857 0.399111574386659 -32.70776 6.683294569 0.174052401800332 1.88368530202609 2.09258113522841 -1.83630791354073 -0.25032922920744 0.700088593348859 2.67887189639156 -1.89583851683368 -2.81505835718723 -3.05503782231406 1.0571495996768 -0.93079772523599 4.2626709644884 0.19625829097566 -1.76908329160665 -5.01074255027068 5.23242367960374
55805.919656 -0.533424562211114 0.369329832190477 1.01813995898199 0.572173392603246 0.40116869332004 -33.70689 6.684907781 0.172650330617893 1.00454744342199 3.3361870829458 -2.19549303050896 1.39728933811217 1.84151579445153 2.04271713526117 -2.23429072460147 -2.22480737944999 0.48142292080573 1.11223512087967 0.785764239012478 2.51194055583915 0.89827614301497 -2.06053430246572 -4.31597294110697 3.25965773127797
55814.908985 0.865505140070307 0.525091818042042 1.0199218264841 0.571838845243794 0.392251139789771 -33.68256 6.687014274 0.174170386098659 2.44355357130072 -0.542807111672234 0.840308399477564 -0.581662002028365 -0.88478668770578 0.925822563485958 -2.19716528889467 6.22488223453128 0.025903388047599 0.329786247763801 -0.633804505654953 -1.53537685498237 2.68347116714228 -2.24406735889988 1.22725784353078 6.5987181019353
55814.912318 0.382368243520146 0.525036172502923 1.02051091261826 0.571796245348447 0.393137312113639 -33.8046 6.685003855 0.173749366480014 1.93493171485864 1.93493171485864 1.3183615108995 -1.57716249471843 1.96036445649933 0.758910226323896 -3.3595322002386 10.2921961397489 -1.98628022198515 -0.961653228898336 2.29306317436487 -0.20174268082207 1.3095972448628 -3.07048376355578 3.9804014568967 8.18644699151823
55814.915432 0.564602741420504 0.476429252769726 1.0197280280523 0.571465486334777 0.39429100445051 -34.09459 6.686381217 0.174749648933563 2.4137947741215 2.46514657255273 1.28111100663448 -2.12924715976618 2.60905900308044 0.807678639930696 0.12655137933984 1.87904790370565 -0.991135987058378 0.981541403554723 1.92962562087813 -0.575537988498858 1.65840391522525 -0.22395869232394 -0.984828192235998 6.26339933024545
55817.900888 -1.77027762463117 0.494941698589874 1.01643626460312 0.575929428194073 0.399525785074553 -34.4005 6.681569206 0.173924170053573 1.02454345456725 3.50584734900076 2.85595106730612 -0.64421010305683 2.77300963932533 1.70347666435111 2.25215297026057 -0.44921508764374 2.89837496370991 -0.70172729380858 3.60368413978614 -1.54386999357611 2.53766742605107 2.2320157765427 -2.73453898570822 4.78340959133302
55817.904152 -0.695792645916891 0.491804248982475 1.01751031843888 0.575443017721614 0.398838753674266 -34.1608 6.681186395 0.174281848849484 3.5286102978817 3.5286102978817 0.943231109703661 2.99352427188034 0.97385179067552 3.16455567004328 -0.3770572890812 -0.40173951732037 -3.33979536932264 4.27956278368335 0.10261701871308 1.98413816952689 1.49440418102973 0.61690647067968 -4.22139395745617 4.38425616522224
55817.907532 -1.89740024605565 0.469072993257051 1.01866499451964 0.576285046813933 0.397467969635307 -33.78703 6.680492197 0.174371030058585 1.81685761583677 4.42026163708937 3.76487923482246 1.43829993778761 4.27954044249576 -0.496812063915112 4.10860005599289 -0.27604654981059 -2.47716906127914 3.86889142910005 4.92488093518261 -5.74706676952886 5.10124998670336 2.68038174525499 -2.6123566344433 5.7536362719364
55831.877365 -1.68263204937029 0.329178684773621 1.01779517061002 0.57404984088132 0.394965738957969 -35.83949 6.684612548 0.173298395865422 0.882443629308163 2.34005474443548 1.61005032068966 -2.03036309521146 1.45249402317923 2.77695653870562 0.843656167663043 -1.37249132061152 -3.43983845604362 1.65594055350618 0.5022162820451 1.63916488033479 1.26877341310538 0.515223528584922 -1.82305712313254 3.39493231429419
55831.882944 -0.770772368089521 0.326949494089567 1.01908423553752 0.574519073040309 0.395150062135458 -34.23079 6.682790175 0.1733329618502 2.11341595112161 2.70664770629577 1.95551440244884 0.88879277189586 1.97058001433457 0.911696498486383 1.9897578826827 -1.1620674443394 -1.14922992326163 1.89393455339503 1.739717325715 -0.000564393615398978 0.630264384238334 2.22296647163274 -1.66696952007335 0.804254300186305
55834.85752 -1.53715745595189 0.354170719484846 1.02151043525381 0.574819874638595 0.396244125390876 -33.90228 6.683079021 0.174777588874427 -0.416169471475365 2.5927321790529 1.58811326332704 -2.44249224009786 2.30158413739308 1.84323503703138 0.471300645233319 0.656379362576504 -4.44882484378029 0.81573690983359 2.11897508620594 -0.69954669279173 3.29225836021414 -0.747729079410209 0.262221124758643 1.64674348897612
55834.863157 -1.36194051003558 0.36246045709358 1.02049662486947 0.574415609797047 0.394823491395314 -35.51047 6.681629273 0.174594775793253 1.00301318761604 2.777009393563 1.7172186654485 -0.0268192744179703 1.94726335438476 1.57350881743838 1.45296402649647 -1.19125583443707 -5.19497649010075 4.64413161707285 0.58736992888985 -1.43278986068379 4.65759595135572 -0.89669735758623 -0.0741383569131799 0.58708092826061
55841.795889 3.07293283762912 0.272118529902859 1.01692755532378 0.572554893720612 0.397171322949873 -32.90402 6.692238681 0.175963357492706 1.13009617772235 0.52139922365083 -0.2953247100261 -2.41449173131407 1.75010843178482 -0.99801135115058 -1.10135873009517 3.18934658743601 -2.21387205180514 -0.48823443540062 1.82060617812578 -2.27754337514677 2.12082073217921 -2.33089316691811 1.45759153690685 4.42655242721166
55845.828423 0.297173936817488 0.310546950063541 1.01899356036508 0.57281258916109 0.396282023220541 -34.21523 6.689983397 0.17610207119971 0.926083117015227 -0.625618847082938 1.62833665318876 -1.16132308475122 -0.312689265320726 0.046965350173789 1.54301307612614 0.15952077152279 -1.34174141179875 -0.387823317636812 0.201451458174787 -1.48232534095768 1.49109517139721 0.785290417734479 0.04265372561761 2.0738355127624
55871.754975 3.38095231149813 0.431708573342767 1.01783322040461 0.575682225132123 0.394927204480078 -33.10268 6.686646762 0.175446585138908 0.716675357722086 3.253164046616 -0.635890076985191 1.78657399809819 2.90168913166505 -0.2847922213714 0.960397602932661 -3.5913386466733 6.10398624867256 -0.34307980745565 2.728476632359 -0.0260176017301301 -0.1791394936576 1.91145423146808 -7.3001287059482 7.09670196190571
55871.760566 2.92360474321406 0.423255124039507 1.01787979909621 0.57501065482325 0.395428123619002 -31.90618 6.686497159 0.175600361726568 0.633839980688346 3.18794084085632 -1.04514540432799 -2.08200413716373 2.83423150487396 1.74666473581713 -0.0229077489483807 -4.52645130959512 2.7038358959703 -2.81192792232576 4.09553603316451 -1.94449871989974 3.91462404897163 0.20763601849209 -8.27794696303667 5.96627114366239
55880.796096 1.83187832405025 0.302677673915637 1.02310247402674 0.574289312586584 0.393225405636401 -33.36846 6.690211131 0.177242731031962 0.424622783996742 0.54356672392319 1.55930259218415 3.3244440835355 -1.16760344863604 1.39056586519416 2.5639243489248 -4.28350959361362 3.78242242328147 0.84182742753581 -0.65140975222397 -1.19700914538156 3.1457588755336 1.16123303257484 -2.8492303471373 0.59116198662913
55880.801733 2.50667614089617 0.302528038646349 1.02182046714005 0.574908929864711 0.392925193321929 -33.23596 6.689282747 0.177694252583888 1.51840402536714 0.48802686410879 -0.62888368812887 1.61688276727585 -1.31599029675236 2.55416065146289 0.0377305703453805 -4.88668306322525 0.61941492726836 1.21101229516902 -1.37295611238697 0.82324679224435 1.99186700125761 0.06634384697663 -5.59055579416867 2.48996228395733
55886.748855 3.25224568329356 0.562496126909882 1.02159169527755 0.574200968004006 0.396517787052243 -35.09432 6.692749397 0.174910729967376 1.84334959865897 0.28483134678721 0.38293585943174 -0.18129776856956 1.23167382068299 -1.64633843270831 3.57420950321302 -5.78949286367734 5.12285121487195 -3.69974325562411 2.28630435390129 -1.87444334805571 0.99051568832095 1.87449113069846 -2.25561237118858 -1.62814705575249
55886.754643 4.14917564175736 0.479726203003841 1.02246168545258 0.574116245416824 0.395825668386999 -32.55334 6.690389215 0.176764678252355 1.56599169071967 3.37128776546509 -2.38216262076951 1.32857972732385 3.44142864258008 -0.83021678341727 -0.75381798908057 -2.99102678852758 1.83286187306059 0.76613437053823 2.60129700883866 0.14812754761943 0.22779790972025 -0.9293851396275 -3.85878709982483 1.84278830608896
55892.786222 -0.217559747903641 0.308291846592603 1.02001967543199 0.577639468231302 0.394477959463577 -33.8643 6.690322674 0.177729183797804 0.918442730527746 -1.29113184335663 -0.7886285606091 -0.202423596835204 -0.232403752274038 -1.89283462748186 0.664157920037924 -1.41855571850158 -0.332091169952521 0.114458756759387 -0.652165830492988 0.0147083771888074 -1.94974765179572 1.24477383841911 -1.89991099498846 1.06592182060459
55892.79165 -0.652358038335979 0.315259118570663 1.01989071011696 0.576634140697616 0.396789195793495 -32.7484 6.690554414 0.178068074556257 0.161687162175574 -0.958081351672785 0.718438926477084 0.232810500061131 -0.249623147257203 -1.45660432094794 2.03099527638277 -1.59308502086417 0.320734015985134 -0.208440698238901 -0.811643511652961 -0.1761244189526 0.0761073094374201 1.54575055679824 -1.23749448016594 -1.27565360389746
55926.642001 2.66687652787487 0.384699842964758 1.02013409726765 0.581180692808335 0.397772414820532 -29.61622 6.691386357 0.180912526088274 1.17310069375999 1.40960112054006 0.30311375844285 -0.5241539605809 0.7159953343521 1.59426453313608 1.79590161381817 -5.8334728290652 2.71389820008875 -0.938403790509 0.0451681428322499 2.07631368150441 0.32899193206166 1.78743060096389 -6.18777813606296 3.37335071133299
55926.647047 2.61356070142168 0.387529642157197 1.01933924229816 0.580414231312294 0.394644624879346 -30.6614 6.690254433 0.180391607021154 1.25464104706604 1.1835285789018 1.19559662091118 -0.27657047687661 1.23313984072732 0.0582085323513901 3.02702719329653 -4.78383371225674 2.9298574957389 -1.4276692066234 1.0292932541671 0.90975345084584 -0.41541918393431 2.5366456089373 -3.45181868209125 1.80506938418798
55933.713264 1.22134034517814 0.357969847596556 1.02361833524664 0.584456958145065 0.392260638913418 -30.79694 6.689580102 0.178768230670343 0.733455616481152 0.715577028779361 -0.589508472295382 0.189195200262836 2.21288744890048 -2.88083201222531 1.61514234088178 -2.21497655130113 1.73017892710934 0.361191838753208 1.68320381835665 -1.68785728291626 -0.67554200828497 1.85418069747875 -5.09054758409835 6.55704586145559
55933.718218 2.10433597795293 0.379930846441581 1.02314157962844 0.584894128777069 0.392568230095267 -31.6441 6.689902085 0.179038687444505 0.845685799455765 0.59213274591823 -1.57543984810063 1.00985051428065 1.37611660166553 -1.97974246759505 0.77750260711875 -3.61474950796484 2.47189398259339 -0.94614577609682 2.44961065889653 -2.55276715996152 -0.1000544465564 1.33418069260578 -6.10911898913897 6.38364663693782
55944.734471 -0.38700367323285 0.407150074351933 1.02022114410481 0.585197029680057 0.390058880946062 -33.54726 6.690272168 0.178808056670642 1.02606510592858 0.311529975561786 0.037673929002559 -0.480099613809041 1.55778445023775 -2.04843061414325 2.09983390003866 -2.83849546622548 -1.50907430750091 0.26471333633838 1.88123265792349 -3.29800379291098 1.94940172095166 1.70119416514192 -4.65231938679325 2.85177434839207
55944.739934 0.515100743969871 0.407882672296977 1.02227853035617 0.586594503058618 0.389209755433376 -33.02306 6.690088145 0.178345619731708 -0.699997125158869 1.58238517822547 -1.65050687050576 0.438719798353076 2.29675137248848 -1.5548946840546 1.77525861262521 -6.97064906843826 2.04897786086018 -0.545852244801269 3.09438888789112 -2.88320012787564 1.12848464121325 1.62176689774058 -5.55746982000504 -2.06564989034741
55951.675306 5.78936460217812 0.350000823182363 1.01929553540635 0.577190765549998 0.399236488112772 -29.80564 6.693336658 0.180921291000283 0.454463572527369 -2.35479963921925 -2.42181953771213 0.174882611642269 -0.79657743285718 -2.98955169059279 0.41495927897927 -3.7803708070692 1.61857774261967 -0.95130730284593 -0.47704684188314 -1.30238736476005 -2.23385477718562 -0.000367421903800125 -0.37763873739357 -2.12650462844643
55951.680884 4.48056171950982 0.356344720305221 1.02052039057392 0.575854058012043 0.399846130761492 -31.1424 6.692645112 0.181705440704994 -1.91436164870692 -2.65250218451941 -1.72768376774934 0.23618528062584 -2.33001087033488 -0.72564378352937 0.99537389099668 -6.05980891152548 -1.41396252744194 1.99586148695029 -4.43211069915147 2.53017691131807 -1.87986905518564 -0.0165882422324 -2.06306510090463 -1.99524200387829
55996.545457 1.30126742560324 0.364119373713782 1.02516978956538 0.578135632228127 0.398639179941805 -31.59501 6.691365181 0.176413761508291 0.516395956061093 -2.74670767519047 -1.15512468347172 -0.84455994840001 -1.18476113172581 -2.50028519678308 2.06172232946019 -4.93905856945649 -0.376029612868719 -1.84374968195723 -0.24651728497003 -1.64425849406974 -1.55868397308797 2.83974078393997 -3.46361201988365 -4.61402022552089
55996.550793 -0.0798386635612442 0.361397862387392 1.02338339788591 0.577646595124527 0.397493210767991 -32.18136 6.69104046 0.176419599116118 0.312151692103028 -0.727715753352747 -0.486015314222595 -0.391881042578428 0.652650229075114 -2.40960681524361 1.79520565187662 -2.78760346629901 -1.71522081253039 0.004549820573087 0.348475522994728 -0.23465131710097 -2.1422222016871 2.00964681617006 -0.326627886714401 -5.42207168154838
55999.519686 -0.830477172672213 0.348917739429878 1.02277888801006 0.575837214280116 0.398556896358837 -32.2048 6.689278657 0.178007086269964 0.0182556844184368 -0.545184617957192 -1.04618158660285 1.59534426212306 -1.46143109756192 0.856880104130538 -1.79148870262542 0.85599377967922 -2.16558298031174 0.298341146481407 -0.814695427262095 0.00623145376687995 1.21254435579854 -2.40422703890336 1.35026098905488 -0.71615381866713
55999.525264 -0.532366278640711 0.339176948492057 1.02407738341219 0.575510144755546 0.397297066049278 -31.32532 6.688061354 0.17816167886286 -0.0923314151614557 -1.55167310556403 -3.3561154880398 -1.44741824034039 -0.708722973899555 -0.799558460120495 -2.66873053271701 -0.78249770677623 -4.92544718763918 -0.747345060423232 -0.047096308781089 -0.134665173235515 -1.22089922317889 -2.87435413085529 0.35593599607401 1.27995869125099
56186.874076 0.740196348052818 0.274532288133677 1.0224742267 0.573054068044571 0.395104661892379 -32.68217 6.691958968 0.178952571381226 -0.16371445824445 0.297883048683721 -1.42382043489594 -1.10579817068158 1.63528466565092 -1.90539606024237 -3.02034076637277 6.46611939635814 -0.449415949658839 0.619935595261931 1.22443881178537 -1.42213787166709 -0.678259508287754 -3.36601029573923 7.29531923394952 -3.82875689683879
56199.868221 0.235678628877877 0.613625058409797 1.0213225944637 0.571176277299637 0.391870117376158 -31.86879 6.697559619 0.178637273680052 -0.601098330691186 0.873142178288373 -0.789730116340757 1.82102099598311 -0.37017978198162 1.3478589572533 -2.2440536383804 1.98542303026514 -0.98781372046222 0.686261051482358 -0.282569003753812 3.28338748724408 -3.48991573251842 -0.10063488770073 -1.63873469574627 6.92966827868111
56199.8738 0.839378053971413 0.548591198078946 1.01867409129213 0.570972231354066 0.393349342375039 -33.11257 6.694470925 0.178445194509344 -0.233337692701902 0.64396664534992 -4.54714602703043 -2.08011073619672 1.45360369379899 -0.4380728793861 -4.36747722989107 0.0397540042179196 0.74305771087313 -1.03645533884106 1.49446980611112 0.8457564360933 -2.87172709549366 -0.92746095320735 -5.89066338418785 5.48503400710223
56224.815951 0.909663583937057 0.306842489901578 1.02278144698206 0.57359806698086 0.398508811715062 -32.10341 6.688036362 0.179091223892076 -1.44147804021134 -1.09526367684911 2.20879887143979 -0.980169760596026 -1.96303159128819 2.16722141654353 -0.0742076860407399 3.22269522704714 2.05174937855802 -0.94321782172359 -1.32184656286891 1.32415851387502 -1.36478242048398 2.00864679834643 1.75511474705704 -1.2628209124057
56229.790756 1.69610797456458 0.396759999492103 1.02088929057965 0.57484296147145 0.397612735716478 -33.79976 6.688964806 0.176006869488181 -2.70181421360703 -3.1070647887884 0.547772353303668 2.30220281266947 -1.56475323312853 -4.01728779607864 2.14877653485981 0.548098027358641 1.43185705068417 0.3336254995179 -1.51415462964389 -1.11836056715906 -3.34438714007388 3.54600954899891 0.98812787806458 -5.53468210214838
56229.796277 2.39888129365443 0.386848235673755 1.02132825250907 0.572771361433734 0.396637640841127 -31.18658 6.688430053 0.176428182220408 -1.76217490003211 -1.61843463499502 0.78776219719825 -1.74077603365442 0.0875172768954799 -2.20191533939163 -0.889489654566521 6.63556605944266 1.50418575118756 -1.90663301079225 0.63919519619579 -0.66829654962218 -3.13477676214411 0.755355643608746 6.11204099860513 -4.63213792350215
56256.806139 4.93667243158951 0.262447274756226 1.02406340918151 0.575387229663035 0.392048571510567 -31.43731 6.695711757 0.180037856721612 -0.360708228661132 -4.6970499967048 -1.16373526209353 -2.06743159918547 -3.2904202492816 -1.4815316069117 -0.83947447382877 0.94393806086329 -3.45659463938755 -0.65538073296826 -2.96433189032439 -0.41510835535317 -1.941600616293 -0.22628697663285 2.08386104455234 -3.11698203425452
56263.791983 3.77469998423268 0.276557193555276 1.03506124417317 0.581898080638527 0.38079906148146 -30.17348 6.694669569 0.181486046627045 -2.95751721088057 -3.92931469594281 -4.63046059279414 -1.33055190019495 -4.02502922420072 0.93155500416051 -5.73052128935444 1.6591235919808 -1.97714954401041 0.0677995046440403 -4.52052172332409 0.0158528347087801 2.41209666117538 -6.85969742902597 1.89932303646467 -1.77579341479848
56264.806058 4.15697404911424 0.247823191853621 1.03088198195323 0.582590247061171 0.380641627163681 -32.2448 6.69605463 0.181305733064917 -2.16251859921034 -5.20538664605763 -2.66304830445966 -2.12775346214617 -4.56603341096245 -0.000865380494579959 -2.53723589117691 -0.334954551655096 -2.33009007282921 -3.31651090471556 -2.03773459106241 -1.23648594903597 -1.30548700153862 -0.676947515905455 0.014986878696272 -4.7785463033373
56290.699344 5.0821799717511 0.305149474241315 1.02379593247153 0.579350632246576 0.395632626625905 -31.81312 6.689225752 0.180329317101796 -2.36508340629197 -1.89762363829855 -1.80960721487607 -1.20505819149179 -1.42934912604633 -0.20004841799419 -1.82184436115386 0.27438868379319 -1.2932125864848 -2.1379571982645 0.23755924261698 -1.22644386801829 -0.32667320711106 -1.17076265769379 -1.42036280459677 4.38374094041999
56319.633182 4.09873355261412 0.35158043679311 1.0238683714847 0.586168522368663 0.389240271622661 -32.40382 6.691749833 0.178722085500153 -1.31862807099968 -1.68325496453193 -2.76097887310189 0.0959057251690094 -2.06251904323136 0.65850638388967 -3.51879571501983 1.12492888612971 -1.42513012373482 -0.84203508168815 -0.90397754531723 -0.15215671664242 -0.26546704998718 -3.33077642651943 1.66198913517645 -0.11087826386684
56326.624662 4.0129227559472 0.313766339451551 1.01973170607617 0.577794476600128 0.396746021157452 -32.34518 6.699428881 0.180119630610926 -1.38678988793106 -2.49296508103062 -1.95766966205033 0.0789051538013199 -1.9447537875811 -1.04998080723263 -1.41547149172129 -0.15849624125593 3.06298598417898 -1.15480900443832 -1.45340356403352 -0.59440626298205 -1.36652535982079 -1.78044972494735 7.71822472650283 -18.3330355118252
56355.567895 5.28899497495278 0.400163307997313 1.02411565936956 0.57573183118614 0.396337474510258 -31.00116 6.696749442 0.177311094298886 -2.04716201110158 -3.45678397124665 -2.19251219385979 1.28070126820497 -4.08034715956763 0.5309836208137 -1.21978254191112 -2.93372985414524 0.2407921205719 1.48407443587675 -4.69247904254008 2.38400354241967 -2.96237075010801 0.641259811182139 -2.33094720648878 -3.05936437884758
56355.573843 5.74999634760828 0.391825036169553 1.02371366219943 0.575823268183303 0.398583323855717 -28.68066 6.697550212 0.178122805040489 -1.39782194284696 -4.37652123589088 -5.85455660413974 -2.40364212089365 -4.67387092029354 1.65473022315538 -5.24623042161272 -3.28128528861108 -2.7338070714943 -2.65379962286742 -3.42335422970013 1.40555271525519 -1.1768030908379 -4.89757360893733 -0.40536326263821 -2.71141974317902
56362.49405 0.775292990884644 0.536313162634681 1.02127345047109 0.576104828939065 0.394680633299461 -33.00689 6.692189908 0.176466213097573 -1.41766112240575 -3.3725355766186 -1.98245260089714 2.96865930736499 -2.61895114046174 -2.90407116354513 0.55185397329033 -2.9717516943343 -1.4284612091893 2.68813503943405 -3.63900184348645 1.11280037814007 -4.37610170574504 1.96441016121118 -1.15455487915971 -5.00942448601256
56362.49729 -0.755618319063171 0.506744600658232 1.02032254528218 0.575118002539676 0.396913258171369 -32.9743 6.690451829 0.177709230249002 -3.0585808133511 -3.0585808133511 -0.95279243685873 4.81534566883528 -4.28011076803418 -0.22550429018425 0.5175350208711 -3.32953675517361 -2.4706702198885 3.5169307631485 -3.25275216624279 0.29184879764959 -3.83338012375359 3.34611235460214 -2.41636267418062 -3.75580337557411
56362.500566 0.0482397769914467 0.494319432906225 1.02133514627153 0.576290032273223 0.398764951999686 -32.57722 6.690364334 0.177004272029153 -3.04729157459451 -3.66783749549648 -0.80396542543252 2.61946547419545 -3.20946276108971 -2.20518789405856 -0.63722650246194 2.11557722108848 1.32277362310181 2.00243216629849 -4.06378533829016 2.9179074274404 -7.60487836254173 3.11515784671925 -0.91280495525176 2.97879830772772
56396.483574 1.02350293092618 0.45755156973535 1.02050112406121 0.582259670495445 0.392711217500576 -31.61425 6.696960587 0.178619725778186 -3.83265090336887 -5.42713818299657 -2.75824913239264 -1.18408274197265 -4.03275873589433 -1.95675087483513 -1.95647988645464 0.20144914953639 3.12845517268959 -3.74820757103011 -3.10907012778137 2.11851649117674 -6.77574635750689 -0.1334366001141 6.04721497916621 -11.7411081374896
56396.487451 1.58151579004581 0.455986113469198 1.02240956261972 0.58221083521739 0.393978328562963 -33.45987 6.695777023 0.177968805560486 -2.64046339010913 -2.64046339010913 -3.79045528243864 -2.28324884454624 -2.02502976508488 0.0188756318424599 -0.558182130194378 -8.10613043003393 -2.50716714811659 -0.66349824838421 -2.09786452701648 2.84165276115388 -5.21848511338825 1.25820778983549 -3.31915073447406 -5.82719554105306
56396.491293 0.945203469561407 0.462075940901641 1.02199164772669 0.581036088988993 0.392915534157689 -33.69443 6.696570639 0.178468972809975 -2.21776535475289 -2.53258070243522 -1.8151385592245 -1.18801103719788 -1.76899043189563 -0.819345644078309 -0.646875265710435 -2.00259413781545 -1.10015132777173 -2.52390197477983 -0.21001280365558 0.28507750655023 -3.52360661748135 0.58353250987324 2.0230997660035 -7.19229416157118
56583.811223 0.0437146069726587 0.446732046926737 1.01852540917798 0.575559581012852 0.395640647618802 -33.59246 6.693849548 0.177663472921504 0.20077358398856 0.855165722919402 -1.49468695447312 3.02116864069848 -1.21877458050919 2.24196708572095 -2.2090888924366 -0.717416181055336 1.01412995962455 1.57215039959067 -1.50610971210796 3.08366997911549 -1.53093407116549 -0.212323590859104 -1.29672273274503 -3.65381521520345
56592.826171 1.00651263908221 0.380019416140762 1.01843265602301 0.573699280350397 0.395015366250077 -33.24881 6.695095574 0.179411418989012 -0.507327388039773 -0.988090804987685 -0.399748146596365 0.60890688013358 -1.89403548583317 1.35207822161261 -2.40855663332882 3.44175572382464 1.49665108822134 1.2654623500372 -2.7594690189876 0.977739421245899 0.949520959768352 -3.41591339056045 2.91321925864322 3.59020645064046
56592.831588 1.169276774572 0.394929902987354 1.01935428810298 0.573176520425381 0.396947641967198 -33.37356 6.69506966 0.178441658606566 -0.695922313280898 -0.424261052329866 0.678353706146986 -0.90495754829065 -0.126063978095793 -0.0742305248412589 -0.528465499974013 3.04615798518716 -2.31499136834709 0.303508536865487 0.1755600415547 -0.961460983804835 0.536553720713372 0.076533803073833 -0.748459388420997 5.42192585917068
56613.732816 2.51338643574489 0.304007378414829 1.01945425815753 0.577306569535654 0.398027495823509 -33.17635 6.693888139 0.178870258709111 0.860221628180465 1.13501772978003 -1.09392262852371 2.22658361201725 0.82943915519526 -0.66949385696157 -0.33732554258106 -1.13665517637308 -0.768814226806203 2.19093336138541 0.17006617013303 0.71286593755073 -1.33424448701556 0.5872456990182 -2.70637483699666 1.6103151669487
