52940.776417 -5.05948615097051 0.532560437950058 -9.95268 7.101050604 0.166126032853917 -0.294762062340586 -1.97381494207255 2.93196640581395 0.0535052686583297 -1.03201482713692 -1.94064389569878 2.16672988385376 4.07280570072344 -0.65465339708299 -1.54567585316165 1.93552012566759 -6.49068591734984 3.37146663236415 -0.262438695914151 5.47868869289953 2.69539303698918
53001.644658 -1.15349608196332 0.959747062806223 -9.00682 7.093397771 0.158118402413684 -2.88932355400996 -4.37596861667283 6.98394222547465 1.39637920025175 -3.94480997138856 -1.63759520043123 4.44184867331862 7.78128505645411 3.55502127215847 4.00325166568489 -5.38843934076403 -2.55913553572678 0.56621649899188 4.80115449144883 2.93875704285197 6.35458096851657
53051.592472 0.915431199896712 0.883561547898978 -11.25815 7.098329157 0.16265923010244 -2.58802526699621 -5.73898176361858 2.40045050985801 2.47389940654892 -4.53944201060176 -3.85321858910215 6.97359267222798 -6.44362377870364 4.27421115235335 -3.08851989609202 -3.81222986434301 0.436014350494566 -4.01870470994995 11.0034064377382 -7.40560996645137 -11.6682436097083
53336.783818 -2.96279986846401 0.489004038844722 -8.54497 7.108025689 0.164913233101944 -0.952534039700964 -0.93719964140359 1.57722124790328 -1.18155891219527 0.45507019559838 -2.06458579279149 3.21638558813735 -1.39060919877604 1.45523397928801 -2.88356664280337 1.55144914940112 -2.79231843113704 1.51328397755252 0.91871309341582 2.34811252415477 -2.87703097626904
54135.574625 -0.0990461919210965 0.690177613720335 -11.31219 7.105115114 0.164129171200515 0.879682129780667 2.57402603761304 1.84962331531634 2.69616123487831 1.73118795722785 0.104252511544197 0.930382922493204 1.98457726184944 1.50046443278683 2.17784370910554 1.33640088243219 -1.97031116393761 3.71425229345003 -1.12093139325153 5.53434962392633 -9.48316172940328
54142.602044 3.32634116433983 0.464132973336853 -9.1629 7.10399474 0.165174911499197 0.720154252476814 0.5028571720804 -1.40420952651257 -0.0106247926444301 0.3642421777945 0.2857523993448 -0.9118071644339 -1.50536621947653 -0.85612624493662 1.16980445724786 -0.3283931659495 -0.15905979982522 1.52957394020781 -1.48597103329701 -2.85651963435836 3.46741998865108
54730.886147 -3.14592429950489 0.484083961861223 -10.26362 7.10527495 0.164808626757597 1.31374008047202 1.06672273654774 -0.56913129109059 2.22139855311465 1.89935939454198 -2.86068840228126 0.14672146057149 1.71757002226581 3.3840989809239 -0.00949714481279962 1.4746430583837 -0.26430802583594 -2.17723218471027 -0.23874303693901 2.19157177437823 1.39208282258503
54731.863919 -2.59949752128882 0.459722343946179 -9.85372 7.102897522 0.165134038636322 0.822714481532069 -1.93079176158446 1.92540349718599 1.10931306361632 -3.12023653153318 1.58582473865775 -1.8151650240735 8.33476590888773 0.86838710353785 0.76927643019159 -5.30277600072206 5.11568313332819 -1.38772291959762 -2.59443827509501 5.1836952498756 9.0294438858031
54732.795506 2.18360004812015 0.769057406118083 -6.2439 7.100799191 0.163921476845996 0.079461050622611 3.17025875435003 -1.90978548726393 -6.0078594713855 4.41168125785604 1.06941277731082 -5.76857315095908 8.34531467619746 4.32658200278513 -5.60090952074171 4.9177773200432 -1.09303849593826 3.23609470684514 -7.99507169108529 8.76836545616666 -0.17519741351996
54733.855018 0.80257153017509 0.460104408524802 -10.50659 7.108654927 0.164328174866166 0.310345606535879 0.116015692199332 0.79380854862273 -1.34141665539417 0.740364958929875 -0.368676560840167 -0.522391201803568 4.13294492568281 -0.8102764465303 0.310582488680194 1.17768759995758 -3.71556130168919 3.88107645804934 -1.60107539744647 2.42367740332223 0.36281374990394
54734.854132 0.758030027792215 0.640739684775044 -9.34552 7.102414425 0.164981201458345 0.557515852713858 1.0167589735066 2.26747106125042 -0.064873419178735 -0.366816497952126 2.6232010352533 -3.3226881130394 11.1589526769312 0.776724628909442 -0.791339385814241 0.796865799526497 -1.68671402301597 4.63594922467289 -4.88946592326521 7.80459589271321 5.38759018550065
54737.874679 0.0956946365237232 0.652313391777112 -10.18556 7.107373358 0.165740382812037 -0.784696420978917 -1.9021098938458 -0.216873551462336 0.18873307237496 -2.52102892285243 1.03731159502499 -0.379909632823182 -0.794654489181868 -2.03943618201975 2.26905600078246 -3.6374894443864 1.48555855735255 -0.172749226001832 -0.629046613642227 -2.56216545068583 7.31621775080446
54743.819132 -0.896000190038291 0.66989979400739 -11.47707 7.108391112 0.165719262310404 0.968979898343522 -2.11498087268702 1.93258561579994 -1.50971300761985 -0.924137280252355 -1.37081863892636 1.30775417774006 3.19895047413459 -8.74340580541262 2.49370238397795 -3.14561814082551 0.2467628702076 2.60040636758879 -1.0746982203592 3.02422507863612 -1.4526397344155
54745.774568 -3.16000953906763 0.52400698263063 -12.09804 7.10256415 0.164511071295716 1.05477808653209 -0.59862394290304 2.33006714051589 3.33625278284387 -2.19051327606306 1.02543201200984 -0.60863461296792 6.54047454776536 5.39782673981164 -0.28734453632262 -1.40216339728139 -1.54641891748082 3.3377222216446 -2.25840681956054 4.84267967950888 4.19535258687684
54747.848226 1.2256860721571 0.575970785013351 -11.74093 7.104770696 0.165480265158844 0.572257732469675 0.578799125394444 3.0910686918476 -0.928616273530792 -0.094752772656368 1.84530984507178 0.41113470060726 4.59961752199514 1.7308319744633 1.5716765291401 -1.80132303987277 0.92607802023548 2.18995082703737 -2.38950547502589 10.0302213524067 -6.7504399155347
54758.751571 -1.14319340032289 0.654962926775182 -10.67928 7.102902301 0.165821974446892 2.31266928897442 0.06411805570816 2.0409434778438 -1.95081966338787 -0.65054516214363 2.48215213952613 0.566336967703249 0.79438900826367 3.24351388362642 -1.51204537315491 -1.38887877499459 1.61413514713018 2.01221254141398 -1.95212259316028 2.05426830571311 6.69096087069015
54758.757139 1.2841403416257 0.65615446364192 -11.14761 7.10197062 0.165152876871558 1.60264497710703 0.642586697158907 3.33136763267714 -1.19415503984881 0.175496768833742 1.57721054130523 1.09420121433571 3.89022752656235 2.0599079222556 -2.25805232258127 0.744949383239566 1.2843439660794 -0.32768683798972 1.2975756480916 0.30066295169558 10.0708319698485
54759.765576 2.1813115679799 0.658058412905512 -9.88529 7.102342662 0.164699705012121 1.52762938067821 -1.36198196382656 4.69330263785972 4.98652357880574 -3.68515961424235 1.47865834747449 3.21756566069307 2.0372872959349 -0.072954297606202 6.21373724346813 -4.83670882902014 -0.130348500669987 1.46458777310186 2.86943428750606 0.0987621125101894 5.07625336606734
54759.770993 1.87438854281395 0.660744528441882 -10.75074 7.103999462 0.164776457364549 1.18051750500239 1.64000329409293 2.89053262170595 0.808761291723309 0.757734488955702 1.18790742329441 1.79379942226867 1.42038520859073 4.19611468837394 -3.20365849735715 2.17616991371888 -0.27814654105613 1.83943038155408 0.54606817166655 3.38221477408661 -2.35260216031855
54760.769615 1.44426334545066 0.624029894859191 -8.4144 7.103641746 0.164584373884145 0.778344825795691 -1.83170333106887 3.39639966970574 -2.41672485159743 -2.49117249458338 2.63832722569796 0.28818237280009 4.8629739364627 1.85664321980772 -2.78320381184605 -1.98442866405497 -0.252658666428069 4.19467439986209 -3.24223485273308 9.00488235549579 -2.34120230854704
54760.775205 2.25324052890252 0.649363609109166 -11.46779 7.109004547 0.163922307986561 0.72133363372832 -0.47213603479118 4.06125385456431 0.58240504572736 -0.18606297922749 -0.87156060889497 2.67512407913135 4.62026389039402 1.95925732829713 1.65233824269579 -2.51581612952014 0.052570365774176 2.64452465686451 0.58207038482425 3.30088905033462 0.761209714253599
54761.743234 3.18807381810046 0.647658289138462 -7.32041 7.104598552 0.16489230537934 2.43239176827784 2.54446601560273 0.44825398202903 -0.99593269728381 3.63290464837095 -1.43900502106323 0.34668782222245 1.95782299493094 1.26326380184 -3.87686660154408 5.23823614001698 -2.80843993682462 2.5102176951374 -2.16207413623327 2.96460846731914 3.07323483826575
54761.748917 2.09767163960894 0.643826448380935 -10.56904 7.109694662 0.164484225346894 2.40133786094512 1.15367376 1.65580617146643 0.373435658980247 1.12299676303446 -0.15725716081827 -1.78908731515999 8.93336853186839 4.87964427420366 -0.34152174567485 0.63348735378072 0.05109862037073 -0.13437039968157 -2.99137463014454 9.16895482689697 1.48505068618834
54762.746761 2.88596416267862 0.624096410847319 -9.6165 7.108082133 0.163622046920679 0.468679522457537 -2.08695531184017 2.78735464135406 1.09287266388002 -1.54515868856799 -1.64037587726483 1.12269705695621 6.29846173503554 4.27456421878692 -0.87384247465515 -2.01775923586947 0.11004698655259 -0.92993948007804 -1.63255741827507 6.94809599151412 9.96185398770662
54762.752456 2.93280602819189 0.620834112190527 -10.42196 7.110460809 0.165055226833203 1.32724831854553 -0.41855353890936 2.1491342083469 4.56602537912347 -0.78308414440755 -1.92588884897429 -0.827059540041208 10.0206371786493 2.614046690989 2.0713838270271 -0.47251573817911 -2.34501590261731 0.54022310512025 -2.24399379721499 9.83775063551435 0.652631045858991
54765.740091 3.54439748736871 1.09965850226932 -13.8408 7.104012644 0.1696395649768 1.39951581928557 1.62549058257484 4.35562318930335 2.70878191319378 0.11664158350554 1.34705367264165 0.84591533088961 6.77978479304923 -5.73251105115388 5.19927356416579 0.0170859336942502 1.9424847598024 -3.97449813503418 2.01714750759503 1.92892978148542 16.8763171094504
54765.745601 7.08692406771634 1.01097825388811 -7.57193 7.104311984 0.16840859877295 -0.284883444891855 -1.53613378644835 3.21399313291676 0.0486185129880203 0.992607476458259 -4.67333595618731 5.35925358096285 -0.0352017180750703 -3.87341977914615 2.83943334482529 0.26937662192654 -1.63223413721464 -4.50366275709199 6.84807338683704 -3.08425434595641 7.7420868157875
54766.772759 3.57612314236796 0.613715505526369 -9.75899 7.107799828 0.165603468122909 1.07765646646295 0.24768098983396 4.77771713552415 -1.33698340216268 0.81522840799978 -0.27861580616053 4.55019784888038 0.92216662232024 -3.84288520107032 0.14843914241119 0.64760329931253 -0.38779871400121 0.96928894914166 1.47719290705184 4.10300081561134 4.87499130841405
54766.77828 3.600526611501 0.630004397753718 -9.42839 7.106237451 0.165033600336419 -0.908854676361236 0.55587038828672 3.03782297067756 -0.54408280279345 2.57915943278716 -3.43785479724695 3.40876862757044 3.13457512552429 -1.7283252604139 0.13477323368624 3.37343421008001 -4.24147997005125 0.41873139188228 2.27115612741808 1.20793669839881 8.16643018798758
54767.744996 3.86939825675483 0.65743690831426 -9.36715 7.106533591 0.164420152787568 0.858328507553939 -0.21921453645653 6.17385413738275 1.03795907325064 -0.41120586356395 -0.24013555137323 3.04382486854883 8.36096320295621 -2.06281880588418 5.15292585803074 -3.04837303464061 0.1203134639676 1.41690268038511 0.62333037481304 7.40349651310256 5.7225385005525
54767.750586 4.33825999401725 0.626290870878565 -6.22029 7.103901965 0.164465144792306 1.53837087660915 0.36649753221968 3.45468599849977 1.45289286547257 0.42396154827173 -0.96879494362371 2.25668208192802 4.29513585092886 -2.60175333857851 4.71602012390523 -0.965668944788329 -1.71694913273731 1.43941641725336 -0.35778714250768 4.53467453646414 7.62308494128121
54774.799601 -0.446759507197767 0.543128954900333 -9.63765 7.111426002 0.164777299912408 2.08038085273674 0.604995619728176 1.00823576769641 -0.714164684921359 0.197111464335753 1.16338819683994 0.728510360577271 -0.631321552154793 -1.01982505960168 -1.66029723452124 0.32415180946441 2.70192873630526 -1.44412716828757 0.397326223545669 4.39624381456156 -9.10552356079898
54775.789063 -0.399725776404568 0.483738142813404 -12.99864 7.106166388 0.165515203137542 1.49879141814271 -0.15198454125249 -1.86688091951386 -0.953367088915171 -0.932607713474629 2.01253575302769 -2.50477491592396 -0.72293452940317 -0.460549956359604 -0.281559473289898 -1.78415380373019 3.76374344672438 -1.75732955878059 -2.0103938894064 1.18551300684187 -3.69671609368606
54776.682249 -0.906860742179514 0.598247711604439 -10.9587 7.108006697 0.165874867846497 1.34402621124555 -0.643410441499231 -1.72653946007888 -2.01184728127869 -0.994880536368432 1.81263923697231 -0.379227466053022 -5.28050384604028 -3.71139965088306 -1.53223108537708 0.22855223206404 -1.097150189454 3.29190908682656 -4.26985827557829 1.81120801261156 -0.70421006062135
54777.731757 -2.21387311231632 0.484060143504313 -11.57031 7.108214508 0.166335973239496 1.17268671224061 1.54559366764482 -2.5052428239889 1.67375966544028 -0.73495511172005 3.19474408949785 -3.39069685681141 -1.45296427266862 2.2595064709693 1.00249750755171 -1.3618322487806 1.68819372770421 2.63899087692258 -5.12193648406412 1.0385721115603 -1.10603576623648
54778.712512 -4.9086501195057 0.447539776350792 -11.52205 7.104905423 0.16590781417037 0.712332055259043 0.47163842605363 1.5359077380994 0.22984664740757 -0.33843966615109 1.3495657811803 0.210796556555811 1.86757200996061 -0.42651960494107 1.68087549764659 -0.49927813499626 0.39253897825696 -0.2362211969985 -0.01825176434635 5.36165435869897 -5.93012405070935
54779.68888 -5.27493215989743 0.602966029822049 -11.10228 7.108492328 0.164615591536923 0.817823217243011 0.0528675756361006 0.19147516852048 -0.99886794381348 -1.46074225671519 3.37166530994486 0.85855589387729 -5.47527312194281 -1.1003396318658 0.76211796849719 -1.85516687245375 4.43111551691925 -3.49166232663064 2.92922603101191 -3.98554841695861 0.0803356562212096
54799.663486 1.18416258725899 0.504186281372858 -9.73192 7.106675334 0.165165777936418 -0.0855865220569079 1.18848005003003 -1.06063154781137 0.382212252796702 0.859022645948392 0.37719514664568 -0.97179608181453 -0.656790365855625 -3.62463316416536 1.90180912560829 1.45042977119016 -0.0349478915441499 -1.84223087172541 0.72297260336155 -0.04254370120874 -3.34975753530771
54800.740338 2.3603921681304 0.495797415107268 -11.3542 7.10170155 0.16540604028281 0.147935439396249 0.44950791807255 -3.31603826039502 -0.92706241418236 1.43074792982988 -1.28666108984457 -2.04338544300079 -1.7626104098256 2.00495822434692 -0.9474554315541 0.61714519278172 -0.55849093803885 1.08231481952813 -2.81922047207122 -0.439759729733307 -5.031690912517
54801.718833 3.92823281966637 0.410145840201864 -9.72603 7.101970237 0.166492041937195 1.1760699827232 1.67084040323141 -3.15224329956579 -0.27707654579797 2.33374599687953 -1.05828701374306 -2.69608306596552 0.0876719431009101 -0.11674781452823 -0.76588582378746 2.50892912548112 0.378708342635409 -1.91312841533019 -2.15152776367692 0.62486904563285 -1.07986674012183
54802.720393 4.96925725477731 0.49408241229375 -12.17184 7.106774963 0.165536968818698 0.749260992291323 -0.17493263559408 -1.83928192271693 2.55279518373527 -2.04773193501622 1.94929844058579 -1.18309961444801 -4.05410852122076 0.51139580233008 0.397572945191619 -1.17434108226934 0.16931084339438 1.72323006835846 -1.48771978274201 -1.13075592287802 -6.12036018540797
54803.69929 4.12832091701837 0.524762533485006 -10.27114 7.10600733 0.16503043644971 0.618569688127273 2.17445554145864 -3.09984822246194 0.09520994417317 1.7790482393412 0.67697429546916 -0.60092564931799 -7.15474142521132 -2.52132030747165 0.8401451442559 2.16787121503596 0.3857562454255 -0.80616075074406 -0.376338877154351 -3.99329632161445 -2.47693961494764
54804.649136 3.5413996163282 0.566063926536898 -12.4211 7.106201168 0.165054918222532 0.869989519013845 1.21698877845035 -1.51469102511976 0.33338165554044 2.19948259962097 -2.00394722594361 0.0127433486709703 -1.53452483379713 -2.38710946630901 0.03719595066105 2.00447027957847 0.02991090693786 -1.32139383685314 0.80907021027012 -0.95185882161109 -5.90337368906256
54805.709234 1.83856401607254 0.599503820464372 -10.49185 7.102143994 0.166329796475356 0.666814568179224 1.31636625131857 0.61555516587753 -0.871259273862299 0.821161043035869 1.46025877220869 1.64042108303277 -4.34965248402954 -6.48445510067792 0.106199466680227 2.66967180841507 -2.71844130890027 3.98257196464326 -0.19643494551599 3.15787447406094 -14.3035053630844
54848.562816 -0.415833140144876 0.526299874102786 -10.19999 7.110127942 0.165320520885185 1.5339972651589 -0.51529206230087 0.812190926872723 -0.600159173054711 -1.62762517219316 2.37801236085826 -0.994006621447261 2.09050386022694 -2.01660012133702 2.61345213989233 -3.18573848222039 1.99379933689218 0.885183709505706 -2.93181539567707 4.13656105619356 4.50207809788324
54849.613895 0.39716982832355 0.426608883951136 -9.76576 7.103362222 0.165079339617181 2.65823592807049 0.161711938090311 2.78794188950506 -2.47053666894539 1.02189100964321 -0.0941815849547117 3.23740301641861 -1.16795647191748 -1.1842920878914 -1.74910611369801 0.819671715136743 2.41234464512036 -3.27098340429619 4.08732631420215 -1.161083099538 3.56239426114672
54851.640787 4.09164822443087 0.492230363630208 -7.93352 7.108496946 0.165202558368813 0.405124440757393 -3.17659755611579 2.91870731902493 0.292114857430009 -5.23843656972449 3.62395880865457 1.67186267764535 -1.176029151799 -0.114609916163849 0.33637763702629 -6.17712041608999 3.33004530789721 1.857412625687 1.42340950351154 -1.35574357752585 -1.82238922481912
54852.647792 2.65202124873703 0.449271837085627 -6.92806 7.105970379 0.1651609861457 1.23452498079473 1.21415389966889 1.32849845211009 0.5959423543119 0.7816958955035 0.44803191226383 1.36096546130356 -0.68011638912804 1.19448151549945 -1.11656013610127 0.1352682746448 4.05586989878011 -3.38899521680715 2.7129322234881 -1.28753934951641 -0.15048712888211
54878.544329 -2.36452868533778 0.571004530144913 -12.2358 7.107265584 0.165457513179425 0.902521851291397 0.84606890408545 -3.5087341257615 0.86527101337634 1.82294616530302 -2.33288474881805 -2.78466659323457 0.95333407622557 2.0028603928255 4.38001808529832 -1.56526609449751 1.09743973540386 -2.3649937615102 -2.17528457657 -0.13939733950984 -0.6303615022859
54879.604649 -3.23487752534439 0.53532064102002 -9.56178 7.109682296 0.165022225807376 1.21328258696573 -0.93591960452554 -1.28441954835742 2.64286336150916 0.959234891739327 -5.04308189163547 2.84279060646845 -4.95586573454011 2.75703249353648 1.1734277398959 0.494455595151207 -1.8004315996193 -3.54018971129682 3.59954674732295 -1.80040256719061 -7.97331284502659
54882.57707 -3.1247147156564 0.466163386475426 -10.21018 7.108934088 0.165474920726818 1.51968231084227 1.1778122056584 -1.94130921408054 1.01388217713924 1.45648485915969 -1.08740746073252 -1.59445877527781 0.39763340501266 -2.70165164770156 1.80619252019814 1.62246253239802 -1.46307791479648 0.0798437045866098 -0.97903260890104 1.48650257525177 -8.34650656491196
54883.537848 -0.749466329233011 0.485786214200879 -9.08199 7.106419563 0.165967704756496 0.851337336579935 -0.514935226773715 0.081876250212002 0.439748078584298 0.400235621453601 -1.96584024000519 2.63124752746946 -4.65254526250134 -2.10297826419293 0.109883949810782 1.22228982657044 -1.4439016534677 -1.50511120651324 4.05177962852196 -3.85908658868266 -5.12676264089554
54885.576629 0.215965233884365 0.542698220458645 -9.35528 7.10359169 0.165648652493756 1.46675323855682 2.69777097812976 1.0980669346081 0.23745170301011 3.59028897399905 -1.76250915411277 2.67656057536519 -2.14574643326537 -2.16156679088588 0.82473027600403 4.8632062090629 -4.63111126401495 2.31557662609266 1.55911433850094 1.37329500122505 -6.64158378100258
54886.559442 -0.652807838244902 0.515760835478998 -8.76655 7.109283094 0.163905889697933 -0.0431787486289902 -1.78530151004065 1.67288505683905 -0.229710326160063 -0.877958527647812 -1.51820746926393 4.05514780901073 -4.80182464087904 -2.4066873015395 2.92016119662437 -1.60093284282442 -0.467178115411697 -2.76298894510816 5.9585688392857 -5.19223412129449 0.1676906980279
54914.563694 2.90637852593606 0.641929490945091 -11.46333 7.1099107 0.16526478251791 0.125815689493268 0.0406744217364401 -2.38529487850726 1.17757486523487 0.74701633483142 -1.92465037921509 -0.24033211394505 -3.27291163955967 7.11776090465906 -2.18774202450165 2.0416920118233 -1.50955300352689 -2.60141173668466 2.79684385282992 -3.50311260673629 -7.78616535661278
54915.517349 1.49003142406291 0.595266629470796 -6.67276 7.105464052 0.164085463357754 -0.33213802312333 1.95391744302321 -1.90308465078177 -0.147406782865316 4.10989265422658 -3.83765637617764 -0.356942846389139 0.463920603138646 3.77685660491959 -2.66603393506145 5.31161328979247 -3.14940283466441 -1.36612636942228 1.00115568357283 -0.686262810888517 -3.94151182461982
54916.544263 2.435859344853 0.524675152939996 -9.38443 7.107946131 0.163964965935585 -0.116645368511411 -0.0857392264460199 -2.0004586371491 1.98219345585385 0.56417939008694 -2.32388141354974 -1.36898134189846 1.13569970573108 2.13164642731843 0.3858259961689 0.88358614741658 -0.692146186232109 -2.85857945709744 0.208772523688836 0.55127831062716 -2.50932790276673
54917.50337 3.89238736853667 0.521638365205411 -9.82065 7.107486288 0.16551043460335 -0.255776040393977 0.01388485878722 1.39099156373214 0.24870022082236 0.4918543400442 -1.02231950918784 4.11976237760755 -6.08979831385957 0.10226783609944 2.11402978872264 0.0637433163311902 -3.77641991258831 3.87656473985165 3.8640512395658 -5.77372299341919 -6.36775658955969
54918.487464 4.78448611273289 0.469427123863951 -8.96213 7.107633885 0.164913608830103 0.752415422757019 1.42500335660907 -2.09040199261281 -1.70659227792617 2.46627975375679 -0.92520929537807 0.7758020502705 -6.82029503228332 -1.42530400359903 0.20591157578383 1.07402031002346 0.00199371242641977 1.28935091443087 0.655136602211541 -5.53213732908726 -7.02028076658896
54919.511174 2.06967873660562 0.436606957229936 -9.50973 7.105503987 0.165116881972249 0.901910007835568 2.24770097355407 -0.18696539384951 1.94711453376414 2.66404363400117 -1.8713641155108 0.0429736544314401 1.77370514997878 -1.21653449801852 1.49744051867921 2.53119363948007 -1.85576640674796 1.08022168743873 -0.42186278585533 0.89874817293172 -1.59342353736684
54920.512791 3.72824625786186 0.464554380069186 -8.34831 7.106347276 0.16482855822065 0.360508043448278 0.57961563509798 0.70411738848159 1.27659391395629 1.55027747808654 -2.50319853166496 1.60549989915787 0.634911866169841 4.3760876787039 -1.63357744333057 2.73776656041598 -2.53511882205189 -0.86130185462985 1.47159092030909 3.28809572306801 -5.71358482925571
55040.930377 -0.377818760634834 1.07479120121332 -12.31191 7.116774155 0.16570297276127 0.515307815949454 3.08089542409523 0.00329987993936198 2.75112796292671 4.86788969735989 -4.64869338911042 -4.19657534959599 14.3772311314655 -7.52817610349191 4.78451193448413 3.02899383881661 1.0448696487862 -5.47947414225832 -4.27215149514275 9.00327720267431 13.0299493184614
55042.939522 -5.85041840867651 0.463236460809384 -11.123 7.105001496 0.165443318375419 0.316284163071878 1.23307903675138 0.35057914768268 -0.88566901339258 0.204508707054781 2.44394808778083 -1.99097064143168 2.93288223244968 -2.9919370086891 1.3985258562775 0.382054132603439 -1.31795252202179 4.22229409500715 -4.09379511122994 2.40951874573674 5.37050329684995
55043.945658 -5.72496259823449 0.83981023882029 -11.47006 7.114585904 0.164511279359398 0.30370775823207 1.92436358045861 0.89133324578577 -2.1344531295733 5.29509377724288 -5.03900751055533 -1.54335614617612 10.8930375663129 -4.78710864711024 2.46632900409534 5.03468015274268 -4.03749114888939 -2.87718119175162 -0.838145937937959 10.045573865919 -1.90787697360155
55044.9242 -1.67379170812679 1.06507632833043 -13.18191 7.11644612 0.164658116741408 1.51959131244234 3.37133559766878 -0.985760514983652 -12.5989922843942 4.17254633747606 5.27305619546526 -7.75568113554104 9.96173958069118 -23.9180033012591 3.7519072232933 1.31487676409674 3.11391552952857 3.52612440656243 -10.1522148813117 11.2427580225863 -1.0255512332899
55045.933693 -3.93390574577727 0.671965283086635 -12.93633 7.111727927 0.163882396111866 0.547313869833695 -0.66360710857826 0.96315866222727 2.192969211138 -0.91813938803599 -0.75854527791087 -0.33650670521179 3.91127333120225 0.39195954271166 0.68328060057556 0.69433464433965 -4.51950052791042 3.47965034860962 -3.7039564538603 9.59320090004761 -5.25010427539134
55046.92049 -2.17556833327773 0.876721006090482 -12.19369 7.11096593 0.164376268798352 0.327266566687716 -0.99805365824403 3.96965487940879 -1.38468564783704 -0.16198044021636 -0.77961807686198 2.56453873634497 4.04228847968369 -5.11761275719255 0.000572378278470342 -1.4282892884085 4.61863108070021 -5.50679358457393 3.10224444902151 9.95804228895864 -12.4952458355237
55047.924347 -1.37449326956012 0.847326118532211 -10.44183 7.108554181 0.165029956201143 0.868997140709298 -0.57812519535113 1.89793262501395 2.64900269248808 -1.70283297181968 0.62180350538125 0.776149428230713 1.9241282296886 -1.97642971204728 0.93449800854586 -1.22681824178197 -1.44236404272607 3.97750085198619 -3.10590781293028 9.70761501920828 -11.5346734365102
55048.909096 2.5131172927435 0.649466070591801 -9.43051 7.111397027 0.165122442367317 -0.460123789174235 1.14434173842656 3.74506016549134 0.20403775370957 2.61294290084759 -2.82083098730706 0.49472158084466 10.6478289647179 -0.80038940169154 -1.85592351408939 2.81555653999613 1.42163294063557 -4.48039994769047 1.50416457666527 8.25546849308974 2.02831074245245
55049.935005 0.232699820086642 0.554602848596445 -10.14802 7.110930936 0.165067608361221 0.748746206425143 0.138333704786276 -2.22981084560839 -0.506182514048821 -0.015534729363286 0.571353898204391 -3.73603347795895 2.98963622957619 2.99289524611893 -1.6670449680766 1.25555220107399 -2.96373338993359 3.46045366397328 -5.1542232685655 4.4065663456295 -3.03092770643008
55052.928087 1.57116353621301 0.497599798022956 -9.86574 7.111320109 0.165150432505402 0.824470723396254 1.76003341563024 1.12268925151414 0.129116183290592 1.67937640946926 0.0756861911883604 -0.7094135609314 4.31652849642604 3.87594402400313 -0.774363341707441 1.59363969487908 1.32846743282325 -2.61575345472137 -1.04777424932024 9.60591334584409 -8.02161988531634
55053.924436 1.63961126389373 0.760299320265962 -12.46691 7.109550245 0.165225257873572 0.359927684112757 1.39567446470441 2.9333470264597 1.46609514140294 1.74532192059769 -1.47943040184556 1.30419724630086 5.45985316980071 -0.64096694962634 4.00350708710914 -1.03946700266363 2.07075419625031 -2.289279178451 -1.52545347024244 11.6538463251853 -4.6489426285494
55075.903546 1.40155849398669 0.961765932484952 -7.51225 7.106347582 0.165120228207185 1.68668693405136 4.89765022459614 2.47143613960449 -4.47272193436799 4.63464099969303 2.90853830902487 0.453832629546 1.61169749652359 -7.66761078091705 -1.69183343766128 4.23596406386741 2.12534936921233 3.14104306418562 -3.14389087076555 5.42749392507322 -0.20493519508372
55075.909275 0.86595861841852 0.82807831542537 -6.52219 7.110478034 0.16582289325073 1.70413888702751 1.71170281500444 -2.42990727962016 -4.2518156983838 0.974095863947962 3.74474649405045 -4.60116925849236 1.07787377346606 -0.99623203041649 -2.43731674357636 -0.51651065557687 4.68318663334722 1.3951723688115 -8.01524270247859 8.40490809735438 -6.97935667499811
55095.889295 -2.89782751286554 0.612109511365361 -9.22698 7.100701444 0.164430936976994 1.15456108245775 -0.87511343063855 3.94075463130708 2.80157687155087 -0.87048092076696 -1.65947807474505 2.25791382099231 6.02622395003399 -3.30688575573721 3.02076657859968 -0.34127156891104 -3.83824620900642 2.72578731941741 0.96813649915229 3.56029560870122 4.11792190359182
55096.830907 -1.68527964503036 0.633714955925446 -13.1195 7.107071053 0.164930281351203 1.35437464314361 0.27451994982771 -0.0717799528569698 -0.62337522553397 1.5357246479661 -1.98871630840993 -0.57417833109204 3.36742353615302 1.8557416946592 1.37335640670352 -0.011517259230703 -0.612059001350468 -0.75522891802853 -0.76576682882398 -0.16974802492536 7.97009506716957
55097.900177 -1.57427253804799 0.578274218983091 -13.11143 7.110361233 0.165091346355619 0.61778273507517 0.53825172831398 0.594431433187559 -0.31566025883977 0.26511845876544 0.69503120510842 -1.68392161698205 4.70423450363814 -0.0402611584915 1.47873435060399 -0.70611953942679 1.70394870073716 -1.69518012099857 -3.16206251687087 7.42175991409857 2.84224039013742
55099.84074 2.12158644655191 0.493322025095211 -10.05346 7.108808238 0.16592636223022 0.493715967196327 -0.18874886099021 0.0100278230948296 1.7306912628073 -1.0469369249188 0.58101889261581 -0.75010024597677 1.19423065845586 -4.12936162470742 3.43559024163558 -1.80403071879645 -0.49171706050655 2.3790895314454 -1.97984715417864 1.0430442137892 0.47633226099848
55101.857186 3.19955434718897 0.653747477876969 -12.11776 7.114753317 0.164303902478907 1.25402629089753 -1.05167856935396 0.30216696201119 3.42743728256883 0.56166067813546 -4.9527646202071 -0.123792539962869 6.33081639365976 4.71661716755377 1.33967708724804 1.0869171551738 -3.25079210346635 -3.92376533904803 1.98338312736124 1.35625490579941 6.98917644706172
55104.900636 -1.82874364493551 0.639493973087529 -13.15237 7.108111936 0.16570386110452 1.44567776123398 0.14438701672328 3.23125814463702 2.62909721462172 -0.38323755193267 -0.5449889354556 3.13340140570525 0.850928604621388 -3.76513858687585 4.35216339771764 -3.65957421335517 5.85032286859342 -4.69485739116555 3.68750092870631 4.52786867852767 -9.7670133610273
55106.799315 -3.60024664139869 0.648389227499497 -12.78736 7.105083087 0.165399616464581 1.59793066155096 1.57965282263141 3.37849059503065 -2.49158835548587 1.93035943381677 0.76704719901121 1.63950351657651 3.27817540987568 -4.83165023268371 -1.7821740169169 2.73995136181251 0.83235837490108 -0.3926412994412 0.71145828168966 7.82320878527471 -7.69762312680424
55108.827999 -5.7311274709269 1.1394695508515 -9.34472 7.101899252 0.165646205373898 0.873246861881643 1.16495711383706 2.02903156043058 9.31270477456504 -1.13733510893883 -0.74288872900205 1.09148828389091 3.00232454375183 -0.9123671926603 9.20374802740271 -0.66206041810884 -9.38330596059687 10.5503653132155 -5.12472471001597 13.0524810875187 -17.3124244928713
55111.787902 0.959050572880048 0.581520412249933 -10.16157 7.107793254 0.165263211609613 0.362772058977556 0.91403271825402 3.27145251832124 -0.533776541616162 1.01307940306739 0.121005097183147 1.87393159132824 3.14295371608931 3.54854124230135 -2.07829797853703 1.47456165935104 1.38980861656348 -2.76848241881632 1.5446858822431 6.99503772723698 -3.24187300419309
55113.834555 1.88648310653712 0.445548494342031 -12.54102 7.1077874 0.165470844595967 1.26936937918841 -0.24289095272139 4.16152209991637 0.0712934626114698 -1.1299477033176 1.63001809667254 1.90147584546599 3.70201963757148 3.23856883890667 -0.72903640982514 -0.0324561265285499 -1.99454190359863 2.82616573934346 1.51062013544514 3.10337912253328 -0.22201678456863
55115.811062 4.27859982416117 0.685165006336251 -11.80759 7.108984216 0.164790822469738 0.413064517788407 1.40865383986416 4.88558584441266 -1.00897382550239 2.61510741230433 -1.67427791387043 3.0890602362574 6.0187097452183 2.53335412574181 -0.53391751282393 3.43455390244022 -5.03144057282141 3.38903232411827 0.0030349712376303 8.16154674132851 0.818889108939201
55116.785604 3.17703039510047 0.638750341814599 -12.75313 7.109811417 0.164614392351777 1.84363941205257 3.33564042774419 0.96341525926515 1.92811598788369 2.97333522431545 -0.42283713478286 -2.37418243305567 8.34681890681637 1.46211557190363 -2.07051840625206 4.35331980121926 0.123110708723829 -0.81870843993502 -2.74992377578642 7.75855540982503 1.08350426571913
55121.850015 -0.5681926116257 0.602748366072014 -10.61784 7.113939636 0.164680169476937 1.95807888806781 2.2151924062182 1.41171583252739 -0.5043249950102 3.00851133795844 -1.19410947749046 1.42908535951706 1.29489629816489 -0.83688500651178 0.31820868105146 3.04082256655995 -1.14651655021373 -0.337588195155865 1.61299398689425 -0.404745274400497 3.54616847498938
55122.837516 1.89572690062164 0.535036799723739 -9.91964 7.111595411 0.16490431667718 1.82910808209365 -1.25229779633515 1.97405409760405 -2.71478378451692 -0.13911411128589 -0.523503008844021 0.680922578254431 3.75150104822691 4.72785004134705 -3.86236514496723 -0.03644496319855 -0.130132693679138 0.319390784443998 -0.04849052704528 4.92420457484958 -3.64208139508602
55123.84585 -1.27324018429407 0.479812893715486 -11.8449 7.106360182 0.164481384418709 1.62672419212992 -0.59095890578153 2.14868882634254 -0.912471660160152 -0.34162433530322 0.0760488607493801 1.30763138508402 1.98928926823 -0.599177600870648 0.47375654541432 0.222450362863777 -1.31428337960192 -0.32256132658674 1.57991871741666 2.45810531909879 0.14745398454421
55125.839599 -0.349590809054129 0.640688502875989 -10.03598 7.105224902 0.164290923430102 1.12466831637489 0.187520131237415 2.8749820039141 -2.68261304664302 2.21579869430535 -2.24888358904345 2.76049917267349 2.81997887298529 -2.55125700306311 1.21391311297255 0.66471829222836 -0.610584615356542 -0.906801541867399 1.68475874916045 4.6777337737071 -2.11750544081927
55126.799468 -1.32636060299703 0.669499512964121 -12.06398 7.104096552 0.164374289046556 1.49676817671285 0.72394648703177 5.55806306515848 -0.00246334822940009 3.2099114940843 -4.5910342005268 8.24934340494989 -1.38784042741278 -0.0441451536312099 0.75642895703858 1.56046024321939 1.01812447716982 -5.36527599819996 10.6407891403267 -5.32895774122878 4.50077040199532
55128.743915 -2.01871169813921 0.482505585181532 -11.95701 7.107070813 0.165297185204139 0.781135363879803 1.07769842072138 0.13696486240433 5.71284691050741 -0.32235403216504 -0.67258012319865 0.0308848596920599 1.04901368664013 5.39574308408933 3.21231394439725 -1.23977471078958 0.832607943886312 -1.76690534139627 0.88895068428693 -0.17783577910154 1.18375526915646
55129.805105 1.09768418647691 0.575177687246821 -12.24359 7.106352708 0.163667728317076 1.54460115427555 2.37696203117061 0.67397630486826 3.61221403962986 0.825513117749187 0.79320228901335 0.61156969380768 -0.75868394491206 4.26916014329094 1.53263208804811 0.990268962281106 -1.11466334477086 2.03023260031833 -0.6832341892272 1.18847137366491 -0.99824712530939
55132.848778 3.665585378017 0.541092664786741 -10.43656 7.106239366 0.164102015903269 0.646874857660712 -1.2083208386914 4.198617179038 1.28639649892079 -2.53355282539218 1.74882007227861 3.42913247631958 -0.13137733028495 6.03024792218339 -2.79270373356212 -2.11724158042746 1.56138102076337 1.19992995027611 3.18763652985681 -2.67376049437271 5.91809172749912
55134.829639 2.46761046796527 0.475985087948983 -8.96968 7.107187688 0.165797038300761 0.695756211084365 1.36165829778491 1.76101354260317 -0.7714269635436 0.195748604666 2.64978674217634 -1.48281989902289 4.9836039102413 0.77310644110305 -1.41250703667157 0.738033798960583 0.2789975502943 3.02625419606512 -2.56036623882302 1.89238510352097 7.59342438734638
55135.758271 0.956799682052793 0.439107218026417 -11.74821 7.106619185 0.165434245071828 1.267964885611 1.44861093958512 0.86935586584042 1.48661194635495 1.75289157832259 -1.48202901915587 0.718715454688998 2.13143829458777 0.94901511311027 0.139217576917264 1.47813783757777 0.86703878693065 -2.40050355730732 0.441438995977305 2.67702220186638 2.43617798732538
55136.825519 -0.698110815656391 1.09779862086826 -12.57481 7.106558764 0.163036296854368 1.24328647420507 3.27260508192554 3.98554052384067 2.91491931531235 2.36649476206702 0.101901438852268 5.36300299977324 -3.3557585785209 2.87827300466626 -1.4973084716461 2.42076238697024 1.27984902332825 1.02943921134413 3.53818677839005 2.03262092264636 -9.27099184308466
55137.77834 -2.57135913946922 0.572738637351985 -10.55226 7.101955956 0.16651441209402 1.51660670645158 -0.67506412326793 3.21869595295105 0.22044662279575 -1.91752235796235 2.23494657509299 1.48653292517341 1.61976550547336 2.45876476042288 -1.48782191840706 -2.85733659670062 4.64476732764396 -1.25284791994278 0.59189404667779 3.82195068720393 -0.77474539161497
55138.774391 -5.49554661533064 0.533208399922613 -11.91657 7.106406362 0.165926244914588 0.926451489398916 0.446420177826059 2.58026934099321 0.0194170667706404 1.30368224545597 -1.61975082421747 5.07117243008928 -4.17021919983652 3.15176049150934 -2.88473608603669 2.21263781311947 -2.85088122358803 3.04476048617684 1.60744286222776 0.0910770238997403 -0.40982324592715
55139.764318 -5.42309420107028 0.730404832832588 -11.54956 7.108396001 0.165403328125489 1.09575038468104 -1.40972591007398 5.66307655544257 2.14450397775012 -2.33403841594348 0.49652408663942 5.26221981792728 0.403869724457574 -2.465646338793 -0.86608106356995 -0.870071474527601 1.70800686317801 -2.52078828396527 6.23057867712862 4.38567612090009 -9.9623965371915
55141.799042 -5.72190100370187 0.461166749410721 -10.28114 7.107491487 0.165751115444503 1.46598121914522 0.95731847525529 0.83131213818192 -0.49313960468923 1.59975359113149 -0.92576899975703 1.14462469512687 0.3132516648637 0.75667775221439 -0.93842328984622 2.26305772065383 -0.43084646021026 -2.00144402263123 0.927556436797579 3.80687864195619 -2.86649500291689
55143.720137 -6.67825354000586 0.523305512439875 -12.62208 7.113527566 0.165711305200637 1.18494208940368 0.32451751886946 0.124373829135219 -1.2806803343273 0.54951391485546 0.32388077363445 -2.19024417508303 5.23565546099343 -3.29132972634555 -1.46987483460912 1.3863987381357 -1.89950227704002 4.0556997204835 -4.60109962274749 4.52110640760386 2.40428942479474
55151.76485 -0.187135478890683 0.523223651229314 -8.74099 7.110324252 0.164627374675106 1.11461671047253 -2.22181470773349 -1.55686922391843 -1.20660479062989 -1.49176528822466 -0.66965282485125 0.583877704863548 -4.45322105768267 0.4271140965905 -1.87759955115542 -1.24592114790837 -0.994929489245354 1.58216698781237 -2.35485653095175 3.09876963394483 -8.31936921897991
55153.690447 0.587130853988695 0.60492632091317 -9.13441 7.107437864 0.163273280723909 2.33865625397692 -0.168536861684317 -0.854439228300397 -3.04887519589133 1.47775983502547 -1.33741407460622 -2.68797827019682 5.77972976902696 -8.59672067874027 2.84256119300945 -0.0740182826060839 0.818202925580024 -2.31742592988134 -2.77588679925137 5.29011308384206 2.09127670918828
55155.671736 -4.19686008216363 0.573323140140252 -10.56477 7.106125813 0.164304977779109 1.46725687254443 0.66728497233548 -0.288995843990909 0.276927382117631 1.08943328105137 -0.95394867939414 -0.0386927539478901 0.46499661995135 -3.79297417712852 3.08607444182941 0.53529825721732 -1.0247377352182 -0.54117913658091 0.0178481919418996 2.78937027771995 -5.76721404736795
55157.650971 -6.30229320266335 0.586402738402012 -10.75019 7.107664555 0.163728493974667 0.771630101720742 1.6170864397634 -0.71191801936178 -1.60105701227985 2.20680134722639 -0.16455493439689 -0.59914579813849 -0.08502194362155 -0.81280789469235 -1.62736403631348 3.23605161769166 -1.68366086534996 1.20183658246522 -1.02282102384716 -0.764371703351189 2.80905211708367
55159.662065 -2.99745758691409 0.575686974642036 -10.32852 7.105367082 0.164115215348488 1.70410683862736 1.8482637036797 -0.75969683202108 4.47207007627434 0.61019398829144 -0.32572584780935 -1.72752196263348 2.74053746612983 4.90028220010632 3.25495648530135 -0.27225440434752 -0.94440016042596 1.06138035482794 -3.15638698067773 3.3589943136292 2.06391833391343
55160.753543 -3.78881072055355 0.463194855418863 -11.15814 7.108884255 0.164437881058575 2.07260610933971 0.26841937688549 -0.87543848486229 -0.98238970790484 1.19856387775308 -1.17526073849449 -0.33219945805026 0.0292725580147204 0.87155333151868 -1.47223848125025 2.28894900124786 -3.01296933472253 1.59182335470626 -3.15914770447279 5.95121524245435 -3.64884560312777
55163.666484 0.258977369392729 0.551301746386171 -9.96786 7.1102182 0.165216539356873 1.37767013955403 -1.43133379448684 -1.07409720639385 1.94563264311325 -3.24830804200233 2.26598067927028 -3.66330248177806 3.67805557878708 2.21781447773521 1.01266902111776 -3.62959254614364 2.08890031624083 0.045381332006549 -5.35479158431567 8.5602770841149 -4.7131855735358
55225.605422 -0.768599766004866 0.479396713548001 -8.75821 7.111482358 0.16647613658432 0.891616774983409 -1.05143598561818 0.615676008268325 -1.40139849055346 0.081346545607817 -1.30999942290274 1.98596884036926 -1.83157181691824 1.02393374660621 -0.129636632826242 -0.569731221651185 -1.58791544360283 1.33761363919491 2.20453498962636 -2.64302777737314 -3.59888439397397
55226.593857 -0.0692211257562011 0.564958799052909 -8.28904 7.105034526 0.165420240835489 -0.209784206451854 -2.99945038697569 2.09259568250577 -0.16518771027851 -2.60789946194306 -0.64220395882408 3.04883918296122 -1.59159893864339 -0.86503955478657 0.0422046262270002 -3.54716642948817 1.16345742941629 -0.29200329084082 3.32914968532059 -2.09625921763018 -2.36360676872497
55231.590196 4.0912164937622 0.536702353017561 -9.58746 7.109832132 0.165497361828166 -0.159632759296632 -2.2669835132594 -0.19033842553286 -2.07029965645895 -0.70372675739127 -1.70220006961465 1.63288997810572 -2.52703868306702 5.38322435716911 -4.75791715171882 1.61601116726709 -4.20261880211092 1.37100425412439 2.00748749422517 -3.8594735281479 2.02996491379024
55233.551909 2.92662691068343 0.61360710011968 -6.64618 7.112669391 0.164725481485482 1.1691064118964 -4.06540497628911 0.98187510404829 -1.87494257687452 -3.13034822326828 -0.662115839514073 2.50445076243204 -2.89885725587923 0.334795343036459 -0.91030889412039 -2.22067923731235 -3.54331918350956 2.53234477372834 1.01179959841892 0.46087515284965 -3.86508697511701
55234.54799 3.07797079725577 0.85767132484944 -10.73007 7.108379938 0.167672718072356 -0.0306097530666585 -0.80534590380373 3.12159054769784 -1.14121496390121 -1.33705596031966 1.64506461656139 5.06000305301398 -6.40976862970943 1.4045262400694 -3.65018680156785 -1.70808141978484 7.47362529067369 -6.76141520836259 9.99519375106134 -11.0881950984449 4.52932954020038
55236.533182 -0.484024154275368 0.567021576449051 -9.20392 7.107864538 0.164469118413102 0.940333847705473 0.140120349239686 2.83553327731327 2.70625023512611 0.397895730110249 -2.04062983842812 2.4024321900629 3.3408513253729 4.68577436657094 1.41518824411812 -0.866772859779435 0.19023865083474 -1.44461602569142 2.17605262280065 4.23029898235095 -3.59417187871374
55241.671955 -2.38373416664941 0.613555576807283 -9.28363 7.111983239 0.164665265540999 0.336134284133786 3.6976631466174 0.119452656610588 0.62265421444823 3.6426898750071 -0.236978844205746 0.642699738122106 -0.996660764829696 -1.22672030681085 2.73117792411883 1.76943593779045 3.47374360746219 -4.25017567355439 3.29480658236514 -5.06992058749464 5.58517493362449
55243.639401 -3.4843615181506 0.511942392301973 -9.29078 7.110412199 0.165383614912875 0.371350396046119 0.31649753533318 -0.73857392040647 0.99531881306162 -0.65948060501611 1.24869992119643 0.34222715021287 -4.02271565166952 -1.0169589193822 0.81578620660216 -2.08033779603361 2.78195708099734 0.95573152627712 -1.31865503557951 -0.90105204109185 -3.16264679439417
55245.627273 -2.34939108863028 0.504477936516351 -10.01251 7.112166943 0.163897386949402 0.352886079868013 0.06110613707513 -0.688644699275 3.19172645071784 -0.0317401691624699 -1.62081797668327 -0.0283665980707899 0.17787243717442 0.77004250898209 2.14309715626129 -0.39659496077116 -2.04802738265012 1.82040506431343 -1.45317135510646 0.17701751675133 1.05834218348054
55248.645361 0.670712566723427 0.643658321746926 -8.21094 7.108207775 0.165127792484157 -0.161131948966576 -0.150228045599466 0.695535674918562 0.529834581015373 1.20381903862291 -2.77792408085628 2.35998965594709 -0.954883564853478 1.18929737230764 -1.69382621464142 1.42135051390068 -1.24043654772422 -0.27502863617849 2.67730140181336 -1.89755048091191 -2.16838459838988
55277.492667 2.7833216950414 0.572486091948426 -11.25377 7.110495352 0.165811697071313 -0.42148572437081 -0.56571288021803 0.43178811428346 -1.10709229242572 1.17397774478078 -2.58337733305838 1.5455702276043 0.15938344035936 -0.733133304553319 -1.38521787647421 2.39047867196042 -3.39232720532439 0.18018402441291 2.04547660400014 -0.8382697950026 -0.69523992199118
55278.488922 5.45815597524774 0.841796437136791 -4.99662 7.110198959 0.164393230049136 -0.0155184086164022 0.3403826278322 -1.44174707494852 -3.3124606503554 1.68749026199665 -0.6709957222923 0.35868244909934 -3.44171501388361 4.54512412448321 -3.79804474784508 3.64866078445144 -4.92255398237392 3.28958149495577 -0.49621919996823 -0.894046101682569 -4.64882114573595
55281.480536 2.19987625458329 0.512884082816685 -7.82376 7.10670232 0.165251565417148 0.591877282010911 -0.7327844777182 -2.06938446731952 1.40114772419513 -2.00302921135417 1.55615669194282 -3.26253383572812 1.14935596760578 3.77205144091836 2.16352446461782 -3.02262873913077 -1.12854791325136 3.95918621339193 -4.23596231654179 1.54220615040467 -4.6246532543185
55403.943481 -7.3376391544175 0.807733513801308 -10.22163 7.11168324 0.165202809623767 -0.328400714272987 1.78878808012592 3.58850573960655 -0.141795090705219 2.32146709638097 -0.883484602340309 5.06127708642545 -2.50003719440282 4.65178118724317 0.29033189902578 2.85529892539945 -5.3548470115657 4.87063149701789 2.7617230107107 1.74409727330179 -7.49697517584057
55404.948642 -9.34558515084069 0.641373268549302 -12.0876 7.10872473 0.165304859288166 0.307541655044787 2.03761588041059 3.10933443492225 -5.18779716097551 1.5957294487654 3.55492883221128 -0.939106530318801 5.83039720227802 -5.60987047034393 -1.4556297250749 -1.2352936707683 6.47365274976643 1.18960474089385 -3.67050601649929 7.929601515215 -1.18385562067103
55410.935602 -1.79180910083134 0.747843280662177 -8.27374 7.109474786 0.164145145717713 -0.823015284685636 1.04632695983933 2.26127214253272 -0.29616561471588 1.93484839554206 -1.46275183176073 -3.72897683502104 15.6160900943291 6.51450262854219 -0.98178261641581 2.63731663361278 -5.0315354147162 3.76960306953679 -5.46759834072998 10.6140667949911 7.6547288592282
55412.938686 1.46422591819233 0.80777590872084 -13.41813 7.115036826 0.163569252921847 -0.13191220088393 1.47146180527783 -0.53215767847928 -1.13505646163113 2.11691502668407 -0.57345277628537 -0.0134709629379199 -0.60421659357115 0.47901818447854 3.2523869276013 0.71642873193128 -3.0631508482327 3.29106007188126 -2.45546728672116 0.889423671171938 1.93605593743959
55435.870823 -3.99779520355012 0.518072718473511 -8.16204 7.106227869 0.164033287795893 0.34132699351337 1.04621883928984 3.69797746631798 -2.45303943586417 1.76680840413373 0.0363523084922903 1.49201967147935 5.33307756226953 -0.77327169581234 -0.992516570967069 1.80389001883014 -0.43448147749917 0.35290831141159 0.75935610332248 6.08901607124014 -1.16535769324786
55438.912791 -5.30381797586875 0.486000224676855 -10.83086 7.110790349 0.164520709655588 0.113690529539164 0.377754619871509 2.00951167473965 -2.27522975747656 0.25408906741336 1.45858875442112 -0.0122700310106802 3.29495212034261 -2.7972375388317 1.02074417266549 0.0204100508379801 -0.55669228250651 1.79133784024679 -1.3507819338504 3.09986704501 4.82369541738659
55439.905857 -2.85243233405534 0.591086556805484 -9.23761 7.112797874 0.165011249446057 0.704366781407974 0.00812733408806965 -2.02045754932632 1.73733549469955 -0.7526103385714 0.44596313553004 -2.46007202384614 0.563251551624059 -4.35566639763869 4.13991269182631 -0.7525434592533 -2.30982564490514 2.47560360993092 -3.20035619886823 0.76173294676823 -0.14204886725833
55443.844312 -6.11720444684471 0.860858238771555 -7.70882 7.114553439 0.165388273312535 -0.12240011826448 -0.96776094168246 1.31588951989099 1.5655032070873 -1.21081103976893 -0.37588487565338 -2.67562306030346 9.59697438945326 -1.48190339627693 1.62268631523497 -1.36690326622423 0.59947740375652 -1.59066670763255 -4.62679940605599 16.8221919595313 -11.5876916289343
55446.904835 -2.35522691126606 0.608570054951624 -10.33788 7.112686462 0.164882180795805 -0.352003816113961 0.95961828721079 1.32248675441649 -1.20030784992832 1.36026006966999 -0.0793666325263302 -0.27411621328264 3.86595110362091 -1.46650619629981 1.09045675351283 1.02143296288845 -2.14671749455744 2.88286556056712 -1.94498962815971 5.17003615159812 -2.94866276142081
55453.865852 -5.58673770377056 0.756784528989172 -9.13869 7.114627932 0.163091800454532 0.421175258052769 0.42242248425577 0.79014653424764 4.68127020283727 -3.05449752022354 3.78892614658679 -0.4188693944993 -1.08250451705443 -0.17257683094433 5.027358495948 -3.7883614300964 1.45654857862583 2.35258508996325 -0.15283263233453 -2.62181092922407 1.81012125593088
55453.871038 -5.55332687520129 0.758460948281316 -11.20923 7.114181167 0.163817527334735 0.926439888402767 2.36946299140096 1.74186248653281 -2.08877773497978 1.01749492024075 3.53227215136794 -0.51071311448715 1.61034452192414 -3.78679156300667 -0.164319556557921 0.603104372377801 4.10155624908678 -1.12470210093575 -0.55443736365793 3.11717537652386 0.11659024119256
55456.820576 -8.19579245750298 0.533440150773532 -8.77277 7.110704696 0.16504753218383 0.220819808880786 0.511284880841631 0.0441744303334994 -1.91192235561632 -0.347571298038579 2.59781880532928 -1.94357357815266 2.00064600686925 -1.69521770184448 -0.28304240712076 -1.3959065582927 3.57436912797966 -0.27279836459831 -3.12632793102055 4.12029900070277 0.42698858325147
55457.837935 -8.98029444351018 0.531023411066294 -12.10379 7.110151537 0.16549842423369 0.509672889112876 1.21220296621949 0.158040619316251 -0.306556530446089 1.27686638967593 0.0496189042804005 -1.52553507645683 4.01570013864564 -0.518090782877781 1.0284412577873 0.0601150077671715 -0.00043934451493044 2.05069895025622 -3.12158623398866 3.27505341237252 1.70276295640383
55480.84383 6.36960988791097 0.567400157394488 -10.42839 7.109882992 0.164225498267614 0.817320206010051 -0.57836668776583 1.6244677700745 -0.958089192933969 -1.07267381861141 1.42918221269353 -1.84559074756344 6.93949298165897 0.25715445822467 -0.46235025372218 -2.20047560066217 3.44944179903869 -1.33023958048759 -2.97877419269601 8.19436496281298 1.0384388060679
55481.75999 5.55063600179489 0.803280241333396 -10.23733 7.11407226 0.165828833640226 0.643379206237435 0.22796183616334 2.32834693705719 -2.50265369899871 0.88620737419628 0.14239675524493 1.6140639272459 1.50295090287606 1.08718550104743 -3.51690216746451 -0.0486478527996299 2.46235078416098 0.54069969185971 0.53912585822461 -0.556843683705179 4.77287278443689
55484.785829 0.890097713994586 0.549895413500299 -8.59471 7.112660175 0.164219175564208 0.886219432214308 -0.642233227997005 4.5354963606534 -2.01978540102914 0.136154476260194 -0.297432430841305 5.23422850966696 -1.35570450513261 1.42020385171915 -1.8561965824254 0.003450841075077 1.80522916886533 -3.18036625302083 6.81330919567867 -1.86755471301334 0.66623956543443
55486.736839 -0.985820136170518 0.567398027022054 -9.32122 7.10914243 0.164221059974114 0.767120699231847 0.33506798355276 1.96278673950641 2.88519441593485 -1.95911874498056 2.630512963305 -1.58981851850666 5.65954191777619 0.20627981869502 1.25418017776495 -2.76648729940127 2.24407651515883 2.72296470468813 -3.42512714265514 5.55838460829865 0.26016761728102
55494.807353 0.108844134274772 0.638297458538205 -10.7945 7.10868412 0.164410807936377 0.626789395340616 0.526323482168601 -0.343289502142055 3.91049411445437 -0.823036841057291 0.334073314582923 -0.279218404942247 -0.53069467450327 4.73165370254092 1.39942037697532 -1.21531783313283 1.51556336366239 -1.6984064934358 0.189887744883127 1.38496767884937 -3.70405635663932
55497.796859 -0.849111626080808 0.52755736893672 -13.16355 7.109166408 0.164476754242483 0.717001759324464 1.15511137813715 2.89590747330106 -0.89142723879329 2.04609945438842 -1.15140587079231 1.48651738563449 4.81897599814755 1.62790353477238 -0.94627925370386 1.55879281119048 2.47966258506293 -5.16109362332099 3.66887516842409 1.61837963918546 5.43635744775987
55500.831832 1.26219478340331 0.566131292723 -12.13823 7.111955926 0.164698280272428 0.638493091251821 -3.10878344219865 2.46987028808157 -1.07394499675876 -2.2002700108903 -1.0853926870874 2.46605461909002 1.27442995314106 2.56650697513632 -1.8918455220188 -1.05701601949013 -2.64285323018592 0.680252639560087 1.01588563549437 2.04491543366345 5.39854914719408
55501.787421 -4.3236257047315 0.497403564233477 -9.50327 7.10905505 0.163722608382424 0.444446299278052 -0.0196746016410101 3.6648047934728 -4.36587788132843 0.99433994769293 0.55427492809972 3.59344226380903 -0.4417513941317 -0.24154637139842 -2.24928080932052 0.259300862010821 1.09079996632595 0.355267453482281 1.43627668718386 0.67468201946434 7.52464794033278
55505.669595 -4.32677833760759 0.723911458261591 -9.77517 7.109443711 0.165391785235533 0.934617664012839 0.56589876075814 -2.23388570157251 -2.03830242305859 1.89070945520378 -1.31475048556727 0.226960467419549 -4.37100436144815 -1.48163960927072 -0.66800551319147 0.61361745317151 1.541859762596 -1.54867550592883 -2.09429013167132 -0.434486167090849 3.00802780533245
55507.725765 -7.66418151908791 0.502797198984738 -10.2869 7.113744334 0.164913034676414 -0.46779192621461 0.64380049388424 2.19805172230862 0.862474370729769 0.0328612534834107 0.643658611893449 2.52473574681359 -1.49079630725387 1.55926001535039 0.2988801258803 1.4393236935244 -3.25550653731309 2.86070043843168 0.80801274736411 0.618022408603481 1.87605783617433
55509.737127 -2.43312097829633 0.510428861594022 -11.24039 7.111623135 0.164446640695042 1.12718396318194 -1.16998002028645 -1.52582665118816 -2.01064128280483 0.0676642736012503 -1.1532046988912 -0.72836401976078 -0.66434774692114 -3.58709687117166 -1.89128416398077 1.70354573681771 -1.83723008188068 -0.68928659820545 -0.20529923125658 -2.37010332642711 5.41172427234133
55512.657463 1.20492304758599 0.485595132973558 -10.17468 7.111474584 0.16511638502559 1.25259529477399 -0.000156537263769962 -0.2267258823744 1.03708743004301 -0.46993921468831 0.29850044338156 -1.77218088451753 3.41185245822862 1.11198713872066 0.00224669451648984 -0.539632811120161 0.646294913328201 -0.12033844181482 -2.62255376003124 4.1194017845932 1.06651122624535
55513.714187 -0.675035586890388 0.61488855811075 -11.35921 7.112047497 0.165408583415071 0.741394071102099 -0.137144525835137 2.48620436111409 -0.328820205007814 -1.98055731562311 3.56359284407773 0.02751009051742 2.01646808067642 6.14330964332237 -5.57035585850622 -0.7034750531784 1.41234111196215 4.23742677044782 -2.42474429657959 2.47349692879471 2.35229844843036
55514.699253 1.88052189974437 0.518998924899994 -10.64698 7.110949738 0.164387709984107 -0.0856771506445847 -0.47434312963864 1.77494911596021 -2.30336641981858 -0.532318472688308 1.35739525541102 -0.71946946559508 4.53541723422795 -5.38892160389222 0.553333705747577 -1.44647879699767 0.451830265467963 3.22626509902088 -2.96069485534315 7.38565483881637 -6.97041712678203
55517.676344 -0.226821523553918 0.575345426466356 -12.26567 7.111752909 0.16369725387844 1.08878073595706 0.091179402987986 0.657579751781886 -0.89927074693551 -0.245269506494075 1.10482243798347 0.955443258677657 -1.90061834534688 4.2238226338989 -4.3104738143211 2.4813097523427 -2.63412488799994 2.43814783765047 0.313424832845533 0.383880503193919 -2.92231609378272
55522.717754 -0.685934600105179 0.53065385691186 -11.18548 7.107605915 0.166512728454782 1.4713376984242 1.48993334075837 1.38648099962305 0.55412773858157 1.26260146351473 0.109732274523014 2.22450912578945 -2.14538555811945 0.600282969543781 -2.34448254696468 2.96609781169894 -2.75885857383228 3.9972472230443 -0.32548534378166 1.61039188663399 -4.42874426382211
55537.708037 -0.317112557814476 0.518944555438121 -11.34242 7.109373356 0.166075825071305 0.483978490397743 -1.6195183137903 0.0793571889643511 -0.624516614684375 -0.748084218143343 -1.2673099999517 2.45818750447642 -4.52068336500935 -4.27972219920941 1.99437711293756 -1.56311245776748 -0.130958061498118 -0.983963043964878 3.22747033291848 -4.8233626537398 -0.78294357951804
55541.644662 -2.15119460076919 0.538755850601073 -8.80702 7.11326012 0.165589175553642 1.0924484836736 1.35733703184753 1.09024065578615 -3.67999389206201 1.59701818284378 1.61592110830382 0.853510730141929 -1.19807923186226 -1.7531540065981 -1.91047353068966 1.26784515913884 2.3803824973471 -0.88188075447534 2.04929149495951 -3.79632928645666 4.09703422983768
55544.629827 2.30654783852427 0.486179910003446 -12.72199 7.112058901 0.165172454608233 1.14436376335187 1.25684767369846 -0.37596748158874 -1.09086899442653 0.95111681863147 1.16107045249786 -0.72927326194788 -0.42769232614277 1.80229234886125 -1.99818197971287 1.1908669916527 1.7158286069842 -0.98199627442535 -0.6196690535229 0.45537233988984 0.42694566487647
55547.670917 0.897210071583204 0.477577099541431 -11.93629 7.109998835 0.164861877833627 1.67038005453532 -0.912536434516457 0.064985366978723 0.912664667616042 -1.46946229570137 0.52606955672246 0.077067751431202 -0.646485379909666 -0.0810239550127301 0.83901751216824 -1.8329442805376 2.89335224455733 -3.92460017308186 1.12034471555219 0.350439527480947 2.08714659271635
55550.594684 0.333857379543227 0.687868510909407 -12.79622 7.1133914 0.163864249045131 0.832047364166933 1.02260091952337 0.159909626755997 -2.06554521535432 1.44064475605324 0.361573005258413 1.99202418345262 -4.81348792908073 -0.95306727396567 -3.24895360977289 2.75570201082016 1.7551340008707 -3.25481213306372 3.59354947076221 -3.37486706362566 -1.36980397916149
55577.567171 4.00864022468751 0.49161701360061 -10.81775 7.111883188 0.164891303090614 1.21651326662527 1.24751661802345 -0.69415753689372 -1.25923945398154 1.17924935634154 0.79967069747135 -1.02441563322251 -0.0710430678615199 -5.71103919500918 0.56180584405699 0.25775840087107 2.85935172675417 -1.15968895483361 -1.25551656698855 0.1197721999944 1.7089191565566
55579.717476 8.43059712260298 0.526723929069812 -7.52184 7.112844892 0.163329820638601 1.37114660817186 -0.125646328377371 0.164818189988521 -5.95225361880569 2.95139352963229 -2.45890693599962 -0.34451038496501 3.96866456932263 -2.5643485155823 -4.10434885249355 3.34544512884813 -1.88317249117012 0.2359238997536 -1.36168043626217 2.87052338847814 3.09659688277697
55586.591583 0.270661975636521 0.521378116012367 -9.35906 7.11086293 0.164950694025568 1.13350812415622 -1.35597299359104 1.29016948441954 -3.98677926604393 0.306003129291457 -0.898403508580346 2.80267841321145 -2.65906579227557 -7.2202337526086 -1.48458217115534 0.37479767777634 0.241763660878904 -0.57248047567655 4.72687532220696 -7.44164678555441 3.53876641227531
55611.563131 1.01267867284838 0.501198917846431 -11.15954 7.113891899 0.165510483866377 1.00500812780373 0.917208439342198 -3.38776050184541 -0.897408250452601 1.23933165838115 -0.10378906299925 -2.58165423621869 -1.88095734875719 -0.802141737581371 0.329484786369909 0.789521982402232 1.15065476394319 -1.95448330181176 -1.84652685582451 -1.39091520638983 0.25590546586596
55613.53598 3.20863864382326 0.617582479554745 -9.91175 7.111475108 0.165058403615439 -0.844763522043578 1.06477105412545 -1.17548386852249 -2.87680496161804 2.79706343224449 -1.62034919902081 2.03840994860772 -6.03451380429433 -3.33365958318596 -0.9420058076918 3.22239202575286 -3.15418706964799 2.36159758019165 0.21055111575977 -2.00087683692292 -4.53711743324349
55615.521466 1.1059648937508 0.430887435947422 -10.2855 7.114469369 0.164912018333877 -0.194202233213941 -1.48253871540725 -1.86029952560245 -0.79540342861634 -0.61724156615616 -1.18010158726556 -2.61772909302853 3.2989655029765 1.00649260221735 -1.34627325608069 -1.0971126882591 0.98676611451666 -1.52884648910871 -2.16151986385172 2.45474267137741 -1.51073595307223
55616.594076 -0.132106411194273 0.557322558103833 -12.55065 7.109147094 0.165001077692256 -0.885837037948628 -0.586602277136483 -0.053568049428345 -0.619734156766625 -0.606502939791924 0.363555403614041 -0.21159409182016 -0.017578036209264 1.76563178367584 -1.88280038708626 0.583239284669434 -1.41431422626589 1.17330311504762 -0.54034296217007 2.63260868533273 -6.49897625478741
55620.512481 -2.27987126570066 1.38900820243495 -7.6588 7.11732467 0.162454515145728 0.616757877057372 2.46944407181871 -7.07992077547913 2.10799423605929 -2.06885092401288 7.10774304488254 -12.0035040165664 4.15011402463883 -15.4737456854629 9.918421528275 -7.26183481105017 9.41886888885664 1.60984010325884 -12.6207614554113 -0.848995490893209 10.1649715085679
55622.505651 -0.619604696376801 0.573643059385161 -11.02112 7.113300448 0.163982613439625 0.391590794874828 -0.718887232911243 -0.292206004698271 3.86691138379082 -1.05559568132331 -1.554792167129 1.34145258228531 -2.20111787955758 4.76144905188024 0.743015720466491 -1.74937412018193 0.910463148490193 -1.77539744759946 1.10798332997968 -0.548936192945398 -1.66784616866103
55623.553888 2.33176894239098 0.682165633297068 -10.43251 7.114065246 0.163661873529655 1.02275517986777 -1.07867614321871 -3.7629635739986 -2.01164907527058 0.0747321643982799 -1.04570066155053 -2.44381182453562 -2.02995393913473 -4.2206361000675 3.33855361625136 -3.47560129922895 4.73336225701696 -5.08916377981305 -1.84030354982472 0.959618149148778 -4.18898273497565
55628.527255 5.60811037479042 0.579690238879872 -8.63596 7.11464704 0.165129469449678 1.42256430735161 -0.38871865044848 -0.38653529952654 -1.00901599641474 -0.0480776028757299 -0.0858785851894197 1.42569018973821 -4.38476252423884 -0.0732181103259695 -0.702324181675791 -0.0833775948336895 2.13170450958948 -3.85631499252286 3.56410737484552 -1.332597932118 -8.50895189347116
55629.528771 5.2381496095559 0.480464590590727 -9.93844 7.111733148 0.164305345492693 -0.568634610275266 -2.13778950680563 -3.03580542510814 3.02224334610172 -2.62014922297778 -0.75502070240783 -2.07571979044229 -1.52964871578115 2.21758003289103 2.02589985835453 -4.4435386678364 3.58652314495061 -3.81908474547432 -1.29652363001291 0.20683921451565 -3.42867605487368
55630.530542 4.97396030502428 0.453719488315915 -12.36038 7.110155195 0.164353989775743 0.146544784263583 0.37049603806069 -1.29674919444229 -1.58372673845695 2.37327082823961 -2.8259585386972 0.17239617955073 -0.48370051152019 1.48906314692886 -1.38376397535117 1.726289797613 -1.19050162739569 -0.29344993234538 -1.90716178454268 3.76438372417775 -4.17450478279679
55631.504097 4.9727214193684 0.724982453947667 -10.65002 7.115949954 0.165347247211258 1.50079290043323 1.52637750378732 -0.30988520391749 -0.00690014532194017 0.35184585968715 2.10291049917499 -1.19985940807028 -0.0862069573196997 2.78726699490325 -3.21878338531914 2.07679948783496 1.01506156619675 -0.15296883805498 -0.0561078124338508 -0.83062513920759 -0.25687345230022
55635.501277 0.644067176165261 0.542922736715853 -11.98329 7.114589372 0.165130788704783 0.202224240645488 -2.05839618661204 -0.72829855539597 1.23430645950331 -2.96888457813295 1.00550710784405 -0.736861573137891 -1.04987148535315 -4.13054126842413 3.88728390755939 -3.45977955748963 0.437855440647927 -0.569785824865039 -2.3435435033226 5.19967494839904 -4.83413354260294
55637.51981 -1.28890863558833 0.947147117013555 -9.99487 7.114106181 0.16191499700513 1.44299625304129 4.01481095932478 -4.10896339709783 2.76967226237731 4.8282716410767 -2.89424112429122 -4.89001475330742 4.86322894781444 4.10502118165686 3.72756067927688 4.10640971153023 -5.48615374119763 3.50958381623244 -8.36466140661666 5.83965953485858 4.06107367977865
55652.487813 -3.33405245212091 0.544560742545831 -11.06601 7.113789242 0.163591397862928 -0.760445350993708 0.79341907262415 0.17863916824734 -1.48625835279984 1.84898407919312 -1.12417872909453 2.09022917868356 -3.40826401088295 2.63314639618196 -3.02034574242427 2.50598756956923 -3.05521937440975 3.9478613578442 -0.46142533052663 -0.88927194647473 -2.20340183611712
55656.49678 -4.2553490681974 0.494485988043095 -9.15753 7.112127153 0.165409353874022 1.00369095109079 0.76032449929227 2.15861871931314 -0.0143867912239095 1.4185841523604 -1.17815818020378 2.79495293150083 -0.27571485988838 0.8880086540218 1.22284155216272 0.36116647428216 0.1142379908694 -1.02403298502773 2.48882351186152 1.05621245878026 -1.45755802435195
55660.491651 0.583027833328003 0.662828018717619 -9.2453 7.114955721 0.165114502248386 0.55909262959457 1.37441095234762 1.67372956349105 -1.44425843828435 0.316794642960707 2.63526700248679 0.55711489924153 -0.10772379411306 1.13085863507483 -3.0802857217906 0.58803786888134 3.10607960266246 0.03648666164434 1.46666549952008 -2.67121445219622 3.13974194063249
55777.920942 4.02301444468249 0.646152935997153 -9.9733 7.115626653 0.164766579743988 0.412672179213175 0.89326310778284 -1.03199187212234 -3.62881871099896 2.27981729460134 -0.55374059682008 -1.7906597030551 2.36247561296187 2.61780155768832 -4.83369153416648 2.84024507969009 -0.93116658149928 1.76194302817366 -3.81618057962713 2.02984192644133 5.04103131961661
55784.895757 1.4425614898577 0.597442629606087 -8.79712 7.116026087 0.164289885208481 0.601167746263444 -2.33738092492102 2.05545213992456 -5.2513747432897 -1.13650288239486 0.487712325449018 1.01893985036296 1.93545985516995 -3.67539282852816 -1.36353228274519 -2.79872477627786 3.09573936068257 -1.4006660787833 1.58497641529533 -0.69410981950912 3.8160276448808
55814.880361 0.419887327052763 0.546329320535738 -10.12932 7.116902072 0.16382074159337 2.34079425126716 0.320439560383194 -0.222340235071704 -3.90333026399675 -0.660639230179554 3.81487435565541 -5.11501820487533 7.64649419536114 0.81267777570169 -5.89389795965048 1.30975060793702 1.69132093628157 1.64167205825911 -6.0450623681783 8.32570719573947 0.00168862324655983
55816.913798 -5.88178423451408 0.644773980419832 -10.87074 7.110499907 0.163515269796196 0.662293751103198 3.6435428481054 1.23132048598851 5.38718047828398 0.85117378299046 2.35019562654703 -0.39617026877982 1.38935927280544 5.77873902741192 1.73451787516683 1.64296817583891 -1.52648264250507 4.23203250059235 -2.41148855052893 5.4055794177515 -7.42872011781379
55822.890124 -0.56133574534127 0.475353065790844 -9.4185 7.117269783 0.163985618520726 2.18195357774889 -1.00216493722885 -0.163317729871332 -2.59486361226843 0.645984376583882 -1.65331333483743 0.52660700139472 0.147111013616294 -1.78249575020685 -0.993949271996255 -0.244129860822651 0.893210231989254 -1.82112455198251 0.38220409320955 -1.01460289436065 4.96451193126841
55829.889514 3.42003451551356 0.466089406083151 -10.8088 7.112651519 0.164433579508012 -0.611062882125251 1.59218839906284 0.60944189762759 -0.40348641666608 1.60246905576517 0.19739262698983 -1.05192318057201 3.97385249144503 -1.59944927183072 -0.52663662543731 2.77826742056547 -2.23599660318042 2.1270868691611 -1.71503097781826 3.48496219209267 0.12065463258666
55831.845343 1.48801926153535 0.476103372458824 -11.34705 7.111672731 0.164710920704369 1.84981074074908 0.280248352055846 2.80751156549223 -0.594594278183158 -1.16482599351727 2.93987295275649 0.58517849785936 2.20350058547371 -0.70218533654659 -0.648229387497883 -0.809096179906859 2.08427708912623 0.31922119045333 0.13007083246247 4.22912790797892 -1.96999376002852
55837.805879 1.26498329842649 0.442551884648588 -11.26016 7.115324247 0.163734116672379 0.877241994280014 0.22460725445341 0.15559390104915 -3.37491252097201 0.022413571754229 2.15939062509869 -1.757628525071 2.29728758570577 -2.26008711650225 -0.273597953796841 -0.054270360019492 -1.35568226078799 4.51361828532644 -3.9318716394585 3.41926799315681 -0.31124510295958
55840.825186 -0.42416264857365 0.46122802060276 -11.92516 7.115251986 0.164709557348106 0.831002107676588 0.554080962500701 -0.59426354363146 -0.392571783638517 2.32399983287496 -3.00045485402929 1.04772879161528 -0.730021639777484 1.45588413964592 -0.47288285653474 2.38418263364085 -2.98231990301714 0.570359000018317 0.197949002269794 -1.32037837580951 2.9157407710007
55842.829883 4.8079242293215 0.679168894663862 -9.94049 7.120615652 0.164006657823653 1.53341460371363 -0.90428675821634 0.35593381663947 -3.6442403177986 -0.84602682196655 1.76043532788042 -1.65764591449705 2.87804635622816 3.16726193136205 -5.08878164171275 1.15743879844492 -1.65295053724722 2.96323229259371 -3.32627361557743 2.29960141366754 6.23796715071819
55845.8039 2.63844850302152 0.681146829022747 -15.93543 7.117780682 0.163413898932634 0.926083117015227 -0.88716765792873 1.72658514426075 -2.90086874675797 0.5080325388727 -1.00959351285097 1.04284641943426 2.67686434431202 -5.08271701033851 0.82403125163027 -0.78647882318492 1.70954933765747 -2.77899365498471 0.22597587215875 3.32407399577671 5.37190557913868
55870.744374 -2.539281954836 0.558726212506044 -10.20203 7.113516654 0.162576354103686 0.419074762282803 1.69008888970133 0.7477924323995 0.77568867119137 1.48820115124477 -0.0398193386774301 0.000998028257630068 1.86190718314609 2.17655996240187 -0.8459944934965 2.09501764453231 -0.0472989340191801 -0.69737372401345 0.64264853471044 -0.70164473330034 5.32843707834578
55873.748788 -0.0482862195231298 0.522293437666617 -10.37296 7.113243489 0.16350017886776 0.546466053831748 1.75291607334233 2.03489156699568 1.82546681849075 1.95357501263584 -1.34073289211894 3.72668220606012 -2.71284086269385 6.2350516701678 -2.61502370638954 3.72842926374202 -1.94126402893643 -0.671169599355745 4.7136778050802 -3.40762383603166 0.612368210810919
55878.753979 3.90710376437338 0.685079333911323 -13.11751 7.119003291 0.16120491504747 1.63882292448339 5.01436443728479 -4.96705949871663 -5.50851131358593 6.26716973148538 0.54232069802254 -5.41993398476118 0.50013916814506 1.46885040900747 -5.82649058038703 6.9631020134351 0.36180459140062 1.10528638270694 -6.16664014574257 0.71458973159575 0.00114576040184988
55886.691043 -0.541008351922184 0.69319603793857 -12.2656 7.113561411 0.161871055892546 1.74770898632907 -0.145953602630067 -0.798137646611302 1.62998116783312 0.13862395392558 -1.33292265335218 1.9756984233015 -5.18676822885143 2.16313790498681 -0.80573333719103 -0.28398463418419 1.20857191619191 -1.53941077580591 0.222403996211184 0.720479459897173 -4.40881426096216
55892.701093 3.2587939355033 0.446567835203641 -10.19897 7.11317198 0.16325332037487 0.445945791683874 -0.0657442226409697 -0.26364745093422 1.98234844497258 -0.21324374606776 -0.76909877109354 1.28117067955791 -3.00224200547778 0.0765089804601198 1.69908299058323 -0.91050519881999 0.76924587611342 -1.36282585174589 0.26673788917975 1.39298490351764 -3.54541803402491
55895.686286 4.4862265353325 0.558519946056427 -13.22614 7.112164562 0.164964257730069 1.40084015716713 0.99577950848569 -0.15866225525619 5.11715969179351 -1.10125422494778 1.17671564950277 0.68594497292392 -3.35589092894674 -0.21042647744495 4.17320660503261 -2.02611316970865 1.04729617091727 1.03833227511962 0.31378378556817 -5.1878744201134 6.3288403612559
55902.772303 -2.56838616633189 0.648478961504154 -9.71956 7.112707604 0.163605288565895 0.864055131888625 -1.77731793713001 2.29628567597365 3.11168393524183 -3.06854692986566 0.7864821570772 2.83276085824153 -2.17431832762083 -1.15493072847528 3.92119174028141 -3.65339529460372 -1.57622546286472 3.43760869385817 2.25747983861672 -3.50885778221148 0.58988910899503
55929.64958 2.05329613477061 0.569647113934938 -7.99959 7.115140671 0.164515044663817 2.2727678599272 3.88905852213662 3.76079506511945 -0.456210047695287 3.48005166920384 0.96566105254341 4.66759446146132 -3.27598338519011 -3.60293372952343 -0.221208291517 2.95920176424532 2.56537191374312 -0.72517819623071 3.84642423715698 -1.86084373232175 2.731818217722
55933.643699 1.32537904275035 0.508558405251641 -9.02159 7.109325595 0.163429414139478 0.844341201381387 0.897748624494701 -0.76928674790326 -1.2148185964337 1.42289268255472 -0.32870363233418 -0.42291454895515 -0.492562069116968 0.11492245801779 0.274690396417916 0.64655437514226 1.63235749395133 -2.75882437022544 -0.042781967420839 -0.643223499588311 5.11293580647191
55945.733934 6.14179030061055 0.61988179784614 -7.83928 7.114438158 0.164210267872571 -0.420823452180555 -2.83664130716316 4.41431017999152 -0.552812773551261 -4.10470299534159 2.55106004659451 2.45981680256475 1.99010320436431 -4.39699507395608 3.59339121430843 -4.75355847204081 -1.83682734040769 5.50996080971477 0.79932274049821 2.30841278237408 -2.80370577020683
55952.603905 -4.38096240733394 0.469685980751282 -10.96592 7.115190823 0.163437518120934 -0.902014585607885 0.00662752022379021 1.23918529600554 -0.11478476734715 -1.00358935867088 1.92841334907227 1.44458712617046 -2.73093889997956 2.15599286202844 -0.74244288566771 -0.40612954430619 -0.56629719282135 2.47926010596393 -0.0441709021276697 0.0260423609171396 -0.8285370675465
56001.502622 -2.26198997855464 0.601865319014766 -10.66721 7.11682145 0.163911783114546 0.456194712241591 -0.12234894413467 -0.21921395338725 -3.33701170530041 1.33104897364645 -0.93016371826723 1.48678782085975 -3.17893415950021 -3.1033769943976 -0.82499980605847 -0.59563955520363 1.72428541629233 0.35089325210648 0.00733509704433 -0.87270105681694 -3.58772516909243
56004.50352 -3.55753195742309 0.592468587389663 -12.09098 7.115748343 0.162695679095004 -0.191075227470896 0.22119561987709 1.59526456170103 -0.91202358130925 1.74258152067091 -2.25183810023199 2.693998461468 -0.29570223800995 0.74773792625583 0.0546746322297502 0.74694127091068 -1.38499030333601 0.81772259528054 1.6357051564947 1.52493910999688 -5.10666594892446
56012.485202 -0.720341601394537 0.518743815024662 -9.53357 7.112939254 0.163354012952726 0.999851398374257 -0.331078356102461 1.4687194213995 -2.90623165494658 -1.72201665999264 3.86513859645068 -1.95203412793481 4.28732877734938 1.76746876115216 -4.52953874191051 0.38009669726546 -0.50537957145098 4.05527465708659 -1.82538015930448 1.73076192000594 0.15298407693502
56013.484214 -2.11363980636244 0.558212422009454 -12.15181 7.116465549 0.16396723585243 -0.350998850193853 -0.30869913026951 -1.12606685474935 -2.21450263146215 0.5947456887127 -0.54099238139175 0.62113926394305 -3.63998325706722 -4.73515938346071 -1.65065900944331 0.72901646331552 1.59564794730261 -2.20138947725584 1.10147502490447 -2.20456359559971 -1.25538744943952
56151.909085 -1.27317923762483 0.842519456798942 -7.60163 7.120524415 0.162677599756943 1.14539301553436 1.89627137273653 -0.665962676173385 -4.6960902459313 2.76598613059007 0.728088053290039 -3.08264476425978 4.85654422184915 -5.97156260258922 1.67928814535785 1.89030375750362 0.060496898620282 -0.35021510206858 -1.22380248657387 0.83255664368105 1.67399960961467
56159.902372 2.73454964749013 0.67219335569773 -7.95932 7.119414892 0.164062179994414 1.2838700146879 1.44032379176179 2.2514512274026 -3.69858368302273 4.57385863490326 -3.70258172118877 2.56149193869454 3.098823700578 -7.05534777417347 -1.26294439874028 4.7537909284118 -1.43162950431136 -2.38595588058033 3.25663984347616 0.40364204795061 4.15878214758718
56167.881783 -3.72167234826058 0.831057255761685 -8.12479 7.113475345 0.164305487994213 1.15918263852175 0.46029167481983 1.015966897825 3.41715857483738 0.02398103225757 -0.94930700042469 2.810818277908 -3.18708076606598 3.85000322757182 1.25594626110723 -1.38266502276119 3.79819225804454 -4.86568079131058 3.47429859638287 -0.0865528191280101 -3.0699050800346
56172.889652 0.307495186463722 0.608773177333391 -10.82426 7.116708026 0.162364934842837 -0.174436405965015 -3.45886951794662 2.1595357912389 1.01899975229924 -4.3626773418006 1.11157125595344 1.06732566876072 1.43108353365621 0.1553186849063 1.11124671998546 -5.03928158730612 2.1279213895669 -1.0620263930919 0.705438372323071 3.99897546763383 -3.49512557853869
56181.846689 -3.11472985857138 0.649563095223501 -11.39868 7.114636396 0.165176248895772 -1.61152624888357 0.11337227901115 3.77316610061474 -0.79759475592641 2.11653085480685 -3.16162996565458 2.01273766801677 7.50633176472186 -3.43735609391361 0.22118617075868 2.31817498517605 0.69833395503224 -6.32053310127018 4.78962272516056 5.54817281872192 -0.60628698803877
56189.868198 2.55563938091717 0.732369497659864 -10.00767 7.121441562 0.164457923250654 0.01932819191699 -1.11058780754107 -2.84283588113382 -0.43003346376684 0.35373178184225 -2.39958333220197 -2.69043277425486 2.11502348434036 3.83133911785237 -2.35914233206283 0.53001069479837 -0.26155213992651 -2.21623652813974 -2.7978775181987 6.73490598280603 -11.298423815696
56196.853727 3.00718523154734 0.544622150287201 -9.95341 7.111158063 0.164426215493731 -0.805064718006128 0.27485810197109 -1.98125978361752 0.35528987455328 2.11881556260691 -3.47725348979381 -5.41067551475499 12.0185892179146 4.6333351044227 -1.12705015884557 2.09615103988601 -1.41486876507421 -2.4992072687958 -6.5861695868438 13.298764247545 -0.37284793143312
56215.848057 -3.722550883916 0.646995909230623 -12.24531 7.11303124 0.160666766918118 -0.885063625607435 -2.30735606626131 -0.27632881125099 -1.50229058165693 -1.6000843288406 -0.51413809093226 -0.82586523763562 1.85095443611135 -6.05671883990509 0.61514992132449 -1.60006584881401 0.669775829474089 -1.96151124762421 0.72947070201955 -0.89139888624697 2.73018072025189
56219.803885 -4.67665211620142 0.738773685094963 -10.2996 7.11571223 0.159958836047846 -1.02155400765218 -3.29620915309622 4.7101989784068 -1.02301032620436 -0.66402261216521 -4.19541904568795 2.49783024002775 9.73049442217431 -2.02724694613206 -1.46537783853874 0.0254947014890297 -3.55721171124036 -0.0201829833300904 -0.00347382151537978 11.9008093412616 -1.15082611048444
56220.830946 -4.26041346226708 0.647904237150117 -13.08642 7.113085402 0.162256266882418 -1.1603954099068 -1.57276339291344 0.11429691010684 0.40717900993587 -2.38963578972583 1.28235160648445 -4.24240365562988 9.25626072557403 -0.7742713712469 0.5321051398731 -0.95980508056623 -3.62569521802084 4.59406542071089 -6.50295654601072 8.25428939858379 4.07076034673354
56225.804853 -0.513610485475805 0.562818832504634 -8.42484 7.11874193 0.163172141688503 -0.677745522856122 -5.65861854916474 -4.19957059433379 -0.396187245096451 -5.87944974272086 0.59904341879806 -3.02339891742671 -3.52035430360175 -4.32603273106702 1.69971767572411 -6.29672431433723 1.97233482328442 -2.6034148453215 -2.94060812599817 -1.28313214186283 2.27433907715001
56229.769393 0.386270840127985 0.582251229649 -10.96882 7.1179538 0.16169811409499 -2.09403240349049 -2.50610137066764 -0.065665063887215 1.61164609952643 -2.22870186333105 -1.29604909725756 -2.7271234949439 7.8644965566125 -0.83221086782625 1.37332532648718 -1.42335574971422 -2.77481841649301 0.62133472990705 -3.71745895593655 8.53578601906941 -0.87423217140912
56249.693871 -0.773511861058767 0.595369354303166 -10.03728 7.1146488 0.164898028500258 -1.08304326556201 -3.20168612020145 -0.57323684321749 -2.52784125182984 -2.05112676240182 -0.73935715769451 0.0365788369084399 -0.69630811018477 -8.07029100609417 0.538503081464651 -1.63808462207948 -1.12577665722961 -0.0676437484371499 0.48520021118363 0.45255137024265 -4.86485494898157
56255.602003 1.91720698261677 0.658572311378863 -11.76168 7.122156878 0.164170775172017 -1.57272994223632 -4.7867798781061 -2.55755376676852 -0.31265069568462 -6.80334706496705 3.72877038675327 -4.87977245507538 1.6921806263274 2.43342489944221 -1.95246098695277 -5.02034411450613 1.98453178362692 -1.30799017124499 -3.35884990459854 0.0945016803094298 5.09437237140793
56256.702195 -0.712877458520824 0.597540325762311 -10.15922 7.114064698 0.165187499524095 -0.495781399608009 -2.88632896325379 0.37698721099602 -1.30577248188766 -1.68826179529501 -1.47341008922424 1.73573376380669 -1.72235998596574 -1.84622145153353 -0.291139239781073 -2.56139872042407 2.4359340231425 -4.35290290189085 1.38674744682302 5.13649274238214 -9.35175302416797
56262.766156 -2.22260003862593 0.541990070301177 -13.06014 7.116489351 0.163790245500528 -1.50422412231209 -2.16977967558937 -4.03740955017608 3.04167319167588 -3.92610882515197 1.65516968449313 -4.89856801497435 0.278817913814589 4.47306377656296 0.49585526170657 -3.76071454417417 0.47146302664042 1.4074076443088 -5.35194173717109 1.59104226677128 -3.19794139811302
56264.793709 -4.90550853393987 0.467567479799413 -11.72021 7.114255051 0.163985101531593 -2.1312607099083 -5.90934000410712 -4.21660001854749 -1.91926880028998 -4.4857289116525 -1.62581245492697 -3.0795076572075 -0.9982264057856 -5.01613444561374 -1.0282780904605 -2.25947400979431 -2.39653527232229 -2.76746963438879 -1.108192156892 -2.1016927717263 3.18190863232091
56270.632659 -4.8604651802301 0.548328191549038 -11.41668 7.117719761 0.164237788828627 -2.61646229997269 -2.00799478683815 -1.60107974849452 -1.17077980412126 -0.82549413918964 -1.53098917873594 -3.21645873199835 5.67791242818637 -2.73206878301992 -0.12393989890139 0.10792420297562 -0.447445720806221 -3.89544685708704 -1.59814685187874 4.65706343432973 1.91376354599605
56282.675991 -3.9717622391951 0.581702837683296 -10.45023 7.118321413 0.163287434912265 0.071496646428417 -3.53956830259118 -0.14658562419451 -4.37131584259311 -1.42688812886441 -1.63192288608039 -2.2765159805546 7.01439433325024 1.21392561063891 -1.32301332501189 -3.72471384841977 3.2494951395934 -4.1842793035979 -2.06239524386605 10.3707687105405 -10.0009165825507
56292.63221 1.82084893034368 0.633237166266734 -11.68934 7.112685444 0.163761696533519 -1.90625637111401 -3.07149194161712 -3.63980001767474 2.43925078698022 -3.15597646401826 -1.15384998129486 -7.78710620042879 11.6290578793649 2.40099148557459 -0.1679366384973 -2.69146183842265 -1.39392548579837 0.855525155246439 -9.80233464736415 14.1228550706902 -5.78629689315111
56312.619018 -2.10567673745156 0.651811294413585 -11.05396 7.11949628 0.163563060270132 -1.54871669937301 -5.11357639120444 0.39455096536362 -2.60697797074575 -5.50665289118099 2.0909182572296 -1.64155173333387 2.67810795022653 -4.80720910055877 -1.00988409576879 -4.00145600886793 -0.162800173880839 0.17661810441238 1.16101299365998 -0.62563130417201 -3.26795571087762
56319.601023 -3.62388081085835 0.625271693222253 -10.98762 7.115592287 0.166066332523182 -1.33879731483057 -2.65123470510703 -0.84699978780315 -5.1221523374237 -2.20999070598032 1.92517153626558 -3.63895529858555 4.70603804266345 -5.46153506810034 -2.75679617598115 -0.85608327165796 -1.06315666418439 2.65865365260518 -4.56733181929225 4.00541922396535 1.96832831941187
56322.624103 -2.41389680027859 0.605782308594436 -13.6238 7.117037599 0.164912728724292 -0.426521229882223 -4.42104543946076 1.43472015861833 -2.20410032826898 -2.83059673782058 -1.76791975024493 2.38048410495397 -0.37418440788037 -2.68392301111345 -0.650526592367384 -3.07237905157127 -2.86842145417187 3.31872457779519 -1.05293575750972 2.18834932662389 1.26226145882835
56325.589877 0.630868478807456 0.636027877062947 -12.02445 7.122356307 0.164962329829875 -0.790843889582311 -0.486522011334044 -1.07141752720958 3.44545879614549 -1.90163351864512 0.822900576517924 -2.03157909216276 1.46325176643404 1.83412383365333 2.76833648861264 -1.90422515840058 -0.310677724838923 0.272461750078669 0.127502305173401 -2.28246676728914 -0.57888240190334
56327.634145 -1.10244451801771 0.587867373999741 -11.37975 7.122138104 0.161157807293574 -1.34961943848119 0.160991020495838 -0.768992767678688 -2.78747287367768 1.86137430045284 -1.69514572935387 0.668593609522672 -1.67513984605671 -1.51915846224451 -1.80376056389579 1.58196808183936 -0.787334997664349 0.302739518803925 1.33932783543301 -2.37217757948754 -4.43933112718069
56328.537142 -0.950032051686219 0.619613117542703 -9.20222 7.123543569 0.160606511525787 -0.330757476292481 -0.23286609599035 -5.43112098152904 -0.823020380098534 -1.6520032739477 2.97482221441422 -8.34989901121328 3.84868159111014 1.98781752373114 -3.99742982829607 0.37759026165535 1.80901525319343 -0.523534716961532 -7.32997628793035 1.88429453798165 3.63732379882187
56353.530459 1.79268589808171 0.509957729427064 -11.52406 7.118217532 0.161655429135684 -1.42291957446246 -2.14416250879842 -4.33922979595779 -0.37985109971207 -1.85864752750099 -0.33227295939035 -4.30509100571092 0.29040494509494 0.37251383209317 -0.63327011681978 -2.46736567896558 3.35619625318736 -4.59339094622377 -3.82138432890229 4.53241764506353 -5.91529745399567
56355.517426 0.876981216932039 0.500252942313788 -8.87157 7.11851406 0.162625208303652 -1.80966892938544 -2.51723357882368 1.12031973286817 2.86163245845263 -4.31321792882168 1.85387412126274 1.2584623780626 -2.46624847650603 2.52217352722666 0.23373119761084 -4.1333199655995 2.51630496888327 -1.28221185355671 2.09652065329493 0.75735496820624 -8.20746972012388
56357.571021 3.88088886129114 0.519908133189732 -8.79652 7.119785011 0.160653448074473 -1.53456134381604 -1.07861236639402 -2.20932067944593 0.349372036034 -2.10362878195832 1.64868774295228 -1.03614513176922 -4.70603174017376 -1.33853123944911 2.08008411937675 -3.56037947865039 2.27371985494898 0.3827436528241 -1.66837037153929 -1.29586555463237 -5.06570294646151
56360.525445 1.84987874546585 0.570168723611568 -11.48243 7.122460439 0.164310111370573 -2.59199890560413 -4.44506324706498 -1.94086663358565 -5.06953160185452 -3.41861000182705 0.657283545399718 -1.97438859280153 -0.6777730066209 -3.41609865401994 -3.70117204260569 -1.81797887228535 -0.627003567699339 -0.308356027321627 -1.13097012982401 -2.07291315640419 3.8930913372419
56364.511814 -2.60331053123768 0.58897016394399 -9.57493 7.120853146 0.164096361425025 -0.637853423270062 -1.6029015429584 -0.0365717512706598 -4.95810207402272 -0.28652832739973 0.15083054964359 1.27747952652471 -3.42723570545919 -3.55562103728348 -0.29952712326837 0.71621501650747 -1.03865826614355 -2.97754870243716 2.76837644234743 1.5989581239768 -7.83767284057956
56369.525237 -2.58199073946737 0.494017380730011 -8.2405 7.12050524 0.162056814750918 -1.84980290007495 -5.68906049099969 0.46715620965908 -5.96860912435457 -2.73643616658133 -2.41768940173614 1.43539455814842 0.23785326074963 -4.55203952321294 -5.66056374692105 -0.50197737185087 -2.98244773727762 -0.19146767776096 2.60900639522259 -0.98251817271291 -3.25054394578522
56372.546611 -2.57379237859585 0.758499856683366 -9.49067 7.120311688 0.162409181458184 -2.79921884685236 -4.69507714528757 -1.10360799934175 4.54475347374899 -6.44962528097036 1.06564239954032 -3.09359787687609 3.62528695500373 4.10742230079041 3.5580450366087 -6.22805572723717 -0.960677385253319 0.45804319901949 -3.91456037205217 6.17853381560719 -2.49167543943614
56374.495628 -0.638982313293234 0.509875200979321 -11.45932 7.119531814 0.163288749131274 -0.491138110857105 -1.32081223637078 -1.84457795359233 1.46756191438111 -0.849848531978527 -1.55144271959412 0.958080053027435 -5.23141323616109 -1.78687416284296 0.531859786341845 0.393287401189211 -1.69087991892408 -1.6719041891161 3.15295631363206 -3.96292367858713 -8.23850433395537
56385.504594 -3.51490472112459 0.710882800429051 -11.84551 7.118524105 0.159861341666909 -0.507108157586611 0.445635464473011 5.53380389728805 2.48743060984088 -2.129880852239 3.35442078989542 4.29268750324698 -0.43430986893121 1.18830794464792 -3.32604725674638 -0.21255557275781 1.09351782143246 3.35441083860047 4.29989521683726 -2.74994908008471 1.42917668249791
56389.499911 1.81395814365346 0.577069569147325 -10.29661 7.120672523 0.164245456815209 0.134890597866209 0.05902572038864 1.32596463581803 -0.02531079672516 -0.30649808470711 0.65503571172147 1.69981175422576 -1.59587328246659 -1.30839043920927 2.53658698858036 -2.22673335741076 3.95278458636792 -3.78852275929672 2.32583811138324 1.83979691819325 -4.76484518401803
56394.488071 4.14197527260589 0.796364849113413 -9.61341 7.122175184 0.162691574230236 -0.479024944416949 -0.56274660419649 0.34315576617336 0.111728394030741 0.62051520657539 -2.11808213077913 2.98234776530263 -4.06744281620463 2.47244303562266 0.372963988406711 0.34709790677209 -0.60161183174855 -2.47488943355147 3.80965207499483 -0.382213767984769 -8.10871031497978
56505.923659 4.33106773959046 0.784206005647519 -11.68919 7.124771899 0.162688904203876 1.5676265268663 -2.00247744310014 -1.47818546522379 -0.29657595976387 -2.07062830712682 0.26356182260325 -6.73931772019447 12.0645311113095 2.85600841545034 -3.85519833034406 1.24122804705449 -3.61541548793759 1.79865990341072 -8.38289134841419 14.0753471703009 -2.11616771599634
56523.926747 -0.874963647138986 0.756814919662782 -9.22725 7.119474274 0.163160895257316 -1.03822300842918 -1.18909924148314 1.00063970801421 0.635515368152441 -2.95628188035954 2.85684711247872 -2.16000188515173 4.45261544449736 0.103623532137182 0.104774206124871 -2.75886845399865 1.1953713021605 1.91784119125042 -4.49275430373487 7.62356109889007 -0.43733914912074
56570.798258 -0.685110049304344 0.888061351421786 -9.05839 7.119561968 0.163759691745268 -0.305179707091675 0.742749274596663 -1.10381719319155 3.12750990876661 -1.85262682213651 3.08613236216622 -4.98788655920899 5.91132938725824 5.79262908197352 0.850230944118995 -2.7740709986074 1.38093570695667 4.11514497207626 -8.90339114312377 10.7846359313056 -4.97349124290615
56586.807648 0.0723206561924873 0.684213086314017 -9.18804 7.121765738 0.162855794729455 0.0751536632716505 -0.009656490963459 -2.1761677554438 2.07106789818686 0.85471838091578 -2.60995152840351 -0.358820758064735 -1.60185427205418 -6.77718756622975 3.86538806165358 0.56526181890897 -2.46142786759003 0.166342215286801 -2.23711310482614 -0.44623777154941 5.53891072441283
56589.855142 4.44902124674831 0.521572634983271 -12.20935 7.119372768 0.16416859583385 -0.209828825617418 -1.28137754623601 -1.62200554708299 0.30200901800372 -1.70225068491638 0.60595314285073 -2.36039448685279 1.14620606247905 -4.70053326627995 1.68308612109775 -1.34524498625551 0.842100415896399 -1.93605945038967 -3.38549137272181 4.03646403560129 4.25212068107323
56590.842845 3.69975375027004 0.765132753284413 -9.46843 7.125916209 0.16320043397737 0.523731595520472 -0.64898273089414 0.7925316356611 0.913544438594 -1.04253537811273 0.24093922315234 -3.49360836423524 9.94839928073332 -2.5639805475597 3.01029203083932 -2.75960140039115 3.66524841103013 -4.02441326177928 -3.45859068233995 9.197080550625 4.61727996496086
56599.824018 2.49702262614195 0.648586099249132 -9.00632 7.125791324 0.162750869159231 1.20910694205373 -0.97989121486988 0.21759117299874 -0.10204393554744 -1.7991448237152 1.50339559502839 0.18693761628447 -1.53937791255241 0.69297449892937 -1.2253878135982 -1.57241630848361 0.06606283773846 2.78771856755508 -2.17287175227716 0.63607228944584 1.71293220786231
56614.711185 -1.55566946143205 0.565150836491035 -11.11758 7.122188475 0.164422357066751 0.661783759493731 0.77664898322802 -0.79240316187726 2.11941374989654 0.18523155796417 -0.03421400000724 -2.70230775320832 4.71409813904051 1.25426871011787 1.74184632858604 0.278913559364765 -0.16443362839123 -1.01891324464419 -4.12729020876046 8.86551309309545 -2.40779742554366
56614.736556 0.963047626187281 0.593441037281518 -9.04242 7.123659625 0.164431236500848 -0.19299682021111 -0.39574813264352 -4.35816752480439 0.503147145228 -0.57431109275089 0.0604533462194101 -4.69357157792728 0.75858798874983 -0.1657503954855 -1.05032388134958 -0.858890688992631 1.42092992347036 0.12321618656903 -5.9923087902776 3.15325928239708 -2.91103816930989
