52944.821361 -3.14660163978346 0.645080148998307 -2.59743 5.714502882 0.172051933236469 -1.2989194863046 -1.71911347306777 -1.84154569000667 -0.18119354884996 -1.8088230358588 0.26063217144587 -2.52842430730832 1.20872642480123 -3.76946369504696 2.62097165022195 -2.79554633581992 0.84308959523418 -0.73440992461349 -1.96391903489489 2.59568743490318 -5.4491997166267
52999.734056 -0.873575316664294 0.698547726043999 -2.01195 5.708884306 0.167267304157213 -3.25381826089949 -7.43419802546724 4.29721045850064 0.48919638487222 -6.70853209570336 -1.65418794712036 2.03894293480256 6.7262502781344 0.88008616774275 2.49186235767764 -7.05159676691736 -2.35979960226723 -0.20533643426958 5.88423602989177 -0.556037896613868 -1.41765406358623
52999.766915 -1.02926126465925 0.73208115979381 -5.15085 5.707475439 0.164883011222541 -3.23399220506167 -3.39122204357794 0.91634047913699 3.66230084436322 -3.40309929880257 -1.78675591415619 -0.26203091289986 4.50157225397533 2.05180486645902 1.43856097751165 -4.53638866525354 1.49242607147414 -2.08361213371263 2.08221863614434 -3.42907202309783 7.71622168172754
53002.655752 -0.829293037306548 0.650040930261109 -3.81387 5.711805817 0.166887026596544 -4.26042301673648 -5.02965297742736 -0.61932647928901 6.22581596452605 -6.07620558274327 -1.18397854323017 -1.19397642083579 2.54139714692784 5.30232425145423 2.323107345553 -5.5762538136774 -1.33533840258205 -0.78018102086482 1.34805599994716 -2.01564571137843 0.89078551933815
53340.795706 -5.09639660967763 0.525167588205387 -1.4909 5.718066309 0.172792902494174 0.372745481355627 -0.93780755437268 -2.03865915022957 -0.82339732355216 -0.557674509011281 -0.32488737327576 -1.97538401238561 0.19578399223267 -1.73257698213682 -0.43842375233214 -0.77280242250514 -0.218155416094501 1.08745317888213 -3.13633183961161 1.43421660416767 -1.8259338164295
53786.599261 1.8850226188559 0.542302301874408 -2.38464 5.716009298 0.174282145330783 1.16099874724931 0.40949554275554 1.07004621776554 -0.7414518970246 1.13792891972001 -1.04213080152231 1.27217667846311 0.63983730763749 -4.21040776029095 2.69532782982286 0.18487838198639 -1.24011716964223 0.88640822624212 1.16057167647081 -0.56427549388446 0.38568704264988
53787.591325 1.58406585473217 0.580931478496521 -5.32217 5.717209839 0.172374800510936 1.28028060779953 1.15557682201505 1.39402972246103 -0.371046554314462 -0.321903847283102 2.99620084666927 0.1505820712997 -0.39428694573169 4.21394534729171 -2.3141649180258 0.548616209664446 0.504171070901946 2.49424484303128 -1.06847831944442 3.11453933576354 -5.35064701144609
53788.570103 -2.69294925253699 0.534254202643925 -3.42601 5.715367302 0.172160863314986 0.754668467512071 2.23228156545485 2.27709067508829 1.89332606959162 1.74001418135039 0.0402031407641199 0.96332384899161 2.77796811183136 0.661696127562631 2.93931112631857 0.10498011137326 1.26120749907497 -0.0883043715399001 0.16366195962036 4.13511183494375 -3.10522174497597
53789.630443 -3.35250666993028 0.637639270030619 -6.56142 5.715803043 0.173183701691038 2.14836264866813 1.679082862946 0.96261039551327 3.63878998386663 1.84936815138429 -2.01829440622731 1.10414514641647 1.708263844413 2.61511025721571 2.84403408849804 1.46424011089878 -0.6558132986401 -2.47418845065995 1.69320416613718 1.64560595617959 0.638252437815876
53790.577681 -4.00190590351424 0.491145458518371 -6.02395 5.71665502 0.174186967144491 0.204187386512263 2.66051523597263 0.9152359900233 1.14414124463617 1.71886397032781 1.24886652856803 -1.31442852784672 3.47585147504349 1.73861264521307 0.27111290663729 1.34036207906976 0.68365178897287 1.68286848067118 -2.82442150851046 5.39041948004846 -3.50315445491916
53810.570846 0.30721611415949 0.561427746890947 -2.34901 5.716067963 0.171298766450642 0.898110377201856 1.18366378322818 3.50026483530813 3.78642098224016 0.462103992399353 -0.43101678478707 1.83974626951123 4.02785148559668 -0.31529597117242 3.04969066397483 -0.013766337509867 0.242147996760682 -0.796423591481827 0.629270499287386 5.68505786270277 0.12716360186887
53811.561303 -2.0938339052469 0.515354555498426 -5.27554 5.715216038 0.173728789342067 1.40199768854373 0.48602967862616 5.54746315710868 -3.57525774306348 1.5503526648266 -0.30518302113667 4.1938701092883 3.23260963884304 -0.67114169528163 -0.36055534635776 -0.20155264378356 2.96378699389657 -2.98197496026915 3.95774005765888 4.91697045031172 -1.53206532956709
53812.545025 -3.04686628508098 0.586571551928276 -4.72022 5.71525058 0.17251194245951 0.749291310191031 4.46073862504072 4.34132348999106 4.25841522947261 5.32320693671081 -3.69410267483221 3.98145161560686 4.61650805673041 -0.72707481035577 2.17882290491614 5.35089192356408 -1.05940175238931 -3.2620294838598 4.85474507326025 0.835180742322772 7.17300102488749
53814.589632 -1.79292247498879 0.514060564231028 -5.82185 5.715634489 0.172804009609107 1.78987316074186 1.63976139781827 4.93382741474979 -3.39600171634086 3.07684861734189 -1.12364565663225 4.65882950864391 1.78110518831522 -4.26492219348295 0.05482987093687 3.55604972054596 -2.29134937930616 0.0553346061757001 4.70224359966974 1.70811482614103 0.04563390354945
53815.579106 -1.06790194979871 0.566522095269464 -0.94625 5.71490329 0.172647189271871 1.20221776848232 1.63450263765288 1.40921797477983 1.7570083728855 1.54599243085505 -0.679450962795447 1.25060110006414 1.06916874673665 -2.48911303218691 4.82269559868462 -0.067248959221578 0.057140994454937 -0.623603106769819 -1.07505525520858 6.09240656072084 -2.75685345161421
53830.483161 -2.38460944055535 0.538060002303588 -1.92266 5.720690664 0.171974148814571 1.28486456952509 -0.44357393572993 3.85534318175596 2.61213898026521 -1.50702844890138 0.79572984373473 0.85018016595459 5.58528778269555 3.89919067805848 -3.52473350151435 -0.25822145817997 2.09482580250106 -1.26932682544659 1.59158069239928 2.14028771157875 5.01828072205873
53831.506663 -2.50652091800312 0.521874047820025 -4.17475 5.715856025 0.171551303294594 0.732023956508503 -0.03524926953251 2.36227548580538 -1.43925938504207 -0.36163278196034 1.29508277534706 0.19594398078127 3.29447800313817 -0.0076684337240196 -1.26410339270482 0.0449803968274201 -0.61967421409459 2.58288744665308 -0.95919667335759 2.85379553196974 0.74318907905919
53834.484519 -4.49792523726209 0.500247512937558 -4.48424 5.712863919 0.171239486203891 0.897859084845078 1.89637598384502 2.56886020180549 -2.04615733902373 1.57844106139024 1.59570021579674 2.08029786368909 -0.58498742093575 -0.564784022182431 -2.35557972312462 2.39178165421039 -1.17311580564709 4.00434635186953 -0.8206142672698 0.91481222392286 2.78630271761217
54077.717032 -3.39878922509654 0.457996511089121 -3.31677 5.717710414 0.171680187403793 0.587447229658719 -2.24502999069894 0.0692425598554705 0.84068372134383 -3.46361195725777 1.92552006586107 -0.16009245275529 -1.52504246426242 2.14588758707674 1.55750860981976 -4.5958846035212 2.88908062294826 -1.40195046173995 1.48422466189761 -2.25226682742903 -0.9224707109233
54083.74119 -4.72295401501067 0.769136272500816 -4.98985 5.724198229 0.17081216634512 0.802814652064913 0.911799315975039 -0.239106000992339 1.52704779854062 0.29916267562003 0.46303610629056 0.14434575817808 -1.26187654636229 1.28548193606379 1.73663709362148 0.56724666169185 -3.92765919573375 5.93334728055655 -1.91532940866537 -2.24804109420357 2.19361154623181
54120.663836 1.87159812447519 0.644420574863373 -6.3633 5.714105191 0.172435648193408 -0.271269535164618 -1.6799189496827 4.15739765457993 1.39415981269946 -2.09699629857568 0.070472518169884 2.73607538411236 2.89078615930161 8.68035576224011 -2.05386927658024 -0.70158696736237 -2.8526612730534 2.43456995647582 2.78192627377444 0.53297514792142 1.70299114078922
54121.630608 0.505804998971264 0.642843662072682 -3.51198 5.721116476 0.171855882012646 0.620239688901752 0.523027651969922 2.32620628387147 4.47890307343597 -2.12787795613649 2.94163984072106 1.63170143276146 -1.52156171477087 1.04867992607638 1.59259638570423 -2.39944148060414 1.23884413985906 3.83556350858074 0.0282855125667201 1.40463887726261 -6.81341041317779
54136.595755 3.56804786459086 0.525784818111442 -4.03632 5.718030035 0.174032050211879 0.696254006702238 0.45944637839257 1.86073129488796 5.91584100310789 -1.50505713861208 0.87037314793682 1.18834963031799 0.55836423031108 0.708077373922828 4.60457239782862 -1.63063445558014 -0.58995371574674 1.02357045060071 1.05814012617692 -1.94730456290861 6.69830768225556
54139.566389 -3.37153981271419 0.585207414386948 -3.90033 5.722893258 0.174358117145503 1.40631488920512 1.63788882753194 0.49588332612354 -0.27397540004781 2.29100276681765 -1.10985242142235 -0.0144963330456602 2.21074970698955 -1.73804499369972 -1.06355551321701 2.23819344142046 -0.83605637339124 1.74573280348152 -0.13526634554422 -0.0719106550341198 -0.88526730181507
54141.590527 -2.73190481671737 0.633259685915036 -2.18521 5.722598045 0.175594535521248 0.151175152614052 1.31272614063365 3.72022681873417 -3.19335207268474 1.16170285628792 1.78373988305761 3.20950539937482 -0.702609090312805 0.29622366432503 -2.85779926464408 0.916570763286259 1.82720716750218 1.19781047620509 3.27301684329852 -1.25227232117995 -1.07870288999876
54143.547803 -0.102650390696958 0.604800053780943 -3.8236 5.72056345 0.174150882152548 0.882275980522838 3.59330261511108 -1.24529311982315 -4.29773796398275 5.79224185053187 -2.14088952996661 -2.18529821138212 4.12196492919995 -3.95529571236086 -1.10539364441353 4.66905931211276 0.0896306865626799 -0.698825019864439 -2.53257674447891 1.7344545217191 3.0711374265887
54171.515194 -1.61514065802133 0.548739189367627 -3.04265 5.717613114 0.173022168804837 1.02848099045592 -1.06407074238751 2.90525708170631 -0.888230922539237 -2.11600791472374 2.41156294255696 1.94887252160641 -0.389670333507099 -2.42792356564561 1.2290099099719 -3.038321048461 0.4036936656824 4.13516976534533 0.701717251547016 0.38400904190807 -3.98761957174172
54173.519569 -2.1349362340965 0.580539092511635 -4.06429 5.717344595 0.174560852762482 1.79336527398046 -0.91323595095177 3.35814915482522 0.52447703853887 -1.54944792159281 0.95787291918772 1.28362523001546 3.48239310439168 0.56305820433323 0.57567696677269 -1.74825217517407 -0.00451322978284985 1.53594885952349 -0.46112027800739 6.60940591160839 -4.86611102606818
54196.489172 -2.45416990677392 0.612533797540364 -4.99173 5.722344455 0.174478000282709 0.754848984336745 2.56662107788918 -0.70731480567899 -0.24214838792127 1.02929625327625 2.99587516128539 -3.9545957393733 3.97803343531328 0.873468687855031 0.84788330182302 0.28618161728151 3.61085753772437 -1.62150936864734 -3.33685566520141 4.26196481183797 -0.048412307305105
54197.485128 -1.57118197074153 0.540672846736929 -1.95847 5.717946917 0.174241004315666 1.28910796524453 1.49707864916965 2.75218429667665 3.87584043344451 -0.15510226596993 1.2960606419355 2.0819993299495 0.11966159711162 0.44474465445832 1.94462336780955 -0.52390203147266 1.97102452707344 -0.516164618257516 3.79170402170987 -2.51866952860228 0.267767572335898
54198.493317 -0.37805413771834 0.554987353418518 -5.0595 5.721044399 0.173978610901565 0.326658073326479 1.07760457247624 0.703359163783823 -0.374255469608502 1.13831529963351 0.061357106972526 0.0845440532983614 1.29418809995114 0.37538489371189 2.15615878648421 -0.101907954361803 -2.52366971805058 5.46969264215269 -3.19055995251611 2.84768703959981 -2.2368719140243
54199.485812 -1.75635123041109 0.489142603621631 -5.82028 5.720372402 0.1728166019655 2.70751089337833 1.74651790172692 4.37193466259993 -0.50513753582713 1.09553888683385 1.48818757367876 2.95031370999689 1.55855666579086 -1.93994232524494 -0.39802286467482 1.13196851031354 1.13550620698985 0.76917072587676 1.63701685981146 4.73548617279581 -4.17338331807131
54202.484293 0.722030326761233 0.555283951746597 -4.38983 5.723937753 0.173852446489303 1.03361875855463 0.083240962899644 1.9505720202833 -3.2864499411029 0.824027303962959 0.17196387711453 1.0128223307388 1.87787664531773 -4.74217655951771 0.574269870947176 -0.479425726740156 1.4220352026655 -0.347932416650054 0.905748338132624 0.62550228300743 2.03619604840956
54731.899069 -3.63251548238795 0.485153734649152 -3.35867 5.724655822 0.1745192681009 0.822714481532069 0.86974903853619 -1.92955269376352 -0.67746656945288 0.82775582956514 0.41070371174873 -2.28166450256964 0.38341702021361 -0.28824309775653 -0.95278967557981 0.50920566396755 1.38810505705644 -0.2917508193678 -2.03895965319444 -1.30044643927402 2.8229451612273
54732.859931 -2.78209125101666 0.643699100495581 -2.22298 5.72705793 0.175428412525318 0.079461050622611 -2.41193152940085 2.28350619678461 4.30079893134983 -3.71643165654032 0.41147548005884 0.50094764746706 3.61722093382934 7.46239173209032 1.79381176046933 -3.99252097591233 -0.65581208792965 1.27460749046951 0.0481381313322502 2.83382088279421 0.160397593843617
54733.884403 1.07248984574017 0.532807313110824 -5.59912 5.72455171 0.175313618395622 0.394647116075988 -0.77709404706313 -3.56281151259103 -1.35452915572857 -0.75719594698595 0.62261958621746 -2.65216822595005 -2.79595142457025 -3.32207818306237 -2.7957063432858 -0.16891309784801 2.51444305854063 -1.85065680928994 -3.54633653600385 2.96788387548072 -6.54132611276764
54736.839303 0.0404291051784027 0.72804156180314 -3.86647 5.728806643 0.173976934534889 -0.726404396954951 -2.15113242861465 -0.448289084060391 1.62860009593408 -2.90534318722215 0.640703125778588 0.960111124198405 -3.78949395347037 -2.58976654222969 2.56687342258167 -3.2765727346092 0.0588337434879219 0.625834371377931 1.74409745521268 -4.55014273359929 -0.11667593568953
54739.864191 4.4528811771104 0.585408519293992 -4.40477 5.730986054 0.175183015627862 2.02545495706052 1.78709099199912 -2.20106066781931 2.042867971721 0.14565199584639 2.06070798015294 -2.84677450885076 -0.68771817589782 7.87122216585605 -4.33503301735313 0.8120163379278 2.49516891301441 1.13732079999962 -3.28325130475853 -1.87209088331591 2.77770469719583
54743.858852 -0.697677121238149 0.583487594500895 -4.66345 5.730768021 0.173530157479728 0.93306282332913 -1.80071168830393 -0.15326342315775 0.629772646444467 -1.19395621198221 -1.42941242574799 2.14099783030901 -3.76163210407526 2.44893348519156 0.821639451147547 -1.95440177793833 -1.89102723480505 2.19812172829197 1.89128312224676 -6.43633016051562 3.72303418615096
54745.811999 0.339832032947577 0.610131422067802 -5.85235 5.72932552 0.175050172533617 0.931609547242001 -0.736867362221712 -1.09594635244288 0.0405689227595659 -0.627923074084183 -0.218992734198662 -1.19704558058539 0.455403898379231 -3.9819459422707 0.798344462314953 -0.416072312862543 -0.653164068911651 0.527700832882988 -0.931451290440207 -1.70447917103951 3.28845846023917
54747.885932 -2.65938974020355 0.509114050593801 -3.8316 5.723270392 0.173764793849367 0.572257732469675 0.39006450347273 -0.6390024698337 -1.62856923121482 1.24550904820117 -0.81889870780584 1.71229299800176 -4.63677326240414 5.31327511156096 -3.29738674792076 1.94372673082218 -0.25364748902577 -1.47634074448692 2.16997118985013 -2.53406249740426 -1.98751773208109
54753.835545 -0.976490810552712 0.704643326233734 -5.71341 5.732324138 0.177013542267885 1.17710938961324 2.98385883044376 -4.35092302994912 2.25727450283344 3.3333811725632 -1.68973580271068 -2.51356378396835 -2.38328164177473 7.7918272217604 0.0813998183431099 4.88549287224562 -4.00759301707915 -0.215008478263483 -3.71546206499469 0.80901603750627 1.89826489716874
54758.823683 -4.62694075982546 0.529756009823841 -3.2505 5.725504719 0.175929382046591 2.06019213756845 0.12467337795978 1.01673837686723 2.59020425782286 -0.0281226851036296 -0.94383363834444 3.40229519038272 -4.49605459648994 2.40857336487626 -1.44092221485147 1.89290822406468 -3.42365921184233 2.48344580030386 2.6428832517161 -3.7207254967008 -0.10028796141511
54759.807948 -5.66077342685495 0.520796050441867 -5.2437 5.728038284 0.176167226597807 1.40268500029375 -0.922042999678959 -1.07608956094455 -1.82791247055484 -0.17018450678265 -0.49864381507549 -0.36590013047239 -1.11442087794744 -5.73260026385431 2.4704115973821 -0.51866324112854 -1.75764195404074 0.854703792074109 -0.17888631541402 -3.57667394520732 5.62556067902141
54760.824793 -4.67528543974428 0.50061424084669 -4.3392 5.722126038 0.175660310144025 1.53118241232905 -1.17860051612742 -1.23526232569835 -0.11252001832362 -2.28028665247213 2.08831579342269 -3.74399857688152 3.67421424189528 -0.24449400338837 0.0916564532495898 -2.70885770260409 2.80104168308521 -1.00064826932033 -5.45485562005331 9.6716466012261 -6.99115910014762
54762.759444 1.98197748742849 0.635441119117819 -4.46968 5.733569236 0.176351195960087 0.617352333218251 -1.90356950385222 -3.20274543543142 2.76548990575564 -1.62559612398667 -1.82017851228244 -3.25354171457684 2.01444255761051 5.17978571633972 -0.00578735707833022 -1.55982547645643 -2.12377497013363 1.46524043339519 -1.802622813702 -6.59899670511409 10.123111394068
54763.751741 4.77847516447689 0.643261452305609 -6.18765 5.725606814 0.175183535998252 1.76293910099617 0.45226589156867 -0.38565733486436 -2.23450956459226 1.66222807010942 -1.18182694604796 0.5845244790985 -0.99198389000551 -1.34802216349001 -2.05268776280135 3.02575926120494 -2.61740639677679 0.6624543575542 -2.44844900431062 6.94060064267583 -6.58508537292672
54765.764864 1.71928456020575 0.862110677858174 -3.65904 5.731590024 0.181203382523873 1.36334968731897 0.68091732698765 -4.46107235837647 0.61962942844099 2.85992613738084 -4.24891119782449 -1.58480250415521 -2.11553752986175 1.63803383479097 0.65618315735009 1.47335585576529 -1.6094435835341 -0.42385823569376 -2.29976027970035 -4.99399343131514 7.20172887081635
54766.784788 1.26205726738858 0.626036467194518 -5.33387 5.73000547 0.177356339967693 1.05157044795379 -2.46424161380569 -0.958289101677913 9.82852250504899 -3.65207901845885 -2.38538443894639 1.24468884615077 -2.54597764507959 2.37378321354829 8.11692028436173 -3.6799896493002 -3.06623539829252 -1.54195606896119 2.16424384001556 0.609567596875311 -7.24840728245233
54767.767756 4.99553043730694 0.561758698790201 -2.18089 5.728069145 0.176063032531806 1.07009749940299 -0.59606412315985 -2.95637959324118 1.55962276672526 -0.10371490973721 -1.66051374945267 -2.28873301148466 0.21266796257081 -1.9286132496756 1.2369277926994 0.900889027028891 -2.9806483831385 0.442502917402139 -4.29639349705547 2.42237840862991 3.46030064174391
55096.84223 -3.921286508869 0.584195475862849 -1.62177 5.733297564 0.176006643989114 1.15660118839262 0.0313609126581702 -1.2428700815202 0.77427140190574 -1.19092307736077 1.86078409107243 -0.87999900514903 -2.64632900378653 3.21170813135682 0.68539231181912 -1.15520058801369 1.29164826433855 -0.92224319941075 0.42604024794537 -2.35774731695146 -0.72215500972386
55098.85003 -2.225558827329 0.551648890009614 -2.29961 5.733366368 0.175236078164061 0.391269456804127 -1.17555517652845 -1.97687792987515 3.06550111201407 -0.06993561882394 -3.48482408652678 0.32958105558902 -1.58478116399452 2.00592899414181 1.48676384433006 -0.649625543614382 -1.3068620265647 -1.52470676025162 0.61482140406401 -4.14834128868792 5.71209147511065
55099.851482 0.120486056955792 0.60931004321803 -3.48317 5.733823557 0.173698918336255 0.504126843002725 -3.37481907205644 1.95692730471838 -0.40374877511697 -3.81821895581572 1.00086693974254 2.64351007357608 -2.51392392756576 5.50501141852951 -2.63959539877379 -3.16687574211342 -0.20820038466299 1.40888290928136 1.35853294927349 -0.684853148786471 0.757177622734582
55103.84494 -0.878716337012398 1.116701582873 -8.04829 5.735389994 0.173705580452308 1.42253025207125 0.87174048144621 2.20318175111779 -1.58802615462256 -0.20877354080914 2.61366072810173 1.81702636083629 -1.70280115829095 -4.46391633298321 -0.0471762941515399 0.16044258766703 2.9018273746211 -2.3243346262339 2.27908132150105 4.18624766919269 -9.17243064236255
55106.821912 -0.38085254696742 0.739770755657166 -2.63579 5.732708492 0.176920497295854 1.59793066155096 0.0630239374390367 -2.36931474202421 0.876742572357758 -1.80696238940401 3.00329810660359 -4.58322716290295 1.8812629349407 -0.90304346536473 -2.33111082921159 -1.27667977459272 4.52726355208514 -1.61743243602604 -3.01697343647361 -0.95633901622068 3.6100906731601
55111.798094 0.608030418826401 0.589437572710597 -4.3686 5.733694523 0.175638777571637 0.362772058977556 0.236992496770704 -0.077703937477107 -0.423760856520988 0.926994405111035 -1.06490405207604 0.729144497893378 -0.71341338122277 4.26197497989401 -1.73041138006445 0.290207821729865 2.1349546962471 -3.28480730802183 1.78595595374691 -1.48548935370908 1.88807827574317
55113.867212 2.11603848436797 0.491825278318583 -5.32985 5.727722036 0.175440902304676 1.24856013218835 -1.65713992216721 1.11864080085744 4.11258049501759 -2.21639959642673 -0.969342389545888 2.40610175683089 -1.91787020384246 2.22260791956923 0.27679538953304 -0.4421534992887 -2.87401393731566 0.907206811395004 1.89972223112527 -1.16971774196876 1.20791308658954
55115.845509 1.76418497047892 0.831343619781914 -7.05503 5.726404003 0.171524001290712 1.69713391281094 -0.31461366340952 -3.25693998503023 -2.77270961152304 0.33837118155497 0.0819235119954298 -2.87380257989798 -0.913459169689316 -8.52603583072739 1.48117087267036 -1.09714703233023 0.39942826935812 1.95218934986585 -4.68712837943221 1.23555009499293 -3.15621128374402
55134.851842 -0.593646199139203 0.606466557951632 -5.56281 5.73040441 0.17713260701629 0.777300152804373 -0.223144807646201 -2.13719565572959 5.33991840667953 -1.07617863409204 -0.943586411058994 0.546800161186687 -4.9937863948774 2.76819962150906 3.80645513086045 -3.56320796781259 2.97158441822227 -1.84682049984303 0.572921389338418 -5.8419416434326 4.02961440691237
55135.829209 -4.37451289539982 0.457947013630617 -6.28605 5.726513517 0.174536657821101 1.26284396731504 0.291440813394501 2.23473196909902 0.0572906954847401 0.76226706465215 -0.90813327144962 2.24098654321561 0.93918841511095 -4.6875607997346 2.29560192715675 1.3944937554563 -2.44223310546518 0.0862398591050502 2.37051752672075 0.72906168686848 1.10595786492628
55138.847106 -3.90360949529725 0.540307352053559 -2.36256 5.730075807 0.175036924558932 0.926451489398916 1.63575824454616 -1.58795007635532 0.53405578258195 2.67313344095484 -2.1647668653048 1.00080477584376 -3.54965503842032 0.48038243418854 -1.20415028835229 3.68039388617994 -0.47654863246505 -3.48828269420231 2.69067348332075 -4.62547987027106 3.68018998652394
55139.820133 0.556096840020121 1.03788462038572 -5.65369 5.717411737 0.176342698459462 1.15358244600553 1.3121465022404 0.695606327498248 2.86379646838582 -1.62973413738304 4.16226484089871 -2.13764159048069 2.04946617193514 10.5742958435367 3.48161001021545 -2.7486137892306 -0.158260047879525 4.75361783391205 -4.31937484847584 2.14188325295272 3.77302961982115
55143.76196 1.13323981035521 0.799616717817524 -5.38569 5.738612163 0.176243168095186 1.18494208940368 0.34476768776049 -4.07170886190719 5.97321882756622 -1.65755728967273 1.03738338724678 -5.02129454720068 1.04522639957347 11.538288942365 -2.01487103195218 1.43997473541265 -2.81318778132946 1.49668634955118 -3.41688713093951 -1.37640580548755 0.50943055581429
55151.773384 -0.96510564251264 0.672884331821137 -6.53024 5.728754278 0.175676527217183 1.36942138612648 -0.844404557614082 -0.66110414716418 4.07167647375016 -1.40182759609542 -0.87180269110089 1.65946782858245 -4.25889125936196 7.05089468681363 -0.705742481298185 -1.1758679442548 -2.04434707605628 3.53549714287473 -2.00369224065118 -1.13887321428571 1.98980120572773
55165.614471 -5.45585993140222 0.482908826494203 -3.63988 5.729251353 0.175403384428957 1.29906869053277 -2.21087341680654 -1.45070106705355 -0.0750448285791001 -2.41989771370702 0.42556556524925 -1.38081226083559 -0.59997923469359 -6.55434652766342 0.338296881216549 -1.96251178910735 -0.96005273143167 2.83508736001394 -2.96682520802184 -0.0634311191708301 0.161002742668351
55167.626314 -2.64183128844772 0.509847646270146 -3.96084 5.727513357 0.173624415581719 1.37388002981201 1.9231583649081 -3.57341742737493 -1.0083154310088 0.36091360717465 3.3741519948805 -5.57352419600451 1.01835143313165 -1.0165326211202 1.20008994478496 -1.00045416102303 4.4879799202268 -1.4105374552868 -5.76607504008071 2.59370952507643 0.84053380634385
55169.655403 -0.24641829233855 0.526478075282097 -3.6594 5.729513596 0.175598700700893 0.674164286484622 -0.634205533717838 -1.77871261802573 2.58383230578353 -2.25931675702637 1.74254915154873 -2.23382217906072 -0.73850528369439 2.15273582508358 3.3392020955089 -3.57835769629554 1.61093801985933 0.315070962600717 -2.10834719117771 0.22473670482807 -2.49485016212656
55225.615413 -1.2092067401063 0.483057492740232 -2.31929 5.73062734 0.180491527730663 0.832638601339643 -1.19102955922053 0.779870199700287 4.11979144229505 -2.26865968783728 -0.0323289208598601 0.62922736106875 0.365862727638629 2.13113700507739 2.1094504630279 -1.68108177960283 -0.50953759430396 -1.06647588769676 0.60547604636035 2.03263023132984 -0.451190880556381
55230.631594 3.44209653586034 0.698109058665278 -4.61469 5.730692118 0.18052574322332 -0.440505423482385 0.99205137987314 0.50132276705712 0.48791121463751 2.5404107976223 -3.0651374125816 0.00367968096352023 4.20492426506015 -3.93097409390933 1.36774805552674 2.85951550334753 -1.10541843176763 -3.71312929379778 0.833745107443731 2.19846332981468 5.64299079976203
55231.613495 0.490337137026813 0.612125493145106 -3.46026 5.72916201 0.177824878785915 -0.115344637638487 0.45029839786113 0.550406647746264 -3.93158817371682 2.89977133459669 -2.61150083150524 -0.682923432601129 5.30467485780628 -11.4359053545183 1.21143418055515 3.22072047335795 -3.33000225657506 0.451425998656748 -1.09532068737097 3.94265549961728 0.9159407854065
55235.559421 -1.03064710843082 0.716362909422164 -5.5215 5.731855256 0.175967554107747 1.01775396422455 -0.265201301872705 -2.47350766849473 -3.36783297166307 2.17401566025615 -2.89198031642217 -3.76530563330584 5.75218373708291 -3.30794689519052 0.807832945377298 1.5278296015383 -3.13465385861465 0.80992878821716 -3.94906883213113 2.0304713011606 4.02911592119754
55240.50945 -1.16140554182973 1.16718236631418 -3.91814 5.722935188 0.172290724748092 0.764292910112652 2.19717594297875 -1.00861594558445 4.38087667906834 1.06490972115452 0.272794364942459 -4.63338497224525 7.54436288063731 8.21258073620336 1.74964779802275 0.744986009868514 -0.677678555350414 1.39936700695333 -4.68974956168088 7.1678943510061 -5.43152076950536
55242.607768 2.76804741011676 0.561450252920546 -3.55224 5.726279017 0.176467459654356 0.437912542598648 0.0622563357954102 3.99572749503458 3.39054746704401 -0.42058113213507 -0.73277915212102 2.1412563763971 4.95255425127106 6.63367138458548 -0.97896324403186 0.54982453912505 -1.3621238965691 0.39407030008602 2.10946509573091 3.88793511317196 -0.46008169799337
55277.532374 -2.37558091475079 0.704505989090886 -5.92695 5.725995702 0.172728400036481 -0.475259344017427 0.81694085219836 2.02919525735177 1.01093029833733 0.1807241332683 0.69466902023896 0.15901607475225 3.49709607313363 -0.23594429853175 3.6559352914251 -1.97049086784311 1.99547502827367 -0.38426732471534 -0.71809468702663 1.80746663738947 6.44116275519612
55281.51998 2.11478489719687 0.503364863950253 -3.09284 5.725305864 0.175590683672783 0.366294105956288 -0.71982541638837 0.35603737597369 -2.0312375466192 -0.65358063149185 0.85965392637476 -2.28732594889774 5.16756799044709 -2.37089880657814 2.51009112800928 -2.44929992553071 1.327791730331 -0.09056168594525 -3.14389722948244 6.18615574432597 -1.35825505189327
55423.924231 0.539028068199451 0.895043629757054 -2.34551 5.743761943 0.178281075814407 0.686782042631823 0.82203861541093 -5.77099807603068 2.54918805765711 1.89777936157398 -3.01307312940137 -3.44607296917709 -2.17053225705201 10.8149630563532 -3.77178853336867 5.12921738875356 -7.94935257025978 4.66435034871094 -6.51600853617485 0.45015172627775 0.42363961159512
55424.880408 0.818698470242331 1.20211928034033 -2.54678 5.745052793 0.170681042761804 0.741213113225784 -3.28474471926881 -0.613649085085723 -1.88758559021262 -6.87046398634473 7.05803170731596 -0.97212812254085 -5.82796183752371 -4.07854615751734 -0.5038709105507 -6.98082737155076 4.01342455421547 3.88466323708582 -1.32772402585482 -5.6066956897586 1.47411878013533
55424.905477 -0.82846168519432 1.30461958475772 -3.78935 5.743074884 0.169800106428721 4.37487829850263 4.37487829850263 -3.93641051580539 0.0955252392033401 5.70962204057742 -2.40387854133066 -2.25984591739159 -1.36328630655329 -2.67841379724562 4.48862552586164 0.610716752969201 3.54374613003978 -0.78818668044233 -0.0871825040121599 -10.9773125691041 9.11310700173006
55425.92236 1.16896331882008 0.780211904640793 -3.78168 5.741676228 0.180230049208278 0.347003506942914 0.607621081180519 4.34944484700635 -3.44667495968053 1.29507766355607 0.307265573892802 6.65033005079566 -5.41244450160215 -2.51439678412064 -3.58346653787271 2.13500758375836 1.52446762624311 -1.96789548240728 8.08991961536289 -2.2429377012275 -8.30834674715785
55428.92751 2.36744747837082 0.68631916489016 -0.9092 5.73763152 0.180905202371967 0.37563713073316 -3.66659450125846 -2.53630245602522 -6.21790929520392 -1.25439084489037 -1.52946107363308 -2.4275040170047 1.31734908377629 4.6426003942132 -5.84954329326605 -0.39418677813754 -2.54215450315765 1.50961116897785 -1.38348145495721 -3.7896783197179 4.17633544925547
55435.920501 -3.1258350427203 0.534176223674975 -2.95982 5.737011595 0.176624991359083 0.460551548548377 -2.5431265325969 -2.09433301398747 -0.633139508812788 -1.70134991545943 -1.22090753453317 -2.2382186828517 1.48901685809162 -0.605280664663044 0.074118500947272 -2.16582381355865 -0.20568180855237 -0.55255580025436 -1.01680941802495 -3.83438246925499 7.38931898591606
55436.885878 -0.530999007206371 0.485227777871166 -4.61168 5.740006796 0.177418154170265 -0.359838932395647 -3.29994544482956 -2.17782056987239 -2.31576645238785 -2.23243692674809 -0.89658504791799 -2.16191224758727 0.86892025653148 -1.95848401004537 -0.0153845426763701 -2.95300568981769 1.92224142945188 -3.93300904465426 -0.48655808440547 0.5302717600126 -0.57686738465426
55443.921561 -3.58363026185379 0.781615331994003 -3.77811 5.742598671 0.175499870118636 -0.25639571380954 1.25621324579885 -4.33441025687451 0.26900952602893 3.3841396654276 -3.9122823239395 -3.34546950514716 1.61079892191189 -2.68638483396078 1.70975782023401 3.48052899337481 -2.00968360510977 -3.59944537140328 -1.52470950895103 -3.86069986212233 11.0382127798647
55444.870468 0.582734932533668 0.588553424274471 -3.00127 5.740456216 0.178396602864975 -0.218116238782757 -0.976774756155885 -1.33030291043554 -1.12644911971134 0.52565084879664 -2.20533106906322 1.06753191003794 -3.12375215746652 -0.969280399431058 1.96287100009567 -0.17251721907869 -1.61927083387436 -1.23649990783691 1.92903582025837 -4.1137434112679 1.98555732762221
55446.849288 -4.11784552699057 0.67382737018565 -6.2686 5.737743072 0.175379827907358 -0.352003816113961 0.33269744335875 -3.81764711508194 -2.00111020344119 0.25509670339841 0.99134725400214 -3.4509390999042 -1.74571163277397 2.36253650838132 -4.62468132360947 1.6406665008482 -0.12562145612526 1.44613801886104 -3.08399133176032 -3.67680300951878 2.47990075085473
55454.890979 3.18203885616765 0.819141087777718 -5.08728 5.737842213 0.178883991138574 0.739181576268872 -1.25759574547693 -2.792022832961 2.84411945709606 -1.97718205561277 0.10383348463911 -0.97016792637197 -4.11609582930487 3.213123399581 -1.3575779359975 -0.99147363639848 -0.36728007382888 0.72177040760973 0.42558571180288 -5.57138895761968 -1.68113174486909
55457.902477 0.160277461471491 0.645479887415976 -1.00806 5.729559412 0.177142365005396 0.480340621414663 -0.431012494823157 -1.54852360841369 -2.43566785292658 0.185930777065338 -0.064629471602064 -0.135291623959845 -3.09049898687424 -1.84981032935496 -1.19287671350469 0.458125053240809 0.291494108756162 -1.07656020358933 0.901807818426511 -3.83519220792688 1.53598600700263
55464.895246 -2.13403273997178 0.700176641382845 -5.34707 5.741234095 0.178170187503598 0.428682749698494 0.69003923248091 -4.65151935128571 0.55959779703534 1.10428294794032 -0.986893714248946 -3.1257068097961 -2.40656399869949 -1.2218794600573 1.12163731244521 -0.21380290506149 2.10264977079611 -2.42657988257471 -1.46270034368321 -6.67786975816445 7.24203955580742
55465.844973 -0.80298372988027 0.727998174822996 -3.53146 5.737505203 0.176581861622939 0.145689723691548 2.17938757352682 -4.00153765740876 0.87401591041774 2.12219437910754 -0.272214160420739 -3.78212203520668 -0.21535534886402 9.17139784461651 -4.21070161826228 1.67479755772109 4.39354061696551 -4.13970126411837 -3.3302137050789 1.45885728063573 -1.52028627974511
55480.867433 0.908146324484805 0.709428305286829 -8.13976 5.730948941 0.177763674247069 0.817864417704406 -0.37956124018768 -3.20505233599127 -2.93889720984723 0.90578515592434 -1.02051803866988 -2.8584961913341 0.23428068527818 3.21436037424177 -4.32417593619415 2.22965069719695 0.25526644691164 -3.30643368692781 -0.022507320436936 -0.324897829991925 -4.82235547849719
55482.8586 4.71071113700085 0.721037483843298 -4.31013 5.73837129 0.177372433250976 0.741432131412002 -1.50221163585299 -1.78391409224824 1.08040402311401 -1.82223612214364 0.11230702810707 0.54072217909349 -5.26521300230614 5.13246681121125 -2.30724308469374 0.0453530986001498 -1.84618216954493 0.58185457250052 1.41808100480211 -4.56766506643727 -1.69056618837762
55485.803441 0.250559509345719 0.63619112896484 -2.06394 5.733777458 0.177328903491216 0.903225562297543 -1.8439487047229 -2.11341349699013 7.18026477593375 -4.46341255587486 1.60251144960523 -4.03757147484547 2.66963699300255 4.16364635656038 -0.42062510950778 -3.09372358703873 1.74523110833883 -0.445117694248437 -5.1476318198533 5.76788167095382 -2.66428538331579
55487.874816 -3.54768734817182 0.608230543571317 -4.17793 5.72882181 0.177032568285866 0.0949955330598895 2.57567619141567 -3.11129612474096 0.22239100484642 2.22376144801387 0.54027142126493 -3.28434991437051 -0.15541915290529 4.59081587355711 -1.61296086256242 2.97374599013597 -0.46853168753628 0.47154132540922 -4.1684447985481 4.14185356227804 -7.0187805514864
55489.807593 0.00486322147520334 0.500450401921973 -3.92566 5.73109294 0.175429857317734 0.850564891032647 -0.373468918160742 1.00017420623325 -1.66351342142118 0.607268231878681 -1.01511083250406 1.62345213479975 -0.401878454735242 -2.75935015591367 -4.08661797728149 3.71709575005377 -3.76123914518529 1.4579588769038 0.615180650362002 0.0959085328443768 3.01085614478117
55494.8408 4.46438710939044 0.603114074695763 -3.78491 5.732825598 0.179088388465743 0.68147054047586 2.73884166355057 -3.40058312070521 6.56391003165098 1.06269456069171 0.16464316447254 -4.3837841275208 2.03851668848353 4.63322067246125 1.92690837165182 0.98063580456042 -0.23288444071517 1.72760584970671 -5.77302510884572 4.01636433128662 -4.47589867117035
55497.819022 -1.33401561410189 0.549811564552972 -2.69679 5.729931463 0.177953100551131 0.717001759324464 -1.98246437727723 -0.55182580516029 -1.52478636519587 -1.54702738661241 -0.12598257400487 -1.79615555358704 2.92405884261432 -1.89936987943845 -1.25411501526899 -0.771227161757609 -0.16109344588626 -1.01874582612649 -0.71477174666629 0.32099985476308 3.27695527940453
55500.840877 -2.06735423215096 0.616587278426454 -4.70596 5.733608651 0.178690311903068 0.564388991899634 0.8372476457836 -1.44559327464823 5.58448360714698 0.938500358942934 -2.5129333019496 -0.24110533584686 -0.24521060990757 0.28673987259857 3.45997198065367 0.917214587003425 -2.09473132927857 -0.38591565872174 -0.83640988869593 0.22254563538859 0.75412908482579
55505.724539 0.291631764904249 0.553335404152403 -3.26398 5.732541683 0.17655068778198 1.17208752452686 -1.11987057667908 -4.32662320982648 0.30895242665309 0.29205486330819 -2.63739013277248 -3.27202119677528 0.21013203510262 3.39368143232148 -0.72099626429105 0.48477063556023 -1.98922653255447 -0.677063954693085 -4.30770681320729 1.90078946583216 -0.30128717324809
55506.790424 0.0308052291429895 0.635959918053998 -3.26732 5.730965762 0.176252240498061 -0.236541208569018 -1.01163160898873 -0.524139290863334 1.11158508930608 -0.0157415748949699 -2.25217577675314 2.17995077385868 -3.77759133696336 0.37504901459077 3.91976670513868 -0.97022460870103 -2.06009192611063 -0.920770076614059 3.15817965310347 -4.51872836647581 0.58217338196482
55509.771216 -1.64627800001484 0.58879091663586 -6.27774 5.732378571 0.176683419983769 0.968233267188422 -0.772824639372182 -2.19092283986947 -1.02246074871093 -0.632420657581872 0.18264716399312 -1.37983323631743 -1.95427588117205 -4.54795736504992 -0.11072303731055 -0.79624257825368 1.01100076350985 -0.494748159289599 -1.25636683306998 -2.73727623141068 3.03908898063706
55510.745434 -0.469450756713219 0.576214717728502 -4.90604 5.729067706 0.176895198878575 1.26113212986964 0.841914051912598 -2.67865808116147 0.813400816966085 -0.027007287054376 1.18865242796933 -1.84365903811495 -3.00305639170246 -1.42459590638561 3.55365105598956 -0.00177409048700405 -1.87317660908923 1.95597846362372 -2.18568372891122 -0.6770534056265 -3.63116175780412
55512.73768 0.215789053061066 0.527628102197674 -3.24007 5.733237096 0.177951813176999 1.27460289595717 0.778354088142934 -2.97339178130425 0.809173468695429 0.364535078477743 0.387159909165064 -1.35904794317385 -4.01620342891491 -1.29449534671353 0.440257258659895 1.05377805587097 -1.21331277359349 1.33082199579687 -2.22192001262227 -2.04618149367867 -0.27322152963783
55513.770104 -1.54580738256234 0.90548278934661 1.064024 5.738731303 0.175742598006051 0.741394071102099 0.994869036919633 -2.24319048466196 3.48045104302357 0.209082004189894 -0.0409123771090161 2.73631106262247 -10.8865554736927 8.63122240669503 0.71748954968198 -0.30118821673801 1.61063318187034 -2.34841030874904 4.27654062998836 -7.04309397576871 -7.09212652127805
55514.763629 -3.84393005955194 0.568598035838271 -3.97824 5.73055556 0.180515102210101 -0.0549648242294446 -3.21359076563132 0.23185731487884 -1.20911547176542 -3.46114827443719 0.96465845461971 -0.77677140299114 1.30658991928095 0.58023962284602 -0.47963527586811 -4.20602229409069 1.6969351259209 -0.06075328638833 -0.64234383584163 -0.0885476650891794 2.11216919161072
55516.739497 -0.623758662599761 0.816593053614966 -9.55657 5.734927195 0.177276702522209 1.61591441437427 -2.59387788183444 -0.72796043546492 2.17330224206701 -3.88229679545061 1.37741932283978 -1.12267873378272 -0.46987820173072 11.0416903688006 -3.3520510921689 -4.16309119124155 5.34086863444933 -4.52538206727134 0.73682239427455 0.55207188554451 -2.91650291110222
55517.716795 0.836602735800188 0.57390432076281 -5.1621 5.735924569 0.178585314240137 0.699950875392798 -0.794329509849497 -1.27662680847064 -1.23910487221788 0.81737877660085 -2.33980662501196 1.53177654234513 -3.94600029463998 -0.15108445851809 -0.98728064882352 1.47844545355989 -3.2869672042321 1.10724401409449 1.42046152767026 -3.25895575755327 -2.3256739094701
55519.679111 -0.106074251047463 0.740351246323817 -1.15279 5.738235364 0.177179971705853 1.40515545288788 1.50481759483157 -2.36242790673591 -0.912966900465886 1.97238876091987 -0.449481117088975 -1.08882352890403 -2.34320204385229 6.76693433870295 -4.40915228069475 3.4956688861405 -1.2710596858079 0.318941502818749 0.099155124128673 -5.15873750314235 3.46882152755056
55524.695647 4.24719847970765 0.607137336428321 -2.62185 5.736967937 0.177573479762308 -0.504855283806223 1.65800866740143 -2.15445288980974 -0.69097617525155 3.4833436653961 -2.97133598045612 0.68272127151773 -3.39709812089489 5.61300818747822 -4.74794306275206 3.35189302316266 -0.22421883984852 -0.09567095548155 -1.47833047263782 -0.79885639736992 -0.44560288186928
55537.774478 -1.50082180358089 0.518973423870207 -2.73105 5.735457168 0.180555129289662 0.610100458102418 -2.8655371325378 0.29843266796098 1.85635048466195 -4.58067434346446 2.24817511050626 -0.8727195074216 0.44218156780685 -4.84033981315104 1.78855760396299 -4.81347668899325 2.48292552432808 -0.18728290680203 0.74192046150618 -1.47311113693687 -1.25086582209854
55540.731793 -1.38045193713251 0.518833998347132 -4.29716 5.734706387 0.176714798172048 1.077380796942 -1.92511998933745 2.41362347193418 -1.61852649656297 -1.39533989893954 -0.23741392281151 1.95088694492484 1.27821354531856 2.58495213611788 -0.506931320542465 -2.9042981574319 2.60757286541611 -2.29163418060038 2.19322006497051 1.77593732195427 -0.809007559937931
55542.717898 -5.02968213736162 0.626083438046942 -3.58771 5.730239239 0.176995167598887 0.729008860752233 -1.64920970461703 1.37184928957159 -3.56363292101601 -0.35082714022856 -0.79765641413041 -1.48878328589787 7.09711577138077 -1.45662384602328 -2.118508148224 -1.0712355062724 0.352236018827821 0.621702092693869 -1.76335363884357 3.66907559429736 2.51497322612027
55544.708053 -2.19897052996803 0.572602921319187 -2.02248 5.73039832 0.176234498385243 1.14436376335187 0.51530514281332 -2.35760775882803 -3.15567637150966 1.21339042531911 0.10634749427375 -3.50331586593654 2.43146263046151 -2.55499570299385 -1.84385826621234 0.37310802788713 1.73815214806141 -0.055238094497607 -5.22921145655411 5.08005661267875 -2.74820147252034
55546.616902 0.505839419549698 0.71113760314577 -1.69881 5.733488682 0.17586073015555 1.10030889160152 0.758145428721765 -2.81912618308149 1.52372349739642 2.10718092275413 -3.04452287225915 -4.3939926481319 6.333048458096 4.40649782018415 -3.50626787097253 6.33908166191111 -6.64187281088003 0.21429631287863 -3.30564078073964 4.54043075633888 -0.956857129596463
55549.720794 -0.53121182835224 0.511880779123822 -2.62902 5.729890247 0.177477804394985 1.40173335511788 -0.248955198533528 -0.035536341543439 0.416576453272098 -0.429168685201256 0.145349905592413 -0.261901489191727 0.366067520057927 -0.10239354895148 2.41101297022494 -1.08485956387225 -0.248095329130239 -0.00355342548209492 1.84019220421927 -2.19055516313861 -2.68468849373787
55551.762339 3.76801680797508 0.709448259667094 -6.09013 5.732233073 0.175916056709144 0.10356833308704 0.0735375578542401 -0.17662277307675 2.21378498208055 -0.0181890270078702 -0.753357944071059 -1.48720959400981 3.64983808124555 3.49705259784896 1.02815927791495 0.47676129445497 -0.766635030086021 -1.70918331222236 -0.54871724273303 2.41876303234764 1.47060219116447
55574.788854 -1.18360817625986 0.657758031062235 -2.46726 5.735250393 0.17830610029487 0.992278167356843 3.33774370038165 1.75366195891447 -5.60032617671913 5.36661230221255 -1.37405886322481 2.15034525024316 0.375545795594041 -11.4560703914326 -1.25209710256345 4.92752098259104 -0.720790377360471 0.951513812325768 2.09973622998185 -1.73069277842991 1.38680192195672
55579.739031 3.10677731750788 0.53669210701033 -0.61275 5.735416356 0.178371530578788 0.989252463800914 0.4205901333041 1.96931939088906 0.98066637125475 0.36663045263814 -0.30853115065107 1.27064102633385 1.87644029736899 1.51655148630888 0.7480763617122 1.043587861132 -2.24168963255789 1.23328035712217 0.29485821176019 3.74408250321918 -2.53527814793636
55580.7188 1.3629195555049 0.564256546231319 -4.1385 5.734040384 0.176548405396234 1.19830546019516 -0.83554244277576 0.18595066295584 -3.05044233695417 0.17705649772237 -0.550384020735911 -0.425524492883734 1.85387479444519 -3.41125439842318 -2.37902433390825 0.498267486351922 0.0574367578716399 -0.200088532041242 -0.956184614550671 1.62716247830663 1.49414239689301
55584.747972 1.49390431728446 0.731215209489206 -3.03642 5.737465458 0.18087315614464 0.430885753324881 -0.47609284331108 1.7424498660958 4.30437740704309 -3.12867758431447 3.0411969998381 -3.4633294721171 8.489168444167 -8.48568931684377 6.560406865027 -5.80819980984488 3.17301293533902 3.06307802746094 -3.16909727633776 2.46164053671318 3.07894619767574
55611.587275 -3.0108885931513 0.582003337611563 -1.83874 5.735155847 0.176310919442515 1.00500812780373 1.1886241392099 1.35454363600372 -2.70086008230438 3.13771055254902 -2.31263182421115 0.77847042742734 3.5144648584623 1.76561491410965 -3.45024810455065 4.46573181160947 -2.23241741746903 -1.19041020248188 2.17300227582951 -1.82727144092586 8.00854781350645
55613.523325 -0.0759763727009337 0.753506548030668 -6.66545 5.737185498 0.176084972636354 -0.844763522043578 1.01467990266434 -1.1211204033464 2.00311392967053 1.76755136594473 -2.15109888877656 -2.1542785512872 4.30175510595725 10.3611382032304 -0.378562462271227 0.219458438699558 0.031470615384971 -0.061354819283895 -4.0856596221646 6.06224626390838 -2.28957439619421
55615.533681 -2.7946268544229 0.513683912806425 -1.60098 5.737207137 0.179364055486719 -0.169022668536251 -0.81385598385074 2.52586058053986 -5.22898320080897 0.7269055370548 -0.54848938491583 2.28912364258576 1.08235275997385 -4.99522985544144 -1.03420028019791 0.65928451027459 -0.1563233566482 -1.25561701525276 2.17547880257143 1.47645853338574 1.83950655664141
55622.493785 -0.0399026324678034 0.568736179162889 -0.59829 5.730973737 0.181388714229471 0.391590794874828 3.24550726458079 2.52547748723585 -1.35515939827755 4.1690900946846 -1.07318392408945 2.54236144383055 1.01165790488802 -0.36576583339858 -0.46089013356971 4.77025971538741 -0.53394574343462 -2.51216741935826 4.84624173913981 -2.07844000444271 2.97444436884863
55635.551832 3.00423373447878 0.814528344020729 -5.3097 5.735378358 0.175202032612095 0.137251814635937 3.22070726789206 0.33287036866574 0.477376160351185 4.20861168167877 -1.92334638805818 0.59313460301856 1.25658664990777 -1.98844465073945 2.22659211613954 3.32449421820024 -3.4606840904033 3.94311871786467 -2.05154650254332 2.66847792466427 -2.36912431433825
55639.549635 -3.41290418352287 0.603797723366837 -2.28691 5.734130207 0.178803819004245 -0.27119904716117 -1.47926363057526 3.92139778233607 -2.66089195576211 -0.397755729798249 -0.814191187935511 4.29183570282417 -0.042587694841863 -4.58437137108022 -0.73305349457517 0.51759039026776 -2.07041764689657 0.4459485975328 2.68248024932147 4.94572412563335 -5.8331969863117
55640.557523 -2.35897379171553 0.858870640611314 -1.42351 5.737389352 0.179184174417121 0.554771484795491 0.15319600749007 -0.19924567751724 5.02211751534683 -0.00457700869158995 -1.81314825929743 -2.75898242833203 7.35248803676042 1.09066989892841 0.95462583691869 -1.63032000375664 4.0097797581973 -3.92251078706017 0.48314194341652 1.41289741147042 -1.45075898663394
55641.541545 -2.63854763167781 0.555505510813298 -5.34313 5.734209846 0.177654959102925 -0.0470198628190827 -0.75663960970196 2.94451611476453 2.26629315911344 -2.33029881700574 1.8255476424084 2.29759306538938 -0.33911338240623 5.1275763833482 -2.92819970420849 -0.3827409445824 -0.06291150409215 1.15527457201671 1.70084648974535 2.75841841121307 -5.09666780573811
55643.571315 -5.96450204996079 0.565931214783565 -5.81812 5.733777702 0.176787266313561 0.885893061600677 4.68167378113912 0.20659453458313 0.206183806743109 2.82356552486331 3.14442011076165 -2.356646060067 2.7861433844679 3.16936447973658 -3.12546384535498 3.33899780543359 2.71984141473917 1.16299030216149 -2.08528725481886 2.0878008058477 -2.03703810761096
55644.55124 -4.86796336736975 0.541881041716423 -4.33781 5.731603066 0.176894879416604 0.552059676067426 -0.732149740752311 3.95585131280073 -2.48041823506578 -0.34946290327824 0.33956993863612 1.64165291745899 4.92578658079307 3.06061015139647 -2.33636855496006 0.82904429805364 -1.07959835984277 -0.34672476635576 2.33558983089601 4.60762049483992 -1.98650157279651
55647.591676 0.598699922182887 0.736738757497896 -1.54642 5.735465348 0.175462542761288 0.547132889245208 0.399944874567061 2.68296987498103 1.06573629016236 -0.251573758358227 0.711630438851728 0.708549751210291 3.74375049701063 4.53272207628947 -0.431971291885097 0.203562906090475 -2.17324488806061 3.90528135339898 -1.93486539690538 5.90117229800058 -2.18221750621265
55648.524194 3.38442264696257 0.673952414376572 -5.01722 5.736991385 0.17825087746981 -0.0185819892469952 -0.55688378151615 2.0727548831953 -1.55090027489327 2.0156964546142 -3.89654681071155 4.48391021917123 -1.62267425012345 -5.20548054201205 3.76453485583744 0.34813449193576 -0.350758194336869 -4.69238220635666 4.67126386481947 0.90501410943244 -0.36878277904113
55652.515481 1.03794349270226 0.507046406436279 -2.93982 5.732720629 0.180547039661758 -0.760445350993708 1.80339213501827 3.26452173895523 -0.452333926433811 1.13749166966656 1.36510273587774 0.81389684518736 4.21599459398782 -0.00770710931202495 -0.914254144186137 1.63322411445293 0.333056900922995 0.874453051095611 -0.31311841164926 5.00618565147054 0.71671088015644
55659.493086 2.40174449256107 0.655740135785231 -5.21329 5.736793599 0.17979367934991 -0.180727360855954 1.11002005973147 2.1899877379878 5.5051205753983 0.17959570275583 -0.71217464014829 1.80643784399233 1.55816748128506 11.1115412185436 -1.64240101316404 2.59449083968786 -3.30518722162142 1.16135113627712 0.76835049902238 2.57975117098392 1.35182379733682
55662.492828 2.96637741749177 0.906615752000166 -5.96791 5.739296265 0.174507977521589 1.0205888641108 -2.27031549476827 2.56119130997116 -1.41487965610873 -4.26891894548933 4.05638918557168 -0.62956633630308 3.20241907336801 0.0708135799737697 -2.59652254566035 -3.58439407080305 1.01166550103517 4.43952458028741 -2.3999931023763 5.47649981268554 -5.88951343781578
55803.913695 -0.0513261307427004 0.744124756545174 0.69829 5.753037786 0.179529054039718 1.5030144976853 0.058876188351389 1.95139713980881 -1.97029326665916 -0.256603262152905 1.34102731217471 3.57664078170562 -4.85255406338691 2.71962667767112 -2.94186197093378 -0.79159682022775 2.68199242866781 0.028020115265733 2.24052923205154 -0.33517363427655 -4.5436832309018
55805.906035 2.54640539628448 0.686437730157715 -3.78451 5.741059856 0.180249037255319 1.49720479977722 -2.63399049958381 2.60465973369171 3.85010209161381 -4.14666310411744 1.11569741697748 1.83911296435391 0.61203519727205 1.82086026668288 1.0487238781274 -5.60763346867529 1.83562261789944 3.07187814255563 1.0756413114401 -1.47462135842165 -0.90386753310045
55807.913189 -3.53815702514231 0.726970086268864 -5.10762 5.749087271 0.178837706514062 2.14360319125604 3.62161754382436 -2.1772256785569 -2.81938275552606 4.74991441614286 -0.88216876799465 -1.10271549482644 -1.53200715497683 2.92383748999109 -0.95601911970029 4.48723562932426 -1.1264283702911 0.1866462358987 -0.0329756831907999 -5.78655965349275 6.66835391184146
55810.918682 -1.44618984969765 0.539325402629736 -1.13996 5.747656297 0.182750642137249 -0.491961756628612 1.70249564299655 -1.02224179496403 1.46845527858479 0.74335067445344 1.10484194372528 0.519681252457024 -4.56644090986831 0.92181496597023 0.86204894899461 1.33659719186931 -1.92419587722284 3.35088067354392 -0.655463653413531 -2.39468572441228 -2.53423649686391
55815.908747 0.569852915036664 0.696767449267455 -3.88375 5.743254591 0.181494868787531 2.46718074713783 2.52092696538788 -2.13752112305443 -3.67128330193081 3.00351465637983 0.6086614411522 -2.77281715053383 0.808514548314976 -11.1561947328918 1.9689469928353 1.59808382653757 2.19622238902289 -1.28820715960697 -2.25622545339617 2.05471415268693 -4.58877924434985
55816.902758 2.76469269966985 0.566601179703002 -2.7119 5.745017538 0.184977046629988 0.62498801815284 0.60734043056297 -2.08528234974939 3.00636755797055 1.18154897920073 -2.22506751804392 0.21511411349558 -3.0211895104827 -1.70408947861481 3.48317822735599 0.23690495287636 -1.43779079204301 0.09063732244236 -1.25705630782218 -0.829098329580055 0.170440053946915
55830.903888 -0.737135512405382 0.57972778859986 -3.72773 5.737571311 0.174999241258468 0.62765575868209 -0.272415027356885 -0.385563823065388 2.45979403935852 -0.712379374217897 -0.201254265595458 1.65425436644979 -4.29835121775123 6.08829512879926 -0.361261319361506 -1.10989747873189 1.06534066048115 -0.703253970047541 1.26972571915533 -1.68536143813904 -2.74171840176402
55831.903013 -0.514378198829586 0.500988403222244 -3.47229 5.732783751 0.178612433225624 1.8562723909654 0.395765281642117 0.403673173102689 -1.45673891062139 1.14947403081664 -0.76086856546116 1.22901229417487 -1.12736813824883 -4.86310991906373 0.749310461645828 1.17720023426873 -0.207174956397045 -1.40987810905761 2.27974455724241 -0.75164001963648 -2.58979531316073
55834.846976 -2.80246365673426 0.464360871877685 -5.42511 5.734348813 0.17655578471017 0.240379803853259 0.27567885494574 0.23867046515911 -0.10059190907058 -0.49214481177802 1.41265006688706 0.10574279582318 -1.11612380964026 -2.77683515889703 -1.31444263936701 0.5329967197896 -0.67893639514038 2.71326651145403 -0.85740811889701 -0.45281271788508 -0.73002885758691
55836.806477 -6.50027805791771 0.526143821092992 -5.15231 5.739769356 0.176178520494653 0.375817723766867 1.74591103119845 0.53106632793135 1.12142922048376 1.23465429281818 0.44490229084375 -0.42609548977342 1.69176406562862 -1.13118397522984 1.37442342650638 0.79399918493859 -0.17534866617231 1.58548987630598 -0.70931504977341 0.577524262375579 -0.12937142650548
55839.843367 -3.65374801553539 0.73700373134729 -3.53682 5.749475 0.175431028848882 0.687302087180399 2.14213070492291 -1.94853621773297 1.2590874128739 4.5271445688744 -4.76128259453696 0.91854428138862 -1.74318995291235 -3.23632291957354 1.63305949263635 4.33486589036942 -2.96972411483193 -1.52573099668911 1.63712720945889 -2.58117648912023 -1.17131186231083
55841.782196 -3.68477899380693 0.60211020739824 -3.2149 5.743363986 0.176755746366824 1.08952594695874 0.90538283381904 -1.2764669189929 4.19063122030692 2.28997370331269 -4.17452853625104 1.0908387137355 -1.21528005925119 -4.22848848436369 2.28651730768744 2.52132732413763 -2.04291187833154 -2.15003824333566 0.71058879892366 0.00550019075330965 -0.01924763094111
55845.861081 2.04505059040199 1.15833959761604 2.484515 5.747497684 0.175685182793384 0.669843829078581 3.51309222026096 -1.15134687949579 3.31640234618586 5.51321467595221 -4.73830846991106 2.44092189126969 -3.38640075609138 -0.970614072074417 2.72734434078499 4.59085059511065 -1.72788382141909 -2.43147938075063 3.29025523528704 -2.08577330251188 -5.50159472655187
55871.741086 -0.655356096616651 0.702845228066185 -2.72927 5.742049522 0.174889945604005 0.678271863960516 2.10526848248697 -0.302547925913274 2.1510270468283 -0.33431159791995 3.46162395622383 -0.796084663620358 -2.20777763282166 0.98532652738126 1.24931885839287 0.851331306395605 -0.259990033217261 2.22765799325369 -1.42882532917892 -0.110328526595496 -0.566018253419794
55873.757428 -0.67791944170428 0.561891237630042 -5.56048 5.736382719 0.171765444498893 0.546466053831748 1.96412342020317 -0.1656435358399 -0.74346972274734 2.94612835098596 -1.4481296374272 1.67974208081852 -2.69728871576364 0.88206262536484 0.50037260465328 2.0870373835103 1.20170169877487 -3.30099367094675 1.89232445797471 1.92849795160127 -7.1498616194606
55875.769754 -3.36615988110519 0.535034164313146 -4.46289 5.735083104 0.172265420798898 0.614723715668793 -2.10497376814851 2.61889722642817 0.10221577596778 -2.59753025514163 0.828446592399531 3.58016758438402 -2.95496926379013 -0.59137989340128 2.20950465871696 -4.18123050371492 1.59617506920477 0.29665932155941 3.93300928590392 -1.21482130484659 -6.4016654407005
55878.79719 0.567119585455438 0.834520990297602 -3.62161 5.741309962 0.170758781611609 1.65223514014246 -0.962050465136945 -0.398119693792612 1.06316953731175 -1.77209095832674 1.01663932749468 1.15627871106012 -4.40094574087693 13.7216034737064 -3.41153770052851 -1.97808653772203 2.39967101253222 -0.835183149675035 1.15170952233488 -0.00582663516472004 -8.52785356806319
55880.770593 -6.05452623526169 0.516196828497762 -4.45074 5.731878275 0.1753459237159 1.15673118132473 -1.35785812234705 0.35589825955861 -0.9085241260529 -2.86010991484076 3.01915401389837 0.98054311951195 -4.41937795985071 2.57290360598811 -0.87475926004163 -3.3381784175506 2.08167437553586 1.84679994647533 0.80787996787243 -4.68779304139034 1.82653341439911
55886.771741 -0.748078734404686 0.86158492120756 -2.28019 5.743645509 0.178008605583284 1.71962068818108 -1.37593400920835 -1.34857521324779 10.9588423701185 -6.07430730948037 3.93342252980657 0.265177873217278 -7.45290865633909 14.2735602837591 2.8198671892931 -6.50959373878455 2.53351133716491 2.86668824214766 -1.51617261687633 -2.49962210766867 -4.93666608027324
55893.790317 -2.05475887149664 0.547527918102697 -1.76972 5.741328172 0.176731599473175 0.509882080306007 -1.58308052252352 -2.00976661455738 -0.960920535176421 0.563807950447245 -3.40117461139615 1.11597020202102 -3.73285328193723 2.50395502612242 -1.47917409824183 -0.123227022914328 -0.94647266755643 -1.10942838567322 0.46954330094974 -2.95210663451211 0.91855834937027
55896.717514 0.79677887071276 0.955891412028744 -2.33805 5.7407423 0.174992665825938 1.48864642119694 0.82681244974877 -1.13851255274368 -0.987259127099903 2.14999804751241 -1.94284858217039 1.57712416305986 -4.09853726968984 12.7997039870283 -4.40648315678833 2.3355825379296 0.96853468922405 -3.53518835702788 3.72003638151262 -4.26134803723248 -2.2701584147904
55901.65041 1.66722654422385 0.594073575305743 -1.59024 5.738122038 0.175723828934017 0.784573180937723 1.04300833511987 -1.3208857874848 3.3395260585959 0.46608202037949 -0.30619651727316 0.70264321975572 -4.15846146114585 5.10184803463131 -1.41596739044186 -0.926461539927606 5.73534451101635 -4.84913266591036 1.88902179642014 -1.92736979175386 -4.19968864605119
55923.68301 -1.08608529896057 0.56580767401384 -1.05629 5.742342891 0.180418955623353 0.525006938640888 1.57182091558935 -0.981193353606135 -0.37413382684624 0.97879623304121 1.20096710581932 -0.561488724608578 -2.11848602566192 0.777864127338486 -3.42227752461578 2.80306151272467 -0.119081277648635 0.506613764183158 -1.39897067750923 1.3601555522823 -3.14755574388612
55925.666039 -2.30503709439278 0.613018512248195 -4.47116 5.740759691 0.180626110050669 1.17727110633844 1.36804815116475 1.84861515217438 -1.79115727358781 1.84637926475323 -0.15474787369878 2.57269954815977 -1.45024630087597 0.0259563924570099 -2.48558269005282 2.48467317948102 -1.4121988715016 2.27684750087171 2.59603836977864 -3.32002654794875 0.89759224016125
55927.692159 -0.700006072564363 0.774593869864428 -3.04787 5.741999813 0.180692664067705 1.38706300333041 2.24646045756174 -2.95770421212451 3.43516402217102 2.04019988874841 -0.934096348126165 -2.58938246991239 0.0788320294668599 8.85281803854919 -0.797914230621455 1.52889469886829 0.138474252039388 0.713112057018764 -4.29651717561247 1.31934576597691 0.52747885003336
55941.802722 0.766819954842614 0.781784918514139 -3.24719 5.748292164 0.179654503700619 1.08193943027831 0.35794555347261 -1.02491983229673 -1.74771067218783 -1.17149657365713 3.23689933050345 -3.76567088753217 3.0941134577805 6.42507570253208 -2.38014243315585 -0.676937531692748 2.533213878679 -0.62391187835603 -1.68739286397276 -0.988958106976812 4.0750078993537
55949.627266 -4.57314816423403 0.603613043094453 -4.03936 5.740530691 0.178367295828909 1.07382549045059 -0.91710531307964 -0.89715880682989 -1.02432413624956 -2.02672530168441 2.33219434226727 -4.07043441833461 4.90673622609274 4.34703985566009 -4.57264412039464 -1.17241940907879 2.23514703220267 0.57198689690204 -4.23936499972489 4.3166307186391 -0.62616864889061
55953.655352 -1.32641096446359 0.646752794349047 -3.85679 5.738475969 0.172990230777742 0.855006938282955 1.55263266051911 2.9012661527236 1.41581980136168 1.18600097558429 0.12612003398342 4.17136789308129 -2.94922944900922 -2.33929490980308 1.59561643219123 2.68829831431085 -4.16540645299128 3.45224940375142 5.59468218953776 -4.59806916786167 -4.66135468701711
55988.558558 -0.821343620118368 0.715042543644822 1.743031 5.741749061 0.184302166511809 -0.25293997209211 -1.07558171375222 0.544297562721635 -1.88533323188594 -1.94726531190598 2.26537197640377 -0.60634149426764 0.384146142802808 8.52537400533715 -2.23868322419916 -1.32150397887699 0.40939196748732 0.504701296637687 -0.559292314360987 2.13047410115061 -2.73455610828878
55989.586469 -0.0660719276246421 0.573804416300342 -3.98604 5.743837155 0.181316601949394 -0.00362676797229375 0.974792506138002 1.59065283249589 -3.94459703798778 2.90204369343834 -1.84249510711577 0.747743749108892 3.70554165425615 -1.23430507898269 -3.27145472827661 4.02601783707764 -2.55272901625008 0.465479389473876 0.217050976136311 2.46830276990026 2.48908406611651
55996.521461 -0.813720826995441 0.578895524086219 -6.02821 5.733293518 0.170995408758223 0.436327166582078 -0.14018311641151 4.35083626741278 -0.12425457232895 2.75972125098421 -5.03013426508591 6.4134346780523 0.21123723068739 3.07390275670315 -2.19376477468666 3.7394018822375 -4.477059630353 -0.33228059902126 4.95524178457675 0.0893279843356001 4.67578947484424
55998.533301 1.70894148993059 0.551483435770501 -3.22392 5.734171279 0.172171458473652 -0.117839604279102 -0.664894395241925 3.62749480537057 -3.89068383683435 1.52010649648065 -2.32918636191492 3.5514366832818 2.48465801911522 -7.67063589706104 -0.342029801252847 2.02615182226345 -2.91528145510974 0.264580011573488 2.68886995852092 2.36569457920143 1.87062981249918
56000.540836 0.293698080017678 0.59081959761532 -3.63618 5.735231974 0.177501604604351 0.204935281953037 0.429591180256047 1.05105817049031 3.25085127006085 1.42550335436359 -2.97428857979419 2.40856400917873 -0.20200462300697 7.06354399624813 1.1851033969521 1.45988483184054 -2.62373282835544 -0.692808582534412 2.95973842646752 -1.34641875281682 0.368952171983429
56002.500744 1.91164365871478 0.733214040410304 -3.98586 5.739769056 0.179379305304848 1.01139851911658 -2.37167792010817 5.19302963634147 -5.81078508843908 -1.23758396822675 0.257992435910277 5.68852829224259 -1.38614376657434 -6.38598103891589 0.12472013059837 -1.06536679910423 -2.88318667493436 3.05243989475172 5.44693880852397 -2.30831332086315 0.12499668593229
56010.529428 -5.0200476685363 0.625485719912595 -3.52254 5.733730506 0.176092576008268 1.97619002945643 -0.67838625990025 4.04219566285702 -5.41768053605446 0.89316594360585 -0.71291631697928 3.24147905525543 2.48210178222524 -0.40544893676432 -3.54105503252557 2.80347271269659 -4.45857619420535 2.77584987757686 2.14380285211936 0.81308968503384 5.40546930285093
56011.514342 -5.16740144528173 0.625098809237986 -6.16895 5.734801839 0.18003802815891 1.21079702260757 -1.37492616354527 -2.64473656254555 -8.9142133521839 1.82695374673151 -2.16684671526682 -5.00060645471374 7.48206636758715 -6.35597511483186 -4.41803463828129 2.13270020318415 0.0870735140519003 -3.3088177675361 -4.58601856013516 5.7218991870126 3.86159259472191
56013.558823 1.28504927601861 0.673446705435138 -5.63035 5.741507989 0.183097593044839 0.421769231796416 -0.641939738327966 1.61913298409915 4.20445057959454 1.25005264912004 -4.87689681579353 2.65273801705459 2.27855252563073 4.03549688178949 2.58238902228218 1.01553984333927 -2.91481806390852 -2.590698406012 3.29309665349357 0.61630530771832 2.1537766978408
56020.495662 -0.351735582626197 0.574321805886222 -1.88773 5.743496785 0.185467930690646 1.20844265007233 -2.2519715814597 -0.344404123556369 -3.13792687169624 -0.952843452721442 -1.0783605386815 1.07277778314153 -2.17103539515208 -0.24598808096025 -4.08061232096803 -1.69895368727363 1.28825549456535 0.570103079033467 -0.134849597987337 -4.2498812093775 7.16859647067572
56022.523326 -4.23044983999902 0.72858204394331 -0.44537 5.744839254 0.183574432916084 0.384968384501634 -0.08640504780838 -1.79320560267338 -0.98321181735423 2.16588371643656 -3.54437793900896 -0.381099178626291 0.21015684441532 0.86665485033143 -1.23396116514391 2.62695853831513 -2.42290900138934 -1.5572490503349 -2.17285002429158 5.24429826714034 -4.39131085541714
56024.499879 1.9543232946762 0.607588194712639 1.249264 5.74106252 0.184806150941223 1.21807862194846 -0.25124521104209 1.7092129493537 0.44001698717598 0.00730178732207998 -0.61696342345956 2.81111031602648 -1.90697574399546 6.15042980299021 -1.47249890281831 0.23761615290765 -1.36881544639006 1.47832239000473 0.70724589126644 1.86014979360586 -2.64244249398525
56029.518338 4.31376633028458 0.812443129073809 -4.23163 5.739336008 0.180836641170117 1.01645042227629 4.24628462669504 2.23334461535857 2.99059492005142 3.59934538877204 0.0258488391922898 3.01227623707118 -1.75128761670328 -4.98114547198689 5.20774267338042 4.07526921371104 -3.23601987141296 1.85102667208805 1.51364324792392 -0.535315272621411 4.29596935598644
56031.506893 4.41760688971309 1.08351142692507 -2.75399 5.737295832 0.177653405829839 1.2534834788819 -2.03472311040513 3.9071101465193 -2.43468488504564 -1.46530880796886 -0.11977310721007 6.10571865652549 -4.74520101129773 10.0336123094446 -2.12742038693299 -3.09749243324002 0.25598669679418 2.71408326092491 2.64311039359681 0.71014432712979 -4.3141136433026
56149.906274 0.153220235331042 0.732367357892548 -3.88434 5.748743548 0.183547097521134 0.367502675585412 -0.35252151890156 -3.37321070433226 -1.51508253567193 0.332364891489703 -0.607665880603454 -4.04763533296815 2.00956593280749 -1.53906038149177 1.41494284678737 -0.815372879984506 -0.820917722804483 1.47442122955881 -5.02104377094967 1.57772976241546 0.35788146965278
56150.911259 -0.788339351823219 1.06730514614733 -3.27112 5.752855053 0.17816159565186 1.15336710749217 3.27026278447133 -0.044067670259396 -8.15609712397096 2.89613954797721 3.66619243657988 2.82402679736884 -9.75340952784671 3.07354828804623 -6.54124367196398 4.05190268167942 -2.19951965309096 8.32488626124048 1.77437521436613 -8.51822098061298 -6.6665045984232
56159.927325 0.69886768575148 0.754628258046489 -6.28714 5.752125357 0.180733563446501 0.877792686721352 -2.31692596080204 -0.293571836563999 -0.59731792743185 -0.16995588830084 -3.51800060156521 3.55202936834571 -5.15832308041378 7.63349691708408 -2.00533419626373 0.11927994059265 -1.39186745141662 -3.3624703955303 3.02243416572428 -1.42315088870211 0.102543676741217
56168.920097 0.240772346654586 0.7005724310327 -2.7679 5.743068108 0.179800888547324 1.28215118055648 -0.884315004771814 -3.29873503646507 2.56817655372323 -0.0168831037451302 -2.53053074440084 0.644044019606067 -6.31022692358155 6.87667913641101 -2.05449219776202 1.00776384798448 -2.11015525151637 -0.397367398910906 -0.652280154723775 -1.89369263296569 -3.17137919344431
56171.924678 2.39816700913389 0.606862340283949 -5.2413 5.738558112 0.180616840577405 -0.738978966439711 -3.07489770987101 1.22650015132979 0.3756784336834 -2.9373973837406 -0.38250976704895 1.79501910280369 -0.89985556045237 -5.96827515826238 2.22029031021037 -3.86086078236414 1.22859369966952 -1.27478609247035 1.30649996858932 5.25185818275118 -12.9622956270197
56174.895195 -4.44464746685092 0.952918607199531 -6.59026 5.747259927 0.172782626069573 -0.794945310558623 -4.0763398673879 -3.72091443569771 5.60153743956904 -6.39360333531916 1.97652368625871 -7.10561974549791 5.52522724718323 16.1093655366178 3.82846352280172 -7.54841573953988 0.250124072241239 1.43544614233116 -10.0872159714404 9.68329908516144 -1.02784837681259
56180.913715 -1.97347667485929 1.79728935282338 -12.71798 5.749046059 0.174965669475433 -1.17983806583581 -1.68424388712945 -1.67025997761029 7.61910911748424 -2.76375756081507 -0.73344119690891 -0.98771556323279 -0.79584241713105 -11.8015746032133 12.9799340534947 -0.13385742224774 -11.5379539909695 5.79724591238104 2.00708602321097 -6.57680889143621 0.5736698895973
56186.861747 1.44753757746427 0.596255707840498 -4.67506 5.749795394 0.179653427719767 -0.16371445824445 0.13936505881888 -2.73308198458336 0.83158342222193 1.30638515606597 -2.38316157702987 -1.766897069224 0.133585077202008 0.802814907713343 1.18405608593674 1.7018660388769 -1.50653390595798 -2.85770578751857 -1.23407840749642 4.67654901467237 -9.47956072868896
56198.866313 6.9142831771949 1.19219776370829 -2.45316 5.752333699 0.172931720581177 -1.52213559412762 1.94032410156719 -0.48716578943115 4.76902383313859 0.63892872276329 0.546147593695561 0.71218050295332 -3.13080439113113 12.6442833463376 -1.99975436148256 1.08996719897832 3.33508139962444 -4.05346420331871 3.61380926982568 -7.2993083268675 7.66957328646263
56199.843344 4.1201576255671 1.02819779085949 -2.74492 5.759340977 0.176474605884232 -0.271439589615921 1.87357218163015 -2.64229987783635 0.75465471176244 -0.10869795531059 3.2031920571598 0.16738978269648 -9.162290239369 10.0152826030169 -1.8090382756532 0.42214367110567 1.73333752284962 0.69585818997065 -0.65202661103225 -6.25928021174639 3.1538809438515
56201.867579 2.48394853960433 1.1606385166 -4.9156 5.748207535 0.181208383363732 -1.03735077648633 -1.1852258895314 -2.68690931415622 -3.150749934034 -1.81612365435495 2.25650841850772 -2.28760531233698 -2.96682101414745 3.15612602960424 1.13568819793052 -4.22390828252604 2.3362286797726 1.98862330020171 -4.69972933824655 1.7807140351063 -4.67404677843707
56204.863161 -1.9447209657295 0.63061456112459 -1.56875 5.739240666 0.177157612436385 -1.39175218521457 -2.43744267237749 -3.54002647502794 -2.47428370379068 -2.46796936883945 1.01825823826354 -3.97433154299529 0.00403382320903933 -7.95129552265388 -1.32247804202315 -3.15059223763607 3.28316065289467 -0.927144394658195 -4.74036448075845 2.5037377735442 -3.18803449953309
56207.881231 -1.19390451590469 0.870199734045836 -3.56958 5.752746323 0.170159933663576 -0.279528203383964 -3.94506092422903 -3.01192011802726 -0.0207033140698298 -4.38913959330034 0.78944732628785 -0.79929322835451 -5.62496105487327 7.64437725567807 -0.0984921924049198 -2.85997796899347 -2.55628972973404 0.25533133958541 -1.56374949041335 2.68225496778798 -11.24207450541
56208.889361 -2.04581249223421 0.877284251625715 -7.26243 5.741657 0.172344510713887 0.305897888020783 2.2397936522838 -5.78950338431572 2.2701828362902 1.68512065604035 0.10502547169762 -7.12818947780521 2.86903449770179 -0.10063036081568 -1.25547367159441 0.71377402939654 6.40845591537919 -6.25268396282423 -2.51380131582699 -2.31207704253281 -0.26194308220495
56209.880153 0.227971711544114 1.16093368408899 -13.2248 5.755558166 0.168460858766266 -0.948643878672535 -1.63112683228182 3.2563001233123 -1.83197634489569 0.179495249727168 -2.47632293029058 4.04611023218649 0.55654000933138 17.5120643711724 -1.02759251285331 -1.1213848215309 1.8579602562471 -6.76778563461961 5.49835001484921 5.00030943435574 -7.33403166918996
56210.880193 4.13180141971521 0.742325247922587 -9.71336 5.73943761 0.171447125464601 -0.258575380027667 -0.54760481536877 -4.46647675648679 1.55599403541834 -1.00010687139415 0.17876044096668 -5.2850146757577 1.67132057738107 -3.30039561298092 1.97916077946794 -2.61999906165948 2.29303717817595 -0.13855650677733 -6.41149607424963 5.35601252074334 -8.61297927024245
56215.859291 -3.95988536859872 0.828195354218235 -4.21998 5.752535585 0.171543274263172 -1.19513861106324 -1.80589029987395 -2.57799651628392 -0.51723620565529 -0.30787412782835 -2.4205571590188 -2.26294035641741 1.57869544887167 10.4003193485273 -4.85897414441077 1.76987827488295 -3.57409919318735 0.12704927371165 -1.13485929437806 1.73123695003179 -6.84284647443788
56216.877178 -0.948964072884087 0.906738034701641 -8.12632 5.738182696 0.165430708672604 -0.6599825138721 0.536056800645412 -0.617524755425632 -1.15147699252808 1.58742458669834 -1.39307695979608 1.02165416507869 -2.34225272659191 11.6004199568711 -6.04173911792206 2.16338469209911 4.88652482639418 -9.02828060618705 4.90576166917461 -2.08486882247591 -0.966687668842
56219.81526 -3.31217818627086 1.0158476714012 -6.39545 5.749745543 0.174804572429814 -1.02155400765218 -1.11483925726733 -4.36685375583105 4.33861648728805 -1.05513456308064 -1.72771439303258 -1.18883222302673 -5.33330141791556 7.3259954117731 0.0179247911253799 1.30475437212284 -4.98456052384633 1.21968701661545 1.66029305576584 -9.10299152227079 0.2424339162978
56220.855635 -3.83932627987632 0.59568267670237 -3.01721 5.737999532 0.174865619312363 -1.33556632234931 -4.66057163859415 -3.33748303889838 -1.79714944170096 -2.6773820836622 -2.77355622003025 -2.62331822394843 1.05587121948219 2.06885382613823 -1.51354702770045 -3.86117628300607 0.86671903555698 -2.49396988616995 -1.17223786142792 -0.80675638785337 -2.11265338568678
56221.839981 -0.820184538332336 0.785846655024958 -3.91367 5.741266423 0.173714974873848 -0.571083552519174 -1.83316920382925 -1.96588695917933 0.873736679456932 -1.93704900480131 -0.153488470191556 -1.37348468311752 -1.17218801678567 -3.12389244014224 1.56662675431966 -3.01967689183 3.4163206971388 -4.12153114562179 -2.30023997849806 5.42162238030423 -6.15489237289929
56235.709475 -0.157734548289591 0.697344835569345 -1.76886 5.745336297 0.18170680428477 -2.47931635019692 -2.40891403933163 -1.49336256864328 -4.69481440023061 -0.124767066392336 -2.17860279832081 -0.57085450179805 0.0146559001773998 -7.46575793219537 0.603641971030186 -0.595683522539299 -0.21015617889656 -3.43416679925795 -0.91158144817376 7.46441537652134 -12.8857824334658
56237.7368 2.1330469847132 0.605128507886999 -4.03707 5.742774275 0.179836966390956 -2.4068613312546 -1.50008779328031 -3.17329333616465 3.47698690940952 -1.98597266396302 -0.50858801454951 -3.04037464573692 0.180316229531726 -0.29932952434012 1.37180831337595 -0.12704570186814 -1.26196210930514 -2.6838942214069 0.468899837759496 -1.10861817922647 -4.81891308241269
56239.786834 3.0809234174198 0.587150778026734 -1.85892 5.737773506 0.180184258079111 -2.17648043263787 -3.64834203709096 -2.33753090897889 1.9696948732351 -5.51882010853114 2.51082205488247 -1.76586960459452 -3.66410890818691 -0.19202909663462 3.68812829546084 -7.38735746721618 4.39933299472728 -2.16518838680652 -0.78166913493012 -2.62078793727893 -0.254452260712318
56247.662703 -3.36857646996172 0.650029312615346 -2.31257 5.742839394 0.178489630546147 -1.28374950413363 -2.1184998747127 -2.9130136300679 2.43134914579016 -0.82815464792357 -3.25975759876876 -0.841780562648849 -1.47354172273317 -3.98621289963367 1.1733191820617 -0.39689107727366 0.17760699614318 -5.30646703089551 -0.42877698458762 3.30513929814575 -5.37159238033615
56256.774079 -0.202958732850803 0.609774095541432 -4.59882 5.73763124 0.178296184338938 -0.495781399608009 -0.314838284129838 -2.92383836600566 -3.06519968536019 0.407741006670112 -0.10694390395215 -3.57737180973239 1.53637197778729 -0.57487798548767 -1.96385373751726 0.553828043177505 1.55058331995164 -2.90279661449902 -3.64414134391935 4.2301315545269 -1.87438273812019
56262.831632 0.044616134465826 0.670040193810949 -4.10978 5.743503172 0.183161356283542 -1.56919581013833 -4.07364088758638 -2.68939565969866 -3.42201240654361 -3.12235867953592 -0.316782937004596 -3.26564849382266 1.60906135315513 -2.60430991987301 0.31540979187455 -4.59923767776843 0.891503071565831 -0.018803530610791 -4.20197062098331 4.7396914825932 -7.13461006413916
56264.813776 -1.91570224744377 0.552873685549537 -0.90169 5.740745975 0.178695034917218 -2.14636047057512 -3.12858416999379 -0.68669311836917 -2.20330543340199 -4.80353565522462 3.57977433149094 -1.37181386795561 -1.72944522355763 -2.30875377878963 -5.97373015735336 -2.62052137065083 3.51465342284046 -1.33124563338456 -0.81444544935849 2.91474339081827 -8.6788982233422
56284.718505 -1.15703030254048 0.629592217084818 -2.01155 5.740751037 0.17491312866107 -0.896516649579836 -2.66061540869256 -5.76321717023497 1.46261395428551 -3.08213613992525 0.158543698840195 -7.70534261728188 4.21314542485745 8.16412158608968 -5.71885788468257 -0.142408981448341 -0.6277994353517 -0.998220225453936 -6.6964666898047 2.99680854482386 0.26364304988728
56285.69738 -3.33290209877707 0.572845074311096 -4.57325 5.7429551 0.176416875881729 -0.578624394453522 -0.22668851632574 -7.40130296236997 -6.02345756083072 2.94132585579672 -3.20147246587984 -7.58689171296775 3.46216975867413 -3.45748776438935 0.43284511158138 1.41520763311261 1.80594317539466 -7.29259792799146 -4.7858384562383 0.518880139032699 5.11004760978306
56287.700721 -6.33863316397961 0.681309949497989 -3.10156 5.738555653 0.170818835598772 -1.60611060269601 -3.8614624636816 -0.25571188472578 0.14129717445435 -2.86309789887202 -1.80503693120746 2.34790997819784 -4.06793642220264 4.44024105478888 -3.434029695287 -2.21721800022666 0.99256116591866 -3.39583946981537 5.38414485400935 -5.56378918051439 -3.11473222934183
56290.662603 1.59491609212817 0.667718808953222 -2.36372 5.738598508 0.175911402187134 -2.52256034990502 -3.09808667513355 0.191328847434205 3.47692736905321 -5.65795080764021 3.14010632763383 -3.9290199473933 6.15899809393965 0.33012909589393 3.0968759457794 -4.70902478755252 -0.651497010648406 1.95733747870433 -5.38869098146089 9.73970519310981 -4.9386615214158
56307.589876 1.55738453929795 0.544062614377579 -3.04062 5.740289614 0.172494600826941 -0.54389518704092 -0.78301004484814 -3.55432832739202 -3.6427733866743 -1.35618615227787 2.38702486486608 -3.49147578383532 -2.45931340225717 -5.15256502944538 -1.00529648873564 -0.82597557356975 1.94759891653601 -1.27440215088462 -1.84877462246794 -0.641804243290032 -5.88451571405469
56309.613233 -1.76757740631684 0.586023804800931 -0.36741 5.739161921 0.177621446877512 -0.760635591310976 -1.62764200832265 -1.45188800667978 1.0824576265779 0.462259934108451 -4.01977958538841 -4.18957162904639 10.0400482530909 -0.0850968574993749 -2.15143468002686 1.44227340448512 -1.03616075019152 -3.84201451662205 -4.1176034585585 12.4417286684198 -8.3484176766825
56311.570758 0.265698845072419 0.709247925341613 -5.57872 5.742277398 0.17123764866144 -0.879690991922272 -1.09031875420946 -1.62304847472566 9.25766219971071 -6.32855746224535 5.77006199723916 -5.42918164249751 2.9450485428385 2.1499408352693 7.06470043173515 -5.91040007714325 2.19653338043947 0.903944794788192 -1.51818746770885 -0.125983189582251 -6.39079344819181
56318.576694 -1.38445709859234 0.613552408747084 -4.85597 5.742112899 0.173049512904692 -1.73296771606857 -2.05069707576903 -3.93708459721486 -4.51419229025887 -0.399026639755073 -1.11941858534329 -9.02056181091069 12.4197670102832 -0.22673906368796 -3.76931030549393 1.25957181264547 -2.02988362179584 -0.83097675500283 -8.8180163281029 10.8706150703917 -0.868387627848837
56321.63243 0.029281016412996 0.685897058114632 -2.16782 5.73975188 0.178800899828993 -1.26831966154931 -5.16039355271295 1.42074988666051 -2.54027430114677 -5.17093924729622 0.98220071089275 -2.87858627368414 8.75092417232429 5.64872666342191 -3.24842109846245 -5.7203595646371 2.53550385655771 -0.858193035787786 -3.37703460145056 8.95157704276326 -2.21422899272783
56324.616187 0.77356227473801 1.32213434236119 -4.29557 5.750095653 0.179634837872328 -0.876250908078395 1.79559836452314 -1.75941154979601 2.30118692390429 1.74877456643076 -0.76029932247898 0.07700212893613 -3.36536029151138 -12.2228904662979 1.56929311204288 3.44925862244249 0.93908077362304 -5.58830891438565 4.79632726811807 -4.61573276279176 -3.63450860284652
56326.581423 -1.10452800339404 0.833694674235897 -4.91185 5.745367899 0.175392204317252 -1.28600005189243 -8.90531006737915 0.79115561556668 -8.07690296093802 -7.92002443238388 1.34138572754871 2.50123231193649 -5.11058587852731 -9.83838791181648 -0.80031506706276 -6.49336628760905 -3.07131675046358 2.08788991296708 1.70141947310371 3.45533282869659 -16.2457629836137
56354.565299 -1.85241634433196 0.635230339416951 -3.28733 5.741928549 0.1731402030478 -1.69783221360119 -4.1699323055766 2.10635225037239 0.905450289874784 -2.53647239268667 -3.12652012118742 3.61477877043306 -0.46636979858183 -4.21281609411594 3.48515232891421 -1.64734539467903 -3.65555589951556 -2.63671827677111 5.00471867409597 1.05869271578725 -4.0553579208337
56355.544055 -2.17923552044489 0.670410002013545 -2.2995 5.747763576 0.174414064202462 -1.75939264617836 -3.46585895205925 1.92381060665712 3.14531551620328 -4.27114004206643 0.25309324531756 0.20945796581541 3.60845026367359 5.04379476092383 -1.64182774608139 -2.87864368032943 -1.31595705633273 1.58734831348395 -0.84945265788327 5.50014522555113 -4.45259680731257
56357.537526 0.0855419714981505 0.807261826925693 -2.67088 5.746224743 0.175592116987694 -1.53456134381604 -0.210107338944062 -3.20454130955934 0.523671907982004 -1.48084340354014 2.01449794666888 -5.00741103321387 2.10108546830656 0.787719013031528 3.23905199685177 -4.62426694649567 5.2509249701314 -1.53134510031651 -4.81714156045002 2.28210126222953 -1.67860785368584
56361.596993 1.42786577087896 0.770695932805028 -4.37955 5.7443207 0.184870721271124 -2.39579624147743 -1.19899021131875 -1.97548974230491 -3.89316795488355 1.48850507834633 -3.24628129940436 -0.118892866556499 -1.07148696117989 1.48740098925843 -2.3640770246077 3.02670788253501 -4.11971432924374 -1.37554997479188 0.794310002034059 0.320838514372558 -4.29143747857343
56365.527387 1.70008192252062 0.603821233081566 -1.5137 5.744503145 0.17870268082106 -0.888853474776636 -3.25605457825714 0.648792915956457 1.75917115682417 -3.53079222531655 -0.180291344316204 0.803066744202433 -0.17961392583147 4.44914624542813 2.02520374979321 -3.77059291082506 0.23078921560039 -2.11432273976675 2.37822447512131 -1.78778818465905 2.48679503053091
56367.50175 3.15296931841 0.58293664807405 -0.15302 5.744351433 0.175445434797073 -1.06119304922807 0.63464499236878 0.39285181047291 -5.04723548413148 1.34569439305729 0.65571164575187 -0.31293671846703 0.99083378971531 -6.02776000216331 -1.30450991048248 1.77259981883538 -2.00145299572546 3.28194565472819 -2.21820638876005 4.00534110309997 -5.09212104601844
56369.548626 0.685783370508748 0.624411774112288 -3.35766 5.746758995 0.177742937310257 -1.868996757746 0.0496224166059169 0.573062513392217 0.627842148578625 -0.095418575579157 0.022698696787428 -0.752899365246743 2.91941521435416 -5.26111518888953 1.96913445957516 1.56653648673912 -6.03971038596724 6.0402489771416 -4.02190011199148 3.57764033281783 3.13981542796189
56370.524929 -0.314884945734021 0.889192422279264 -3.2071 5.749542421 0.179204816890349 -1.52141401427479 -7.39859573198811 1.4347560645261 -3.71887948995227 -3.67992948423781 -5.00033605349171 -1.86654391075159 11.3054782315984 4.34585449422491 -5.07599804384836 -2.33107107866964 -2.8292274427221 -3.40961291826436 -2.65401312641978 10.01865474013 4.59700309478484
56371.553419 -1.35963190357704 0.729243063552297 0.651385 5.750088151 0.180068796194656 -2.71062158242602 -5.29876599614649 3.16812002486673 -1.80295823360338 -1.4542192941983 -6.05027924360175 3.51322324032125 5.00279574855316 2.10270245328981 0.46349241207402 -2.3752038699859 -2.19158933518093 -4.54412263386553 4.88061577419181 2.36499891852091 2.03948668615696
56373.502702 0.331098583563519 0.699609718985527 -1.25086 5.744623137 0.177278054392862 -1.43105826111003 -4.05711166746049 1.52059367660599 0.0351873208165498 -3.55516788764279 -0.887935118861357 -3.24349877411422 11.6002742379107 5.49740954558073 -1.52416024203793 -3.80668265617155 0.977880986676696 -1.94287918790093 -2.66568693747077 10.1579291841426 -3.12568617014686
56374.555139 -0.557114929500642 0.669839896466489 -2.9491 5.743613927 0.180719991218836 -0.496036174038519 -0.612475577255913 -0.0884416428652279 6.81974349061612 -0.23171625978787 -3.21901230124243 2.55518436071351 -2.79117664581101 -1.84504848525647 4.42196735355212 1.77669531554913 -6.13983058721944 0.61399488853425 1.70546043233217 1.61070627467141 -5.90504631139766
56384.554417 -2.19986768385114 1.15550731025565 -4.58401 5.746671946 0.165903076713448 -0.740368303221327 0.4139326552359 -2.00784251513422 7.16599708107881 -1.23874268748 0.40769556256213 -3.82604070468127 3.62450221429635 -17.2173799317848 8.67387874887381 -3.51024138684023 1.95168976301825 0.799289331980333 -6.38996415187474 7.64864368517482 -5.25681262666086
56385.519145 -4.69731809553901 0.81429221636102 -3.76749 5.741751179 0.166834141502673 -0.208941913443834 1.8074578194051 0.923234792288759 -2.70582611513431 2.96796409731149 -1.00237576885851 -0.42231503638785 4.07231025677066 -13.7475209719485 -0.10605926747418 2.87303644791693 1.54639541274709 -2.71153882413896 -0.64403382486053 4.10133195016936 2.52264176237088
56388.529339 -5.85084498987824 0.709840370601836 -1.58018 5.739194044 0.176702679450276 -0.59868404432034 -0.84257646515126 0.17578849611307 -1.69473961409139 0.37709452533184 -1.47003917063728 0.41215715725859 0.84236378905154 -2.79969304820869 1.16386044115808 -0.355898644545579 0.16138438289274 -2.21604210079168 1.64864895200825 1.85932678275592 -6.03291044615319
56389.531371 -3.75145000720644 0.65369061428316 -2.95772 5.739041879 0.17282244211813 -0.764732681397696 1.65200173810927 1.54892467603495 -2.16955713427524 1.85656608480045 0.42516329225059 -2.12307432838848 7.85867619674177 -3.08919017795312 0.71816126137013 0.47058239670954 2.61254343017936 -1.84592608130688 -0.1836521461552 4.65261495135808 -2.59077840797755
56390.513067 -2.01465026600234 0.644488716493231 -4.16217 5.739593071 0.172022986702851 -1.92840746976367 -0.576207706164 -2.361316736849 -0.152832920049278 0.898820581714221 -2.47840374926312 -1.95291605226836 1.40817015193223 -5.81094834584468 2.46573256239648 1.47978913346415 -2.83601831132433 -1.56773211570468 -2.11179330305855 4.57600734550974 -5.01634889269108
56391.512854 1.24278162183383 0.784717515013686 -0.8191 5.742542208 0.167457269571047 0.140431520802794 1.78114348979623 -1.04033929680672 3.51158554511353 0.735093498792495 0.5940347666412 -3.31371301092166 4.50835083345097 5.57432343156113 3.41572771808865 1.84136456012588 -1.67147539114527 -1.58267873028812 -5.92103740982102 13.1431934883607 -5.48649776008543
56396.504392 0.955379290156143 0.662242906501062 -5.37637 5.739985834 0.172155911784944 -2.53934530143702 -4.33614897411669 2.80168096662617 -0.53308856747802 -5.96010887816064 2.98216668779554 -2.01161541630972 8.03192569525487 -0.55342759237289 0.77629312672864 -7.18342271645142 6.89242704567183 -5.82912857218185 0.20959157207354 8.20624662892098 -2.39977415901507
56401.476103 -1.27180634915368 0.639391661214082 -5.00876 5.743282052 0.179006912298517 -0.489890733112988 0.37237002499116 -1.65241797303809 -1.74706118909482 2.01842391792627 -2.19875150501547 -2.64307142031365 4.30973647846417 -2.99995346277953 -1.40877840755033 0.63589606752864 2.05582423360207 -2.30123692705188 -3.33172740166294 5.71345594180393 -3.69151677238065
56402.469246 1.75348167118855 0.696417841773515 -4.89443 5.745144174 0.17789024391253 -0.764550432770448 -3.05332446522792 1.83762630305907 -2.49944308688558 -1.10003605161194 -2.45515340842553 1.74734863958049 2.52202836500631 -5.16541729932173 1.97568142399679 -2.35627014295794 -0.661532769578237 -1.63587549002636 2.14421442398194 1.2720307633379 0.89372548031663
56403.474033 1.24975405887279 0.797442856562476 -2.75247 5.744894854 0.178683372700141 -0.996676430998554 -1.78219894120139 1.99765311374325 -3.5812590758874 -0.427077533009172 -1.03120039521422 1.61731996896305 1.81750323953638 -3.94490421842828 -1.1518033635784 0.27393423386732 -3.45929039458979 2.88266034110597 -1.30054369717504 3.94149986958965 1.7408861002277
56520.926069 4.87584065145908 0.656294376172643 -1.24948 5.747638452 0.179280683859438 -0.273423501719991 -0.27984442584158 -2.8488693061164 0.809606853767869 -0.390644132424439 -0.114204210543 -3.59284445609574 1.72663562125159 2.08097376991811 -0.129608505508631 -1.52710847680508 3.65207848409919 -3.65462951623249 -3.73451570307416 4.21424623906257 -1.98442565030648
56521.937478 3.61415053352908 0.806441520821914 -2.595 5.746028347 0.179803048265064 0.847761360888115 2.2916418664687 -2.74465649254327 -2.62301851198157 6.22457653699925 -5.89923095898778 2.80142624934207 -6.58482240196521 -2.82281369684117 0.34340919511058 6.33226139924633 -3.83293900480525 -3.47822285287006 2.53168768955267 0.76480388509712 -11.3578062180674
56524.94544 -7.47060555011302 0.658120504386359 -3.13758 5.701592732 0.179050901787482 -0.385415638690884 3.87136282480849 -1.2556519886692 5.03667632181363 1.57713677998547 1.79947652740867 -2.08994105137188 0.23939017797843 0.850762355657901 6.1462645573399 -1.88185285581838 4.75144717257251 -1.11302552113147 -2.27759012053707 2.49105284199743 -5.30006684066172
56534.933324 0.632377320820398 0.52437794282664 -1.06333 5.736834058 0.177372206132306 -1.6760112673597 -0.12463580874756 -3.31081376078172 4.25505343122742 1.11072174292083 -3.77007225307524 -3.82690046244805 4.68529534110066 2.17559771478953 1.27486545215385 1.10953476720949 -1.02452959290645 -3.21564183364447 -2.64681669893995 3.04791176666642 -0.513308366482266
56538.901 2.1684385178855 0.822716583509977 -5.97473 5.748080032 0.179451475059238 1.60623049864445 2.78537865781367 -4.10904605524127 -3.94060913945637 4.48324568803318 -1.47810996270152 -8.26809010165086 10.5785454614226 -8.09297469036373 1.84593875046847 3.52599358191276 -0.81128500762584 -0.85606684011251 -8.19598806957878 7.63754192897205 2.35226078874583
56543.899816 2.09255441421947 0.646423531446951 -3.12883 5.747321842 0.176695700138892 0.854092356180871 0.82702846126893 -3.20033339776432 4.55894568905774 -0.0726151326576199 -0.16632275503719 -1.31468386209548 -3.99856155455641 6.32411856043826 1.42263321728801 0.78129392157814 -1.19302867321177 -0.52985204456105 -0.35814007763711 -2.20284618716496 -4.40758992954221
56585.836853 -2.99423010739042 0.745953895740374 -4.54548 5.748963445 0.177781794262614 0.134828494735182 -0.71048294466242 -5.70917838072934 2.95801545466315 -3.63332657622228 3.98106543596965 -3.50663307153266 -9.28990522932518 -5.45156739469029 4.25021497869607 -3.31557156154384 -0.97022581143167 5.0642883189935 -6.34135319081095 -2.73542812298317 -3.82036441295056
56586.818351 -1.01897186210985 0.828128327885821 -3.15472 5.749813809 0.173607864858369 0.0986086672079993 -0.559799464303504 -1.93674193808532 1.46512951710832 -0.567421761728179 -0.533126841404261 -1.27577548057979 -0.96573780503876 -5.45443337205749 -0.803610876950657 0.936790103268298 -0.841663802996347 -0.432163972355779 0.439071371806218 0.57049943701722 -10.6737346816308
56590.790489 2.44865236160693 1.51858891829349 -1.37119 5.756851038 0.165768789356547 0.401422237267814 -2.37964955020992 2.19358403346469 -9.26912812343826 -0.82321687141256 0.38765209781685 -1.3447005658698 7.39501944922325 -7.03422419899966 -1.38732563761382 1.21295189857117 -2.75322984621955 -1.90385925943185 -1.74099533421236 13.0381788980023 -7.6864356638242
56591.805309 -2.38405956972851 0.864061494403611 -2.6966 5.746515814 0.172253241484587 -0.260161878095161 -2.19719862087396 1.47099649369681 1.35594132783568 -3.58252458057028 1.91991556633677 -0.90211957609488 3.42472788530893 10.3432882749557 -5.2564811696866 -2.16261516620421 1.81414342464363 0.21273795604295 -1.08839275524629 2.80165339710897 1.27979407147625
56593.849 0.393338713813948 0.782416797334209 -4.03321 5.749176888 0.179923811350808 -0.903239000511125 0.341540388687773 -0.15676278635756 -0.699771265986362 -1.18301268523791 2.89916673617489 -0.39224055151893 -2.20420824922059 0.618481869976632 0.00779725999205 -1.95515244303758 3.21525696724172 0.0217130141192901 -0.47847720347156 -0.932728874444615 -0.680516635303759
56596.788552 -2.94066010893129 0.822273482810257 -4.91524 5.75360877 0.180928359551888 -1.37763323537262 -2.58369106730886 -1.35086981149145 -3.98103707727071 -1.27587207505715 -0.75382553932451 0.1904297220415 -2.71978490516114 4.33841686828154 -5.2097899586384 -1.29276844699043 2.84484958491367 -3.84090085606427 0.932361632358029 -1.77967021227054 1.21642944833114
56600.824534 3.22725269880315 0.597962658003826 -4.28176 5.747158686 0.181036455827385 1.09767765738457 -0.14525432770579 -3.46663490879428 1.84019882297515 0.21283094923544 -1.31422495503723 -3.33491340320947 0.971975862759263 4.51353892197858 -2.56148357642479 1.75830126084503 -2.15919651133663 0.75832793050678 -3.66096675462647 0.22464420066798 1.25553880923455
56603.850094 7.4594905132293 0.809778817830934 -6.69774 5.752757328 0.177821563287372 1.4598864639971 -0.68663118633056 -2.86532433631158 3.04476002180524 -2.25004583911001 1.61457449179222 -2.31920419250268 -2.69249032791135 5.25359900733204 -1.17421229424292 -1.1231194371276 -0.571516184609631 2.36616618114818 -2.7668423980972 -1.52596548137804 -2.35693859880092
56608.809324 -1.46009229873378 0.651567507349974 2.00291 5.750262704 0.181262181672601 0.614109204376742 0.582604981632569 -4.09547423293192 0.107450498287763 0.565674763133647 -0.010185325470173 -5.49247839925337 3.14228758085044 4.50981403730101 -0.918875029584813 1.08236337314299 -2.81874047480172 3.89714581672126 -7.1899436873537 -0.10548161385134 7.8807947724309
56609.822154 -2.8839065102221 0.57213275823416 0.658568 5.746125573 0.179164900622409 -0.416526921508656 0.22795418699689 -2.7046998748202 -1.12772649334381 0.66392185884406 -0.3294366083912 -2.67719133204664 0.24954488504332 -6.38104291869179 1.82055337485185 0.48521918470395 -0.17633197592936 -0.96011418181768 -2.16751607844679 -0.71089317463723 2.5056094588352
56613.783717 -4.05863292998817 0.670751302098942 -4.84002 5.745073721 0.17841523266038 0.529323583609105 -0.03781853922314 -1.65899600599924 -3.52567936074841 2.35457594367355 -2.82142037837581 1.47379675941603 -4.32657860470679 -7.04668111675521 -1.01137361591484 2.33513898967093 0.17712016513403 -3.94615041559906 0.66971272803215 1.05698856749663 -2.74524972436528
