Time RV eRV Halpha NaD1 NaD2 BIS FWHM S-index C3AP2-1 3AP2-1 3AP3-2 6AP2-1 6AP3-2 6AP4-3 6AP5-4 6AP6-5 9AP2-1 9AP3-2 9AP4-3 9AP5-4 9AP6-5 9AP7-6 9AP8-7 9AP9-8
53051.609499 4.41012619840147 0.739564609223427 0.984667621923344 0.788603497641575 0.543307948425246 -36.47863 7.156292939 0.155702110367206 -2.58802526699621 -3.93918731870255 1.46150189834625 -2.20872582789849 -3.37395841927329 0.133131844138 -0.1030153787176 3.66866298649418 1.31842347585556 -1.59824491192833 -1.77782446998357 -3.49275360471341 2.15120230005772 0.9550614675163 -2.08638142650495 7.12651376267394
53066.604745 0.573996168166951 0.532121810600388 0.985431462524524 0.786786545719955 0.544373812563802 -32.40171 7.160941453 0.151362988020147 -3.04575558684279 -3.80817710382254 0.925617824415897 1.98382093413011 -5.00585698041861 1.28125892632404 0.107509506993762 0.388239744067573 0.0739288981050299 -0.47840228440269 -4.61436108733071 2.54661224348269 -1.91454957833801 0.929680569914031 3.19327192794276 -6.33597582689992
53765.630976 -0.518161236510194 0.327463970990676 0.988300431293432 0.786186175059184 0.527098157848535 -32.48155 7.157449408 0.156281431812439 0.42892989728504 0.532119983414253 2.14391922383375 -0.546763001857828 0.432353689963281 0.581446648558005 1.20008424967362 1.48427155262562 -0.94545412984727 2.40002778399017 -0.714808816108339 -0.141204314214802 1.08130442941823 1.39399865017874 -1.88744890376615 5.44832619446399
53809.567258 -9.59915247972097 0.366299334506481 0.988468541179407 0.788618708725278 0.537776695746345 -33.1544 7.158093195 0.15596451117268 1.14301697097564 -0.31642772341929 -0.9635064760931 0.504451287437819 -0.193027108445619 -0.562249051341601 -1.06597279180152 0.93735082023078 2.4955962102895 -1.33414221051887 -0.467781490778831 0.717561193719071 0.0993071514262791 -1.79944198690575 0.515989967274601 1.09138336914151
53833.57366 -14.8063002978273 0.409044027928898 0.988698103278947 0.788892396191287 0.540203138750889 -35.68272 7.160771659 0.15600866990889 -0.125845509569101 0.358663815098099 -1.1101244089796 -2.7558971234817 1.0708626620131 0.0601910832443995 -0.426524168823699 -1.6554157352619 -7.13335846846127 0.4722110387222 1.0402923520654 -0.890258830820301 1.7085569623079 -1.4503437164615 -0.8630041566024 -0.2746570901921
53863.511653 -0.447749146473042 0.366568752853742 0.988746522648229 0.789797508235143 0.539358007534606 -32.64461 7.160638544 0.1562504654991 0.60344483918676 0.129776340598633 0.74214415573696 2.27209467447382 -1.32318423563879 1.74203433420623 0.106914998018382 -0.631305878763572 4.97707532506629 -1.8085175229513 -0.054907304753417 -0.0400702590580739 1.50575215614169 -0.076572191350299 -0.218794300124427 -0.499059113298469
53865.48205 -19.6718129335573 0.340022687848592 0.989417762918263 0.790200366548369 0.538535841707041 -33.61521 7.158395533 0.155929662902872 0.660378129172298 1.3238741986358 3.0504027874513 -0.6384033904645 1.5946445388015 -0.190691433335399 2.3183582120887 1.9858177642252 1.7601206932346 -0.5718417774995 2.0977160415223 -1.7974580043444 1.2777258748821 1.699309711006 2.4407812355069 -0.738143576342699
53866.474025 -16.181116000555 0.327102541372735 0.985315833817815 0.789474529292014 0.545900836074654 -33.24502 7.158011538 0.156400743912691 1.31531279799858 0.9778438208143 1.4455862030352 -0.277429557885799 1.1237657428507 -0.140370273898299 0.489034505870299 2.4657817281578 0.918515632398901 1.0425781366999 0.0631579093514993 0.510488909013102 -0.053466922471701 0.4182043814557 1.0841750877837 1.5483846242294
53867.507134 -1.96730694328388 0.415005697194906 0.987997798364226 0.7891465892604 0.539077657312777 -35.92803 7.160726984 0.155931220003986 0.100680339269887 -1.10582317636246 3.09450855988834 1.80813469630352 -1.58367160745082 -0.0117342568526904 2.38751562218812 1.66102224968871 -3.26042918369654 1.66177579468424 -1.06243930104251 -0.64077780194299 -0.0427962803408803 1.34291249725646 5.02811989078086 -3.34255501234408
53868.481403 -5.17513355613041 0.392412670640109 0.986632262697723 0.787218147291515 0.544737113474376 -35.11336 7.15995945 0.155957299034205 0.207432526223015 0.13627118132048 -0.0248442409471696 -1.88077808902363 1.3376536995088 -1.42591890706347 1.36251588544866 -1.54669572051952 -2.1900740324747 -1.43469149704118 0.70971694826472 1.65379299292214 -2.29337793858697 1.26145664759828 0.211113819933259 -2.05559709047106
53869.484549 -19.2963011927073 0.354664861757205 0.986689218516964 0.787645746507998 0.543735823695621 -33.72561 7.158497537 0.155840745457122 0.655650879799265 -0.4801029247717 1.1140684219408 -1.0156705848393 0.0886731725736993 -0.600883686647201 1.7508417859415 -0.7608542194295 -0.0461531970329006 -0.773425258022201 0.014244548262198 1.4804125268429 -3.5224198817062 3.9063513349866 -1.1958834006879 -1.2867937776627
53870.465405 -14.520459842541 0.465978510315526 0.987090337177877 0.787435545116534 0.544937028809273 -35.32591 7.159980438 0.155908617080685 0.953592516355382 0.5008488985069 1.4305791776258 1.6348932835232 -0.1345702295972 0.392854770298699 1.3712344982139 -0.350806900093 0.898917100614202 2.40079467816 -0.892255672434899 -0.7303267891887 2.0550975585775 1.173527346894 -3.1804282718113 3.9690689778685
53871.482197 -3.27884124906335 0.407825717003501 0.989624345369644 0.788961768095 0.54162173103238 -33.82042 7.160843204 0.154892482123417 -0.454423944804797 0.0210063061459702 1.16891164105719 2.33180388426965 -0.44906078666935 -0.32949869239324 1.51565158358339 -0.41369642442752 4.10866230216924 0.52100657629645 -1.11135288543595 0.85727127260903 -0.40269764034005 0.71099448962573 0.7009532949125 0.22066407071751
53882.484971 -16.5380497961456 0.610052601342702 0.992222763302917 0.787378377034197 0.530800381320954 -34.9939 7.163531585 0.156387788336968 1.31075886230599 3.2907806556796 1.3115484353137 -0.598859066148101 2.6330808079797 1.6219238601488 -0.1736119792001 1.5650519776671 3.5999265645969 -2.6499983098606 3.2920753816843 2.2269554056603 -2.0311765908388 1.2318238674864 1.1189723683724 0.349602066704101
53883.452411 -5.19194894305228 0.471606448423462 0.987063286939919 0.788084746878634 0.539841268893976 -32.90708 7.159782333 0.156160164541036 1.06640860634808 1.06640860634808 3.14617966953802 3.04174503111962 0.22631197262624 0.0812978632369701 1.00896775343116 4.86743338462733 4.87200005299806 -0.152122047154799 -0.287554197884781 2.12215677465629 -1.52816742273198 1.08524968136962 3.57230128724205 1.98244373118351
53883.459749 -5.55442847163628 0.462735354470387 0.987218724312982 0.786564544922649 0.538175645707275 -35.09608 7.160394052 0.155224350308551 0.10763325027429 0.10763325027429 2.65791193307154 -1.15718587892825 -0.14597406931493 1.15604443545835 0.95732626642794 2.58195624549214 1.21721596044111 0.18818992233075 0.31637790289999 -1.49106244945508 1.6581350343889 0.772862644129869 3.91700595978224 -4.01060169044462
53883.467029 -4.71696558522014 0.448630852287447 0.987788329696074 0.787806795009789 0.538958815321347 -34.01256 7.159831362 0.154171832649713 1.58838975096239 1.58838975096239 1.27162377577414 1.26718686197088 0.85220013541201 0.78662417061493 0.31595857782771 1.30705502441619 -0.41097705479915 2.39377532431393 0.0334458716385599 0.34815709131947 0.90409331967355 -0.5948157254462 2.90913940942417 -2.11379738183123
53883.474366 -4.91983967927077 0.439571984861064 0.986433493599505 0.78917411329671 0.533076876194713 -33.75466 7.158900071 0.154972688146127 0.46018303716281 0.46018303716281 2.58261560760044 0.66879945184519 -0.54358232278831 1.67796388494025 1.97294251429825 -0.58402708173817 -0.0667612965134108 2.83369974808388 -1.78623725300741 1.59359944555158 -0.154421467149381 2.25114868014592 -0.52001769101579 0.64455684261262
53883.481716 -4.59538225582353 0.447974672123043 0.988134521270474 0.791309170226154 0.536987764827078 -34.36725 7.160239011 0.155887583471155 1.29794134160658 1.29794134160658 1.26504401724219 -3.2624283160131 1.11941472294705 2.15244189834408 0.37498152141208 -0.49407226590149 1.26787751629706 -2.99297702534171 2.09212210850435 -0.10002784418607 1.57244308883566 0.39287687934914 0.87029798990432 -3.22819269131047
53883.488984 -3.3829239927039 0.487803056606676 0.989599981047105 0.788920527393896 0.53768113509833 -34.84073 7.160448001 0.153873300538929 1.46869463491823 1.46869463491823 -0.60887328499143 3.35796511989964 -0.19553326848127 1.59386689309517 -4.22382498075481 6.74151371810485 1.48979666059304 1.44356995776749 -0.28655344150283 1.72682324345593 -0.48995181048213 -4.69886855436811 8.03829017325251 -2.0302727060252
53883.496356 -4.13722074667471 0.51224462633256 0.989980765126641 0.788749102301333 0.534405853473567 -35.23019 7.162196776 0.154426028846544 1.63221614357668 1.63221614357668 0.89329752345041 0.91597214371741 0.63759260203372 1.53324974721447 -1.58267660113474 4.01172548967243 2.34341977346054 1.38151475712066 1.5687416900685 -2.32724359464101 2.17495620897253 -2.22650878439638 5.0622701694175 -1.07480752739653
53883.503787 -3.54224225609859 0.55640800126573 0.987808168265817 0.789426604855799 0.534402308638074 -34.15568 7.164484697 0.157163446048787 2.67426702818247 2.67426702818247 1.80636304991819 1.85332357685344 0.275481153826529 3.87023985892931 -2.7827403640471 6.23175751520005 -5.86481183600282 4.28201929742033 0.2823531629254 -0.45884290409382 4.50229623571101 -4.06257777176358 6.20545417182557 -1.67616274286248
53883.510395 -6.58176858639379 0.750538463506447 0.990888997772589 0.790497756405965 0.535984522942454 -36.7624 7.162215023 0.150368093323669 0.771619089565542 4.48852474647929 3.21662310771202 2.3589611749383 3.41105288452538 1.08060013000646 1.23523378622774 3.48587199378021 -23.1050123909598 10.3587077037693 1.85632691317856 0.37080945697271 0.19025219320908 0.16511117880639 4.86755436710636 1.19141559133597
53884.449562 -0.926986383483589 0.427445499868072 0.987987585607727 0.786929526215201 0.537382915614392 -33.77436 7.160470935 0.155442760676148 0.736296562377402 1.12408485287216 1.03757343290305 2.62432119324406 1.31866939597216 -1.84860133429016 1.96870957672938 0.024475315872428 2.64909532855132 1.26223429429238 1.45224608144121 -1.66975077262463 -0.53184970473949 0.887630478800703 2.59712096567267 -1.18974955673101
53887.455764 -4.68162107100129 0.934210630646321 0.992494260519498 0.783803783726027 0.531988778705112 -31.60033 7.16478402 0.151438943482704 0.615777729537958 -1.21182831715051 2.8826620290037 -0.0451699709014397 -1.88625761895214 1.3581347821639 1.38217420880754 1.92170741745003 -8.02151539736517 5.32248227649228 -3.98166041155636 0.15115641838873 3.4926736127076 -0.24432302497781 2.11835005561475 -2.13742517247191
53887.462419 -6.26071405915734 0.828598243237786 0.988627698539116 0.787716771730451 0.526356072118331 -34.38117 7.163053486 0.153626662541546 1.98456415376192 1.98456415376192 0.22483819061978 0.43875865280887 4.63152725624928 -5.46103010549523 3.50346041888891 -1.30642283235261 -1.17909534743792 -0.27739198028491 4.30176657705601 -2.41563871561477 -1.68807027158869 2.35602849020154 2.88764692188835 -8.03521481496916
53887.467928 -5.03890852585311 0.744200539737591 0.989456787793939 0.787952996464435 0.526916427556279 -36.48262 7.16325092 0.15563469769751 4.80226160492888 4.80226160492888 0.80137032829759 7.87667746550521 3.46203990967607 -1.20023315109869 -0.14590512056905 3.57985658471512 5.3114685033536 2.9545157362316 3.91154203614774 -0.0972413472181497 -2.66470132515099 2.49507222811527 -0.51145654538363 2.10357685258016
53887.474491 -5.35712052490089 0.851569958980314 0.993702959827517 0.789544958858136 0.526101006220924 -33.4356 7.167955677 0.156675047936089 -0.543336154511479 -0.543336154511479 4.3814843042816 -0.710716745311569 -1.30520828432911 1.81608187344028 2.7559682624926 1.71416719556682 -7.60977193069938 4.59754783078765 -4.07647387909928 2.68982822165452 1.6899129046122 1.28522739045944 1.56700795856383 0.794834599722497
53887.480439 -4.23060145707315 0.879815593985269 0.992501304559411 0.787426740314852 0.526337723064786 -31.5101 7.159428794 0.154704402108548 0.71835019556177 0.71835019556177 3.1519182544059 3.12323169547773 0.60339330549292 -1.22716814479502 4.67329615003929 -2.12544842583468 14.1910113910028 -4.06501216640183 1.48349477930967 -1.15584770043698 1.33183344353898 3.85589265322559 -4.15783684359542 4.99744781673011
53887.486585 -3.05704038330811 1.00159508280537 0.992724088590464 0.78877489969274 0.522125135318115 -27.93681 7.167739279 0.151728652919209 0.29900067530077 0.29900067530077 2.26495795994631 -0.55921226418677 -0.26442610625274 1.34699407908348 4.27635342528313 -6.12454821289921 12.0533844351534 -9.80413852025843 1.36312319401261 3.3072797857659 -0.66825229815494 1.89230448450983 3.39948821446613 -10.2509587205546
53887.49302 -4.17273453756182 1.33633477506683 0.992026512278595 0.787349169507192 0.516900161325956 -26.78634 7.165476299 0.149395220455278 0.709261340942196 6.28723205651871 4.55173557137981 -10.7385984304346 10.2788219351506 -3.40671636764771 3.73236583195874 5.3294729936021 -0.418192778324911 -6.51860350002549 8.0136477027696 3.64403413693227 -4.81840877743652 2.5027431722298 4.63930569162858 6.54190445877147
54078.726917 -12.268640193932 0.550736924558194 0.978618939018307 0.785760252170506 0.547093248170841 -34.49194 7.158166887 0.152189274912549 1.52241034135035 0.7890253194698 0.208307702972201 2.8556161414801 -0.117218796721799 0.216873772018999 -0.1855245971791 0.6781016909383 3.0569373887247 1.3819008237765 0.226540404762599 -2.553101127022 3.7519503721485 -2.2765108226894 2.0175730451028 -1.1703550352978
54080.750257 -1.92947545265822 0.564843472012039 0.979743992502768 0.782763760708442 0.549191190041226 -37.63829 7.160576515 0.152805648892228 1.05919095282634 3.07014071662585 -0.590404598973144 0.813555603110081 3.13653979857454 -0.608617836940804 1.2869274963807 -3.73962877062311 -2.99837701862601 3.05549462063912 1.86667709226407 0.840179258317454 -1.2848536801337 1.79373713146084 -1.4877255900163 -5.3174252876898
54082.754126 -14.2187236693563 0.422022806865797 0.980571876097441 0.784659365540119 0.548600335199352 -35.0139 7.160759133 0.152721438790172 0.327986447882974 1.6938160005564 -2.5198978514978 -1.983403391856 2.3818862162456 -0.300024652281399 -1.8794410732882 -1.1634762454493 -3.6818942209782 0.181791541915599 1.7027592626999 0.2738732978877 0.608087628863201 -3.6875611671449 1.5313765879224 -0.7970723363524
54114.686247 -15.6812734453607 0.466157250491326 0.981865199445816 0.781929852597115 0.538596747308855 -34.94886 7.158707303 0.155888705288379 1.92419167614591 -0.360254313840301 3.3734886019594 1.7932078651289 -2.0094833253089 2.4041385067286 2.533804511133 -1.0101527482017 1.8968858247738 2.2404549036682 -2.8198778533839 1.4840861417907 0.8571250816985 2.0305619836164 0.0123260496973998 0.867519155861199
54117.673267 -3.16442269505883 0.587499266075846 0.983374656426522 0.782110223622311 0.540239270244825 -32.62798 7.160715349 0.15392175886574 1.68266536360098 1.7920992920246 -0.0919101744540698 -2.13852684433915 1.51129059336816 1.79733978685868 -1.35866505173328 0.80568248422544 -4.91924413721812 0.44210775528984 -0.3089443177553 3.27819612116004 1.37846547044663 -2.55515002389562 0.70661234085749 -0.46773766299131
54117.679459 -3.93254199577332 0.576311686920655 0.979229567749493 0.783635024156609 0.538675708812535 -36.78817 7.163762174 0.155775442786488 2.24536621031811 2.97161900484538 -1.79634052481134 -0.37962240671608 2.83515182569525 0.50142924706702 -0.85492807545736 -2.88665772846985 -8.52263289438024 3.9715873497984 1.24496533779766 0.7178522064021 1.45786301788912 -0.51419557049161 -3.45941033070472 -4.13004799323204
54135.627318 -14.8724846606008 0.419421339930175 0.982483589569651 0.786025737883243 0.545939082066075 -33.65863 7.163676226 0.156190167126363 0.73222582931656 -0.4816877135382 2.3438807953303 2.5612872457753 -0.475027675405499 -1.5002847768163 2.925647012894 0.4598666981226 6.3071013129837 -0.473477910186501 0.865796893135101 -3.2656555078424 0.483575703580701 3.193558072743 -1.3762357878265 3.7966526815944
54142.622952 -10.1489258083061 0.398587095632271 0.985072573134861 0.786471297866831 0.54381835432124 -34.90447 7.159345369 0.156014899561356 0.781131947360188 -0.409873094747001 2.3809580665717 -0.169749445649099 -0.652227608446101 0.613929953391301 2.36285567775507 -0.736915282034891 -3.49940093261714 1.79984622221836 -1.94494319527246 2.5515245092369 -1.5072963128505 3.28538653806992 -2.28467501993131 1.84165045115583
54166.542422 -0.316276392913528 0.532047721602252 0.99658565038035 0.791701043636034 0.528459259043106 -34.00274 7.162079529 0.156921355188392 1.27733603889558 1.14941628730921 0.592005502017625 -3.37150390316188 2.86932448909317 -1.61193246774734 1.21170421801303 0.512265975268858 -0.37245146205184 -5.7279404860632 3.80367903706878 -0.134882318594435 0.585436900455206 -0.322446393715028 0.887228070432763 0.432578007691755
54168.571115 -15.097938091081 0.329586380861352 0.989175393373873 0.789060977300856 0.538945075884523 -36.02878 7.159784562 0.155238735497568 1.20354924819817 0.954516674834899 1.1962783342779 1.7424981929584 0.8439594614357 -0.845180624496001 1.9499135475635 -0.705866814185001 1.5185642674667 0.1254695540066 0.6901072617331 0.1453155408214 -0.2707104944379 1.7960038280422 -1.2003040865701 0.849903611186901
54170.53422 -0.560681854216473 0.408001888700713 0.987852991216412 0.78882998515421 0.537512242239544 -33.31388 7.160926071 0.156448070608804 1.27657861678814 0.703091494872736 0.218962856974184 0.16043157063487 0.034154595987225 1.32507557452476 0.3774262183575 -2.05358347731062 -2.86149176696363 3.25054576255881 -0.685777585472833 -2.09492040419308 5.00815000187476 -2.34577940490299 0.261965275581757 -1.45566145509799
54172.531533 -16.0187032104393 0.331934528851595 0.989267455730358 0.788363227432966 0.537180601716209 -34.41281 7.160266568 0.155751341205864 1.73174706888641 1.1386121905625 -0.512341172170801 -0.283222193709001 0.823025330345802 0.8446007110546 -0.9368500928832 -0.0551199683321002 -2.5484447280273 0.175668877612999 0.9162585392127 0.1645066416276 1.2253606586302 -1.7974397343693 -0.369876449669501 2.8543033375507
54174.565186 -0.684577691439362 0.391272130820178 0.991786571968061 0.791668321520631 0.533873239708941 -33.46805 7.162879669 0.155990284825168 1.67098646332871 -0.213691521830327 -0.790007090821263 -1.86356030767428 1.17323569551427 -1.79554045047446 0.864258868308433 -1.67282829304875 1.57494846380363 -2.91130753681787 1.67245233629581 0.617096504409091 -3.66767115576467 1.72203269206237 -1.25600441801712 2.52795260462758
54194.532595 0.935770736748603 0.373284432018884 0.986978514429604 0.787681633966957 0.542918966059331 -34.91246 7.162544274 0.156134563796956 0.724417297790485 0.707093207607454 -0.615948147653138 2.46555285430981 -0.516408721064372 1.1150770810212 -1.06618289569242 -0.319798483160219 2.1794800317687 1.61309320309187 -1.09043299099216 0.139391265799127 2.29253504961334 -2.05019681704605 -0.701916253405585 0.738888638301499
54196.534946 -16.60761843349 0.459483797313041 0.989909866217477 0.791195132479645 0.536959444371167 -32.58308 7.160761754 0.156412195127382 0.754848984336745 2.1084256290675 -0.617933174412899 1.1259083247369 1.1516970521231 1.3416857838299 -0.2887390515234 -2.4488039477583 3.4339878803434 0.367370971136399 0.518905795023102 1.0055623010608 1.244954999038 -0.826171619024299 -1.4560047360757 -1.4011576274414
54197.561837 -8.36461712106421 0.446779323052884 0.990945694329494 0.790617513326592 0.536515414175376 -36.82516 7.163646626 0.154971066623654 1.28910796524453 0.75849934128099 1.64047385490141 1.76413757634717 1.65945555262202 -2.81178058410661 2.4669752326187 1.41730639304638 2.8603035388545 0.134451377665101 1.71932813427771 -1.52108167294196 -1.27586785200029 3.24246590539494 -1.32424474848126 2.74393453004366
54198.52923 1.97079537137124 0.343099583691093 0.993234890992672 0.791417801328921 0.538902303714947 -34.34869 7.164185262 0.156102228785999 0.326658073326479 0.07507940650226 0.49695109650553 -0.80226195044057 0.40300139106643 -0.21608124549709 -0.54711135697408 2.79021565731997 -1.62632181786655 0.0917183031358599 0.50790682107724 -1.08814066032137 1.34469221909623 -1.10637125823219 1.43151352078134 1.78606215713838
54199.531205 -5.84363873140871 0.364597699496372 0.992714307273321 0.791844920291251 0.53510240821094 -33.73023 7.161924854 0.155389026926563 2.73880503664633 1.22142679531897 -0.426353529272441 -0.459930459175389 0.99557773890838 0.75263229196785 -0.80191752313737 -0.0514706079551397 -0.77451399937515 -0.35807348765496 0.61188789625782 2.70270692614993 -2.66286003848094 -0.0262528877478294 -0.316260598928491 3.20202376246662
54200.553386 -15.9094443955365 0.358620466114636 0.994404951300848 0.792655618665171 0.53386768933213 -34.55497 7.162565061 0.154820431341205 0.325023859401085 0.1307222209606 -2.2353086736308 0.684839070572203 0.363937981379099 -0.8979093287669 -0.2989978130624 -3.4317204945934 -5.6895299030354 2.1452562444642 -0.0187779141791999 -0.0040281166664986 -0.4900906918116 -0.1603731092906 -2.670481432146 -1.710943134614
54202.521978 1.85239721093236 0.390421251449944 0.988163842838523 0.789802847690815 0.540933894482316 -33.00468 7.164395575 0.154789432433752 1.46612569831726 -0.51664376368912 1.35013043528067 -2.14378458746355 1.04257233100112 -2.0144526981901 4.87032646064458 -5.85823300509954 0.0414343659523202 -0.1878913964783 -0.41653818072734 1.32787365896009 -2.7921086520487 5.38960346411115 -3.33731216959066 -4.34217714994574
54225.500305 -15.2074728662145 0.573803132123625 0.985544593701131 0.785242976577112 0.542242242966636 -35.22365 7.166036727 0.155634195136245 0.93619366936061 2.1983806551994 -0.8236007413376 4.1609986342924 0.310140931381701 1.5794919681868 0.855697522064201 -5.7529100146905 1.3971827201493 4.8516133934894 -0.882600385146 1.2181441384611 -0.139287278274301 -0.535103582920801 1.3978789072325 -6.9724835453759
54228.520504 -9.6763694293035 0.571122205529195 0.982845360235523 0.786529237060808 0.547003837918777 -34.33215 7.167283925 0.153008273655979 2.03066682236157 2.76288935352652 1.14949261791729 3.8862990489708 1.16305876417442 1.17420231413639 0.711289114346719 -0.33353277246046 2.0251833912911 1.5608627589009 1.56985792967159 -0.585250981558652 2.03000935326545 0.21416274577417 2.53687162162395 -7.81664230848771
54229.505742 -13.4160881354198 0.527205897298371 0.988389951619451 0.790263505752798 0.539583155630907 -35.73824 7.168823086 0.152923790628552 0.936368405893794 0.201927417758901 -2.2731801097578 -0.540357692785101 0.6849098025512 -0.6846409838695 -3.9015852542365 4.603681151586 -4.3489601125033 0.0544915279053999 1.5613680981628 -1.5215837760636 0.205963980118899 -4.2710671898754 4.9295510732937 -1.2911269416748
54231.500884 3.31404300095933 0.51181216558547 0.984220682805623 0.789202400249527 0.546408746667948 -34.51347 7.163882061 0.15705134545389 1.06926100510276 1.18418689056224 -2.52711928288931 -1.1760005454742 1.62452528842193 -0.25155376373967 -0.62504960971119 -4.17341340994572 4.54360829794968 -3.98238954814468 2.33731448016671 0.61498404815364 -0.81786385916784 0.10758233206892 -5.00503180995692 1.95071192514062
54232.495742 -7.71614158444407 0.733500172725448 0.987185395496722 0.790393989461557 0.538416035843147 -36.29822 7.165854478 0.156147515735527 0.0605770658766472 -1.47279245186558 4.24814782989511 -2.40797220450093 -1.70067574682716 1.64369788137661 1.83899049997652 3.76037838912075 6.47345144915755 -3.18813580032742 -2.17096280817193 2.63540481627788 -0.857197317751559 3.43866212186155 -0.72731954505368 4.19513665238998
54254.444383 -9.84092169758499 0.624376410581682 0.985951610312386 0.787799337253488 0.541683822499277 -33.70664 7.168535953 0.153293987531431 0.846896477988772 1.45221837994463 0.8808582265189 0.3480744455512 3.24926702809762 -3.76960573368692 2.67782354345817 0.203452573282641 -1.5436993034485 1.0376693636284 2.2815683702093 -1.47136687218531 -0.58917406731449 2.99853469399989 -3.84251752563379 4.24106367612519
54259.45487 1.33562070280818 0.607217134389475 0.984155272002771 0.786210638510695 0.541111967311844 -31.86769 7.166204066 0.153643159124309 1.42479471332019 4.13204498230859 0.7340124098153 3.17955981890693 3.00799411532582 0.6344830216384 2.4092912493256 -4.66195565911455 5.20738680350818 1.06258383758082 2.27541679324114 -0.0231638704543902 2.69870182957781 0.0790438478043995 -3.48736230678427 3.48479108728059
54316.925202 3.37853471411374 0.556109662331954 0.975031614499917 0.783338103404447 0.548321046760918 -34.68231 7.169104503 0.156552308400288 -1.8785735480572 -0.0828746812805301 1.50090930646432 1.72352527443007 0.928715017186191 -2.98860819022561 1.71569141395924 3.1102220177061 1.76117487824279 1.23167293833756 -0.31113365253071 0.830750094245 -3.36188105848411 2.79847118049434 0.61448987430054 1.99449528780725
54342.910176 -8.84824037010705 0.378992091853468 0.976624411868228 0.784498835153789 0.545578989743247 -35.12188 7.165292918 0.154119401071282 -0.365258214419474 -2.80680150774999 0.421799477495719 -1.69175254168687 -1.8212217180386 -1.10125044537428 -0.336252717918899 3.20764002212073 1.20472415282514 -1.55275488250291 -1.15831855870009 -1.62292938737128 -0.2904119069541 0.514360028852099 -0.848523741484499 6.40426055212927
54344.912674 -1.97790972208022 0.367507045521141 0.97971597921296 0.785245410685241 0.549533248874915 -34.61854 7.164397004 0.155656471898274 0.331224257499854 0.0884004884590401 -0.86796677888718 -2.74960973189918 1.32580264930408 -0.96571193629146 0.11436376310581 -1.11798322222299 0.66377138192314 -1.25063889856896 0.75173379284382 1.11381957989568 -2.90707448881996 0.20993206373727 1.79501107298976 -2.06355933449841
54345.911824 4.11384496375958 0.36895501827087 0.978436331498512 0.783538091510629 0.544251548430869 -35.23749 7.163843801 0.155152851836172 -0.740471601123338 -1.70668154299247 -1.39707996399002 2.2250823575855 -2.85133692434543 1.12500648531133 -3.79093622899928 4.30188374004435 0.572686797358149 1.49862550188211 -3.42972934258237 2.08049706497405 -1.09057567327393 -3.10502666527257 1.33233851490809 5.27954496100333
54346.891228 -5.8325215561004 1.13592955625917 0.975483076766241 0.780191498152142 0.542838532561303 -35.37222 7.1665081 0.15730081927712 0.426892075035544 1.58894481091253 -5.50935039076783 -1.34017055461727 3.50346974450678 -3.15895431333608 -4.33363690240684 0.89012149951194 13.352505376895 -6.17654045591881 5.74999548927738 -1.94849400014711 -4.51174666573149 2.19745501883474 -9.61883488971317 6.22576033162135
54346.893473 -5.98957319344736 1.16421903602496 0.977429866545966 0.778744883664487 0.548565592890616 -37.30301 7.170592333 0.15518503649452 5.64320334560518 5.64320334560518 -0.85286142960929 -1.8368250941467 9.19460453024391 -6.07997456725522 1.39695710862375 1.64551554050033 -16.9386142430734 0.679006483328399 7.77065056660363 0.38496643822647 -3.56026665392867 2.94009822619773 -6.58341915184856 10.0318469045875
54346.895672 -8.18562274233859 1.18224415564001 0.975998092269387 0.786575791947641 0.544332869868518 -37.47088 7.170893498 0.159115487607873 5.16032068311952 5.16032068311952 -2.12005584566024 3.011913727847 0.437201417673601 7.75003218969037 -8.30330508605817 5.58814204103946 22.3865554051808 -9.87288312981466 2.1753478021326 8.18137622120546 -0.2397287891114 -2.94061245291962 -9.25764647491614 15.5897090031271
54346.897999 -8.43788237271459 1.04037637454081 0.976095347743839 0.783031769418921 0.544923694583381 -31.25371 7.170625801 0.159438350251415 1.08754147791856 1.08754147791856 -0.8280807376608 3.71460783265815 1.84215873985733 -3.27426491663131 -0.859852086862372 3.80101157418912 1.26773067197834 -5.22992522770015 3.64172404224262 3.83390731186268 -9.006265640209 5.26744021301182 -4.21259049497862 4.67457430110224
54346.900082 -7.67233215939097 0.954285390583512 0.980933664579571 0.785732827471858 0.545723063405084 -35.25812 7.161202877 0.159447761471051 0.796792644102012 2.01526891473106 -2.75363046275757 2.47562329028226 1.28758903329305 0.20838177251875 -7.77151471463466 11.3991735853702 3.26242776450746 0.362550670797789 0.99833283414011 0.8233385803408 0.0273676325486703 -7.52092170721513 4.75419504852508 9.39753714045913
54347.906016 -14.729002561296 1.03455568970089 0.980391943408524 0.787568105314053 0.548472091677322 -36.42983 7.166036025 0.156875755846177 0.803011791831996 2.5254029575614 1.9577591499254 1.8944854136086 0.8755804470294 2.361568668585 1.2385435598823 -1.0626886480133 6.7263475657191 2.5254629786324 -0.1766009867895 -0.768116876515 4.532000883258 2.23199252847074 -12.2550859499694 17.8125252846063
54347.908053 -14.4014325371141 0.92588178086403 0.976106681037949 0.783978371862616 0.545887969528998 -33.51519 7.166563135 0.156521912121574 1.380769069246 1.380769069246 -2.1682136322971 7.8015325011449 -1.3514262748404 1.4649815694616 -3.9147455996539 2.3605014751841 8.4905952495863 4.0789178077552 -1.5244523737592 -2.8282077904137 6.3750430266983 -6.5240816729055 -3.8928419746817 15.6356677985103
54347.910125 -12.7093686925452 0.84370510970101 0.97346139052088 0.785708312324244 0.547162055101955 -35.57955 7.163341322 0.158376817644636 4.4827311485031 4.4827311485031 -0.9539928857519 14.3157485729477 1.675434089596 -1.7598172902098 0.129288272789099 -0.4475018048699 6.3483953128895 4.6513342877709 4.20720172588627 -4.82377777043737 1.8391487380475 -0.706180459176601 -1.1644635909271 4.46633959368033
54347.912208 -13.9718282028857 0.799824358217554 0.976063901807026 0.782208442965725 0.548143285764329 -34.01469 7.16211357 0.155704966865135 2.3022198776727 2.3022198776727 -3.9698230714712 3.7972537728982 2.2786718171745 -1.9640300432942 -5.2090719315673 5.2105049809467 -2.6606216311779 2.7776781185378 2.5592671676816 -3.0835582732144 2.2977819881352 -4.733157764441 -4.7292650321219 14.1939003320989
54347.914303 -14.1434680211033 0.776817934240363 0.977339751133399 0.784431069472934 0.545268940078351 -36.35009 7.160241092 0.154500055509303 0.530683905874712 2.0741079802729 -2.8146730335797 1.9978242838877 1.8100865233889 -0.529876060270499 -2.1830654060148 -0.842807520583001 -1.225642652765 2.4395053659061 1.2564068109225 -1.2359499564609 2.0058273522871 -2.5537762820393 -8.1296705537801 16.1158968574551
54385.82746 2.55493005322997 0.577273662975811 0.974720012349958 0.786527371271301 0.545708784003727 -37.74226 7.163728247 0.154200791178502 -0.42850257226729 -0.99875067744472 1.37347256267611 -1.08869853159882 -3.04473141468857 4.83471518522922 -2.00603525893629 2.0762905744626 -5.73961633639787 -2.48313984954743 -0.840071981797397 2.21694851302032 0.86177704039103 -0.73276510875704 1.51849153428089 -0.690512387240179
54386.818124 5.43053627860297 0.439596984258224 0.978870240416774 0.787302984691213 0.548398615588119 -33.45262 7.167206672 0.153594502444875 -1.26693666895231 0.23790750233802 1.42813641274332 3.31077930582783 -0.21628188317231 -0.97932071690159 2.929538488133 -2.40145228046403 0.52197341061978 3.33374637613282 -0.936111748618339 0.47663639508057 -2.54401035827044 4.05950147158992 -1.68760968901259 -0.90987774293321
54387.851302 -7.25086577546996 0.369324050847756 0.977985766524054 0.784132121033266 0.546474778914306 -34.9401 7.164228843 0.155308499394215 -0.194904388155896 0.66994429744238 -0.277147545119701 2.64803822079737 0.51224089897188 -1.33405806474431 0.47208932977856 -0.0456815029034301 0.0224269903026801 1.40298474375421 0.762698461795161 -1.23424005540764 -0.12353338318984 -0.24279150714104 2.13647845860559 -2.99593056331612
54389.814468 1.40040451805585 0.746457468600674 0.978792633137497 0.785478822180425 0.546962690251232 -31.67151 7.173533711 0.156917203854764 2.46414521092012 6.2553664188847 -4.30329065614554 -0.3039615881193 5.20295312143609 2.27313001976674 -6.90220326899275 3.39382185629396 -3.51101778172687 2.87408299079231 3.54296793163219 5.99518564725049 -6.50783982979629 -3.74326666106351 1.93127661966999 3.47952295317819
54390.861871 7.33402784182528 0.443293658632099 0.975183510535071 0.781810609469429 0.54602367570968 -35.08212 7.16326396 0.155126230839611 -0.214314808771335 -1.20858668122155 0.95006690757846 -3.24128055088375 -0.54046469237287 0.52358895013566 -1.42419593093868 4.96327068334684 -1.67347639319647 -1.1931002275375 -0.80498308854521 0.22654709408575 0.75616720420168 -0.50520850203084 2.15984044745545 -1.56056223672114
54392.770877 -9.69535304610747 0.460922655876132 0.975247331487564 0.784711186133607 0.541378368343602 -36.4654 7.164760777 0.154922425522726 -0.510169270806993 -1.41332632958968 -0.7525302504983 -0.579114529362609 0.75044136415435 -4.14222469077928 -0.9295453790615 5.56954498338902 -3.72816407907601 1.78522464825519 0.0943772340329403 -3.26052910145003 0.4576892953565 -1.1191362348362 1.119256967814 3.77418612740538
54393.84063 -0.778398517239958 0.407125446838319 0.978743984462257 0.785980756456214 0.541881882649919 -33.87962 7.161118053 0.153820592831291 -1.27035875318583 -1.13366128586415 -1.75956911368066 -2.97768883042281 -0.81570657185794 1.08601379755513 -3.43201643822859 2.64218563286328 0.610324298637004 -2.08425179406713 -1.41146936521531 2.46684996155675 -1.19074473150941 -1.72666145817734 -1.14973993320377 2.53670471245675
54394.798906 7.2287561207875 0.460089747036284 0.97914662860543 0.78427972735229 0.54790745943916 -35.02682 7.162340672 0.154855490460778 -0.331478206173021 -0.25092747105147 -0.197974656973271 -3.97802111708879 1.02989330892862 -0.35402791247466 0.17830153274194 -0.46350456080692 -6.45998327605104 0.49864187184237 -0.00304732373386951 0.0565138739344597 0.94595692695653 0.5841329189888 -2.78917382080529 -0.10895020476642
54484.617526 9.5910224568302 0.354997030736896 0.980408717900571 0.783483963632032 0.540790815107248 -33.54249 7.165278795 0.155838695365506 -0.404942916415293 -2.08620925529197 0.0670407417778307 -1.7455606662927 -1.63007496218137 0.135158914615479 -0.288297592084239 0.663764858854259 -2.4447946613498 -1.35461925742816 -1.23910531335348 1.61004208841624 -2.94261358198834 1.54560240203861 1.38378581294303 -3.83297991885351
54486.626113 -8.88119352909129 0.437091106594124 0.981312533126402 0.786671181331504 0.540677949122279 -34.57467 7.165799491 0.155436411647014 -0.18847633242309 0.0943750441710804 0.98129670652841 0.428381581601679 -0.40311583249839 0.8090186087527 -0.854348172406979 3.33820145677737 3.61962826638017 -1.27025962361459 -0.447860510515941 2.28286517334039 -2.38370815715766 0.641483369468951 2.61327413554474 -1.09998195893075
54525.63127 9.87806709646159 0.34873146332931 0.997688010891396 0.792653005313606 0.53032703396421 -34.36405 7.163180013 0.155590169873552 0.112983663208064 -0.344683684769821 -0.157889283236299 1.88019295023766 -2.172876139518 2.7984379562244 -1.1411011198763 -1.27622858208677 -0.377188936824139 1.21257000698972 -2.17508245425915 2.33432167058035 -0.416733485964301 -1.0643279655624 1.8372454973218 -3.68102264851109
54530.545494 0.250080411171858 0.350903577372987 0.995820895481987 0.788489410362653 0.531434966156858 -34.95104 7.162989594 0.154657920866191 1.46802270582603 1.04030712734614 0.562636934230991 1.01977394203891 0.266898384633357 1.05751084444205 -0.0563577639093702 0.11217166303498 5.76857226074854 -2.19014158167032 0.381010588838423 2.03659395640891 -0.870687138161386 -0.367784747576224 1.89024394437368 -1.25309621570216
54564.497545 -8.00739205249153 0.408644462395478 0.997383835884508 0.792154835878492 0.52837265109137 -34.74907 7.165572655 0.155157278254522 0.541464216298191 -1.5342558679063 -1.13220432026504 2.18180279431498 -0.97260933279543 -2.53663839582513 2.36558905294233 -5.11409753141807 -3.15413105480484 3.78333351538899 -1.65781324816115 -1.20473441139273 -1.87147322381805 2.40616302685886 -2.75655003100326 -1.6038586520285
54567.493006 -2.27365020290347 0.340947669414172 0.986552876609556 0.787187571415078 0.543613055387786 -35.15678 7.16194604 0.155071245557794 0.481773653664804 0.12144673848999 1.05886198514932 1.02215486205207 0.52106557266408 -1.54639612106216 2.19983203392779 -0.70735971457045 -0.60955869974307 0.53725226471828 0.87276680665486 -2.73089965566718 2.35944974166768 1.15959266019956 -0.763025126485063 -1.27166557410246
54570.497704 11.6550216615309 0.40935476941658 0.989119007533233 0.789360195981937 0.536465643955244 -33.22708 7.162895393 0.155795534561805 0.38385427499423 0.2044732688223 0.521781263019699 -0.355983472380101 1.5159804003267 -2.580440526183 2.9817801812918 -2.6577032973071 -0.5283502737975 0.0359034177377993 0.9430992621116 -0.8755581559354 -0.5145401174605 2.6007571089833 -1.494660905949 -3.01547770269482
54571.499089 0.817111005718168 0.48215503273309 0.986005886595099 0.791660184708002 0.539923334296099 -34.27205 7.164546209 0.154644509828661 0.657925466244034 2.42679228191703 -5.39531312524136 -2.2458009583639 3.43330479667019 -0.78789878851487 -4.27905009340977 -1.62939845353586 -0.873991466947249 -1.23762102621992 4.72658511116118 -3.62294999867598 2.08013556791268 -2.99713697070744 -5.21756816624579 1.46280533986229
54850.684607 0.447527690864683 0.393165311734056 0.980685430587168 0.784445196376112 0.540973281517615 -35.00246 7.166214839 0.156619195493374 2.07381963692355 2.20870489149429 -0.938210197156747 0.189313749809254 3.09467452137702 -1.84971314218909 -1.13780559835166 3.22158342797441 -1.32993036329859 0.604550795133914 2.30419317672958 -0.876264882147198 1.11216319101053 -2.61436021882971 1.65733159319029 3.52943256508773
54933.479071 13.5666214561991 0.350403181360793 0.98873334649043 0.789248639104627 0.536965155717278 -34.04705 7.168699266 0.156180253851028 0.151800757298656 -0.826058674535199 -0.7827724205882 0.719075036586201 -1.8352518967856 1.553764264652 -1.5932132063647 0.1464538602697 2.7748544897541 -0.4468846803352 -2.1302507929888 1.9374313143215 -0.331876711717799 -1.2248439977934 -1.841902303243 5.2547443889069
54936.486489 -2.56233104042952 0.418888320374934 0.989704103205961 0.789256627184665 0.532901681315157 -33.43845 7.163368738 0.155351402556401 -0.212976658897081 -0.85841499755821 -1.93732724783677 -2.13983111042424 -0.3691018229562 0.29874164190057 -2.71293780849817 1.75127454756557 -5.74143147948899 0.78890146748591 -0.55612533111785 -0.0449515425841502 0.34458543787642 -2.8003925957643 0.63089639398368 2.26457884709215
54939.495229 0.995702719913299 0.38580710906918 0.981538097750855 0.789000561092778 0.545199390806825 -34.68357 7.168477671 0.15521004216243 0.109170233966795 -0.832919682630717 -0.97481540246245 -1.12031764318838 -0.623545894581647 0.245652671126805 -2.49081546021333 3.97185929731706 6.39000614215004 -3.69698639234956 0.510795448516855 -1.87317200447948 2.52989543401933 -3.73847535617093 3.22150163443263 1.63443168773136
54946.504834 13.7128696426685 0.366001152165686 0.986459109335801 0.789522250317213 0.538214900370229 -35.22925 7.164351809 0.155883501116274 -0.0561316849732253 -2.1477875925274 -0.0770140763307996 -0.839681155670901 -1.8428499413339 -0.108446894033401 0.0489074649179013 -0.208654129827201 -3.5077537235377 1.1097710021282 -2.1727567242269 -0.9127009133034 1.6955677348998 -0.700740568258 -0.284387101005001 -0.453970332734698
54947.473724 1.60596614570362 0.356054226955509 0.985769222677771 0.790350783722417 0.539547804889668 -33.87722 7.166303644 0.156343753867919 0.259791321306346 -1.04845033231373 -0.926717905125098 -1.0247451730083 -0.51115756214212 -0.43609055343019 -0.949708809014748 0.678239396584705 -3.26641315582638 2.46293900807002 -1.84117364543549 -0.0957285690371101 0.27017577247993 -1.75435834752005 0.494110530061584 2.971477033324
54952.45667 -2.17600837162857 0.377616725044294 0.984155953725031 0.789855432518708 0.538389873107614 -34.25481 7.165706656 0.156531680536942 0.585308186415995 0.39487844430226 0.17435748336041 -2.93515791745613 1.95898482930697 -1.30913451363698 -0.3857221572255 3.40781874578075 -3.68949882158643 -0.95747776787133 2.33948348539397 -0.66454195069965 -1.58491274123254 0.12063454351839 3.18585914775273 -0.680079207358901
55112.860213 9.15534480535031 0.429870168312534 0.978985111726849 0.783796719543312 0.544640360355672 -33.34602 7.166360104 0.156306327300468 1.16390478299132 1.98458683562494 -0.65365089542524 -0.29479035876432 1.50264670245283 1.12654307980489 -1.77403213253008 1.40829411986598 -2.01063759152585 -1.03552348733865 2.14329677026407 1.58958992745653 -1.33542156096961 -2.28576697136752 6.87519045354183 -8.40668869559928
55116.867583 7.2020395721609 0.473366514531539 0.977613450759027 0.78588403653466 0.545579514677567 -34.87894 7.166197837 0.15607657721822 1.84363941205257 2.71007415449949 2.67998619476495 -1.00105656723092 2.72982724195841 0.52352737959236 3.78728093433146 -3.3236895763018 1.54717217753313 -2.26883362822115 2.95674738070701 1.84790934887097 -1.75871319629044 4.26266772201319 -4.17537743937996 6.07916885003856
55135.842836 -2.51391467118732 0.377583770866395 0.978274574729975 0.785016719691171 0.545656958473819 -34.2257 7.164992661 0.155379271925862 1.22543772265046 -0.58508829806693 -0.30748847304459 -0.0362901928953798 0.32932191430545 -1.82774462417072 0.95834492334477 -0.86247778882004 -5.27208149521582 2.78681021496104 -0.18319509878978 -0.0644957872971401 -3.22205128204159 2.29456259583762 -1.2060594768832 1.28012670876468
55139.809216 -0.662334854079222 0.601990949728388 0.978510793527456 0.783788484681175 0.540868578474182 -35.68142 7.16517489 0.156237096906149 1.08340813643804 0.312341084750645 -2.82970460132442 -2.02091128897022 2.07877576931748 -2.37645402353958 -1.24395578949471 -0.98592105018421 3.30513008992968 -2.18842572958355 1.4188482756165 0.546198270705622 -2.56496815421292 -1.19640459989835 0.37612570314974 -1.51071180079054
55143.776547 0.801266259328874 0.492784341361116 0.978303735684362 0.786633946081574 0.546112861746276 -35.87801 7.172842953 0.155441772585632 1.18494208940368 -0.285209779690533 -0.510641743939426 2.58615962974809 -0.63502319763864 -0.74779374229084 -0.291848032814398 0.368700967213772 -4.18675707105137 6.29689738425118 -3.69578195084972 1.41785244681242 0.10350938300843 -0.391861642331743 -1.39855859374547 0.094078576379827
55158.865668 15.8388146859915 0.326033819131384 0.979878486638251 0.782427746333411 0.542898946052185 -35.35078 7.166988202 0.155439686129175 1.29562953032786 0.585937644342799 0.327095598770899 0.0467789792059996 1.9731669400255 -2.8518301937589 2.4322819330662 -1.6808180042488 0.938474376811099 0.2984096528943 1.8383614731167 -2.2226631034524 -0.381663347316 1.5580606504253 0.850767554488701 -3.4801369270837
55164.855671 -2.74017779761362 0.390333243932857 0.979274901559942 0.784415971035525 0.545941419019479 -35.04764 7.167066431 0.155855043028865 1.53401347522462 -0.48758080960313 -0.97738909554041 1.4011428097672 -0.83124870222991 -0.11746057018039 -0.33055135690328 -1.47983224316339 -0.27261698076798 1.75357884277652 -1.7889884776735 1.2533863793518 -0.96114761707951 -0.18997920596116 0.36992263226878 -4.29672488339655
55165.640515 7.03424479078417 0.421509044040592 0.97801431480915 0.77864070026384 0.543284352300843 -34.03096 7.170145697 0.155640349806356 1.14745386269935 -1.1942980615772 -2.7021604932282 -2.77603970476022 -0.66616527757997 0.55734440501103 -2.66252112915694 -0.79010465450719 -3.55621872094643 -0.94041554234346 -0.50473154465653 0.0731665821116998 0.54046636087173 -2.3840230966041 0.39735975983661 -5.28994713396226
55167.667021 6.86021035460565 0.449301262392612 0.977467461433663 0.781482628680477 0.542656988050645 -35.30383 7.165978129 0.156006173099826 1.29650168252503 -0.4479806416069 0.74616582607612 -2.73840823192971 0.1994578247468 0.29751858831691 0.8103150711915 -0.538278434801231 -1.29096936312758 -3.0409408624999 1.33788220964475 -0.257491204364221 0.0518726110110501 0.34600700371689 2.88921773540684 -5.55790258848124
55168.67783 -5.25296144890488 0.406906607703136 0.978947135115322 0.783650233000807 0.546105001589867 -36.89356 7.165072138 0.155942084452667 1.29981641776168 1.61551606702058 2.06611201766066 -1.21310624444273 2.31411625090385 -0.688580928167 2.41489930530788 -0.0124214302624099 -2.15936021442783 1.04631631614137 2.18826624448837 -2.62334113988902 2.76196240195478 1.22956580399078 -1.39872015619964 3.30445136549712
55226.632639 2.0899456736048 0.366739678544345 0.988857408962507 0.785737607317277 0.531070534386894 -32.76157 7.167446774 0.15607615439721 -0.104618803443207 0.17994094926369 1.15103177850877 -0.13535624528035 0.9984793465993 -1.59334168890129 0.45447167821771 3.83788256518512 0.13614178097652 1.0978912307287 1.09560551011902 -1.81257628100196 -1.05771729418105 0.744994295904616 4.35053045474204 -1.75813943597599
55241.718879 0.519123451150892 0.428131759836209 0.987118417451184 0.788464317230451 0.540852431845823 -33.90575 7.168394837 0.15545275785703 0.375525282417043 -0.0372765048643611 0.010588491346057 3.81028806837717 -1.97191429536159 1.67916465905699 -1.53431092592921 1.76789984874494 3.0949878926534 2.22175572489184 -2.3210084086624 0.718554791174224 1.24147046045545 -3.0650575495294 4.58232466495667 -1.87460547618494
55245.713042 2.96968678690396 0.38935088974338 0.992327427911683 0.790411909081827 0.534866335500136 -35.9811 7.169626539 0.155140922544065 0.51004899759919 -0.23551605412453 1.216891614374 -3.12600276573572 -0.56946115414674 2.38466632793007 0.00189422049643007 0.14233272081688 -1.68594690406575 -1.36259305211338 -0.39155826976992 2.12305733126059 -1.10425990497409 0.34878458927881 3.13745456570606 -3.97112973442669
55248.697671 16.6375756394649 0.419669905500886 0.988911469584958 0.790033645406661 0.539055493368924 -33.31096 7.170140035 0.155403074865464 -0.161131948966576 -0.834084127688399 1.6575245610302 1.5459121338737 -0.102785496059997 -2.2602492395208 1.3062661316438 3.5342224638415 -1.5551211509308 0.011133813240999 1.4160807860644 -2.7214685926547 -0.8612142233564 0.4757336567812 5.5536994337909 -0.9055619877251
55455.890799 7.70100646231887 0.546464384111735 0.979844182533706 0.78321628171894 0.550322253738432 -37.64523 7.170031545 0.154008517953864 0.256421178382313 1.16755020438033 -3.27770314017131 0.26304778826486 0.49723827002609 1.15383078799207 -3.09333132562235 -1.7679519856666 0.50554067365192 0.913486832855081 -0.530309888595601 2.8655275691068 -2.00255580129001 -1.20394631388856 -4.56651601462185 3.3895836602993
55483.852221 1.50606843742077 0.589766042439838 0.978995153149473 0.78351892237929 0.542760563455917 -36.88356 7.173493057 0.155803839445246 0.920421763326394 -0.92246628753894 0.44590852912621 3.58393090439762 -0.72928285708002 -2.22648354681468 2.1455894037103 -1.52386146928362 -2.43163380602326 5.71169673022312 -3.25089985018012 2.2829998468089 -4.59332294477937 3.48983476283285 -1.45257855281541 -0.204860065399547
55488.85062 11.8906435824636 0.371176181683042 0.978423122869067 0.786426768348287 0.540572828867031 -36.4093 7.170370493 0.155617539799708 0.29391859475983 0.5187023570387 0.360343038225601 0.776639548196499 1.2777589395525 -1.8959214478344 1.1225335340275 0.3878965294514 0.599545569415801 0.213257805602499 0.811214541387601 -0.6952152494872 -0.0413452348676007 1.2947592191763 -2.2570105772573 2.6083372201623
55593.773976 0.495285835186214 0.577595553441822 0.984719598060963 0.785118884402354 0.53554682827572 -35.80929 7.172964242 0.153574292157543 0.468754913226608 1.73527168422928 2.41441722773014 -3.69669796825947 3.60325810100638 -1.74098144223391 2.65455527728529 1.42519013248373 -6.15713169720027 0.85530229777388 3.43965514201744 -0.86068435587305 -2.59942112092811 4.42116049958342 -0.64689372524795 1.77445119704156
55612.620851 12.558639768886 0.358892780327715 0.989034355825016 0.787775800784873 0.540097431274098 -34.27931 7.172469951 0.154910174816651 -0.0300343333009405 -1.361017927027 -0.2285340269065 -0.3300682422206 0.0796671956205994 -2.6382064636588 1.7040154060148 -1.6467228159861 -0.616948634011301 -2.9363460708826 1.6776993769655 -2.634263865735 0.3819167452905 0.2562408157028 1.3616877346873 -2.8336640190474
55632.556339 16.1576161678811 0.389279413804741 0.988543791062478 0.78895607564771 0.538988369632119 -34.39846 7.17154118 0.15389602099678 1.15331055513439 0.271669089774502 -0.8460250653622 -2.5233720073457 1.0577521524482 -0.233385242136499 -1.1778659277274 1.0759588880289 -3.4610374150429 0.5019117589051 0.9168857695971 -1.2166756629916 0.919707018411001 -1.2019910182828 -1.0994565013197 3.8380789535232
55637.575265 6.29952785728912 0.730346432752668 0.99360994178026 0.79058347321829 0.529484724277323 -33.46924 7.174495793 0.156644484311306 0.890925537379944 0.0700952847077501 -0.93414466520324 -0.0703757219856502 0.21896841194041 -0.252605667049219 -0.425642772060581 -0.924501836303549 -1.88594252842589 -2.09088359109495 1.10716143998601 -1.57311392365266 3.42678217775841 -0.36523217126276 -5.898136191792 4.07240176181003
55656.569893 14.8001117335655 0.372657864593756 0.988404061187888 0.791595702195602 0.531994886422113 -35.23023 7.172549298 0.154343966132926 0.365630268339006 -0.554951256428801 -1.5819552573007 -0.905794223332201 0.3604968762849 -1.283429145331 -0.2709778907142 -1.7549908653185 5.3860709717335 -3.5588249552782 1.7603766040824 -3.2802927092503 2.6081370570868 -1.8692006405946 -1.6839560643704 2.8152494210236
55662.535491 0.34031413207489 0.446967160875514 0.985853223477909 0.790824381830014 0.543521816036496 -34.16671 7.171179411 0.154111950434184 0.766884800545333 0.18864480014869 -1.71191710958758 3.19543363366908 -1.52134348851107 1.64434286463479 -3.20616185422374 1.71416912645383 3.51720640842244 -1.65745370953565 -0.695908258916193 -0.028876157255606 3.74639844812651 -4.66961564827556 -0.30436038247189 3.43754125680343
55681.461509 17.5230264286379 0.449026761517887 0.983339654098436 0.785502655080952 0.547454538817475 -34.07388 7.172278422 0.156459111531168 -0.139841763648034 0.0830232855245008 -0.461147215476199 1.5017157895524 -0.0791613886019 -0.485824746870101 1.2885145895724 -3.6569469958886 0.381711191988199 0.883202272579801 0.8389168414582 -1.5139276834809 -0.669674088918299 2.047302701938 -2.3000854114715 -1.7647139654316
55686.463999 8.15031728896319 0.436340860918142 0.983096272309598 0.788752288762005 0.544052329140124 -34.26639 7.174017892 0.156054391395494 0.499052500678555 -0.38757308462031 -1.84635342540755 -3.83736846193766 1.63199815716946 -1.82070447910139 -1.4528055616352 1.18694494249001 -7.52795186509218 0.214443099989619 1.49522643068102 -0.689036243712589 -1.91404098100632 -2.17783604886503 5.04786221377135 -3.98317711189703
55808.91233 8.02428987513822 0.627998269344811 0.976373770279835 0.786820186863149 0.549226295486734 -34.79999 7.176883461 0.152140510703203 1.67625942834989 1.53816577266659 -0.87248803649685 -2.05803769675365 2.02688604161131 0.0296666717406602 0.30753271704498 -2.83296331992377 -1.96560869862553 -0.77757075392902 0.2960545960595 2.90088734279285 -0.411619191974081 -0.14051565164052 -5.06045841453273 6.27130502780225
55835.838162 12.6619640923 0.6606273600983 0.977247783869566 0.786243536094187 0.549359870624481 -36.09283 7.179163984 0.152678243750356 0.311698272953903 0.203443378560699 -1.0288543245221 -5.8989561237339 0.0702809080808002 3.0618555780088 -1.5346906356231 -2.244821694421 -9.4701945247676 0.2738486082019 -2.2574561972564 4.6989911962128 0.308354735839799 0.154668807830401 -5.3023670818603 -1.09495314880069
55842.873581 -2.77322671537293 0.60729851190845 0.978272381877125 0.785081509259648 0.546799071053216 -34.69103 7.181904202 0.154118506362122 1.57506554971602 0.0618319231752698 0.50207388429647 -5.41226547238059 1.03719750512865 0.81371811228756 2.78023703029361 -6.38889033026187 -5.21013936522422 -1.60780833705878 2.42488419170329 -1.68770912172325 0.00774481937185989 5.88637876606773 -9.97804745230644 1.76348747803058
55871.791989 0.812175697853742 0.511194438923213 0.976690827908314 0.784142956645844 0.544368491133037 -34.48482 7.173964478 0.151228161265933 0.674863289340426 -0.67956695675777 0.308932938170624 -1.87420253995363 0.107936373082821 -0.572222261187584 0.970029769141811 -0.949604258211676 0.60735206157433 -3.04707662788688 1.8904820635742 -2.98225853610251 2.12009659612795 -0.811729198515839 0.840755820833675 1.68456073653529
55880.820994 9.61509555220871 0.383062986020427 0.979070099139371 0.783737907332689 0.544658467776227 -34.79204 7.173617034 0.153235597274028 1.15874996848144 1.31059322931805 -1.71870174118461 5.40262634988963 -1.27672845911242 2.25803924607322 -1.2302068245748 -4.02511803318309 0.918505886719379 4.02859491773068 -1.3269460240736 -0.302850520785899 2.6572147550281 -1.405479194692 -5.98909316974395 5.48641893513645
55888.8077 6.71754681883703 0.550188634053238 0.98176830707459 0.783266928932442 0.54634524786827 -37.45592 7.166183641 0.153215826392811 1.89577060867262 2.28924951684092 -0.61638882146086 1.85793329172796 1.93132148011592 -0.32163598271962 -0.3495690133599 -0.26711615926483 1.27438077456313 -0.1509891000214 3.07839727450307 -2.11025461492777 1.52013044815682 -0.303617394694251 -0.943238569727979 -0.611028417402791
55900.676913 3.35664768492827 0.433190103609603 0.980203902120105 0.784837649719649 0.548015844895587 -36.56335 7.174944887 0.156251006319098 1.18770380180446 -1.30125416827326 -3.29314455510626 -0.54399064765387 0.45540802736718 -3.08861694703203 -0.53761130622359 -3.14792942691178 4.18783177278868 -3.49940590732495 2.76487135573234 -5.05860070916272 1.24842483733111 -0.90393207263144 -4.22772136588539 3.59889269154275
55945.794124 7.75683487909842 0.458924461354849 0.987067192125336 0.783870474093454 0.532505358717907 -33.302 7.176655325 0.153937259954735 -0.787899490447315 0.124176851090151 -0.56574926537192 2.17019370020574 -0.861417236588649 0.826664247733111 -1.60420918598906 1.60838678122922 -7.72062275387607 3.03703783888928 -1.1685931544217 0.62382831324098 0.861633692450019 -1.99904789287406 0.58446707651908 2.10328018613377
55996.648853 9.13056309183407 0.455801929207691 1.0094527703886 0.797377431435809 0.512028320041427 -34.61463 7.175268783 0.15018613692467 0.492178221519549 -1.57916327063322 -2.4861741898812 -3.22209450010922 -0.28027217711206 -0.980371674619921 -1.40408270058073 -1.47941094922015 -0.6644050592918 -3.05781663768908 -0.426003527685031 0.866395015855781 -0.99081640203512 -2.33796821160879 1.79907104130797 -3.94666450297307
56007.487404 11.6026439197877 0.382531698258623 0.984810371211563 0.789281457893888 0.541127932078081 -34.67661 7.173016005 0.155085788960722 1.22806229346004 1.4466436212704 -1.5026228468334 1.24580213840525 1.1501249530958 -0.0689203430257006 -0.7946601341456 -1.68557658351535 -3.3673315592538 2.878037616307 1.5797907497159 -2.971249574804 2.5843999148111 -1.8067487548585 -0.320246981623701 -1.30523648162213
56024.563162 14.1523447040661 0.400487251649677 0.986327233369729 0.789410619124119 0.539284795773059 -33.68684 7.174606952 0.15524852635557 1.14587608621371 1.7138291152084 1.413694052314 1.0974839715801 2.1337144212535 -1.3075068814894 4.0618611080246 -5.0928628373856 0.441819330083501 0.1749442731596 2.4640716798007 -0.9467775941739 -0.6877582060931 4.7824043604481 -7.1204878683228 5.3685787003857
56060.473625 10.1971800534016 0.434381672526154 0.984975371882538 0.78934061431176 0.535827631967538 -34.02042 7.177216251 0.155334819406085 -0.883601934213242 -0.813454068059031 0.328479383197131 -0.9769750562662 -0.1111357758121 -0.85721818487063 1.27348490583193 -1.37093757726919 -0.471150386904901 -0.230613630921098 0.509913325103199 -2.88265309066623 2.18878694117753 0.772638902653599 -2.48636673569378 1.84834523642788
56186.908326 8.57759857875655 0.44920191316452 0.980918950792631 0.783966016372323 0.545167520999074 -34.74712 7.176649468 0.152103850481101 -0.16371445824445 -2.37053459298408 -4.26400561078594 -2.5470571217729 -0.206512376909 -2.86276581139467 -6.49548702527804 9.01567667407365 0.370447849396299 -1.2738664871687 -0.5179536229227 0.0418511584168009 -3.96976205655594 -5.44245190909003 7.56124025360462 0.52382213791074
56200.896963 9.59508276619956 0.597789636213687 0.977720618282048 0.785167436568623 0.544705638452777 -35.04092 7.177198695 0.15372398452436 -0.48425463720646 -1.34329899707526 -2.50806937745227 3.90645809032621 -5.17638613345471 5.36180445364951 -8.4221034085179 8.2562176111649 -2.7399088989809 3.3830233241658 -6.2882355133255 4.6847144332365 1.6449932852943 -8.00878958273107 5.91043869839087 -0.90786780717665
56256.725014 12.8985423025673 0.509538313163102 0.979620119401143 0.785936051782615 0.546219264667605 -34.59889 7.177068733 0.156259797111339 -0.495781399608009 -2.1999065844036 -0.991447510880199 -0.114658566794201 -1.1238479643506 -1.9958047858588 0.5098856112257 -1.3477367269591 -1.9584997298931 -1.1291342088433 1.2333466122854 -3.5688184287391 -1.0515059155931 1.9472069035962 0.641105767706399 -7.48111531510421
56264.84016 12.0730686442516 0.373953030275483 0.980650372520023 0.783091769077261 0.544866289177416 -34.2168 7.172605191 0.155420850697196 -2.14636047057512 -4.7702732281109 -1.11724154727795 -0.5691345926847 -5.1624973891803 1.0756524148116 -1.93901311379099 0.77401631684589 2.228406772675 -3.8109913114963 -2.888314322805 0.257964475029201 -1.58076096343757 -0.846627805436079 4.85241502859625 -9.88246993661082
56289.761733 13.4947671079551 0.44490009399974 0.978030298532875 0.783558626904742 0.548029859817172 -36.30578 7.173204491 0.153870407000743 -2.46838280782679 -3.3841552556542 -2.4014223171668 3.8113648728563 -4.5208207585591 0.367316026126801 -4.30831403367151 4.55261340104701 7.20766410615323 0.293997913592101 -3.0185153192474 -0.758463276156899 -1.9078045617633 -3.02156131487415 4.00242213467875 1.1605104524063
56319.732923 6.59199019606652 0.705652885671417 0.983068779552728 0.786139164809064 0.533970144033782 -33.74711 7.173337779 0.161279345907938 -1.31495918213001 -1.96513628640273 0.81368805122634 2.82410985019701 -3.80644266623097 2.15213281528939 -1.54081454086265 3.3428781039468 -0.173165039195 -3.73302235077531 -1.28163614593317 1.12215515100458 0.70826779260871 -2.97959403043477 5.0738633142762 2.19525042698896
56362.622082 6.4851258801444 0.495832532178502 0.985430044961692 0.790832238793636 0.541969999368989 -32.29413 7.180211902 0.155091294220876 -2.2459252401984 -3.99430374547628 -1.29432841998044 0.51358573718106 -2.98941173947077 -2.17610626487762 -0.93688874368251 1.70144583682311 -1.99006496014415 1.49066644134195 -3.02227292123723 0.59384268581176 -5.4506047993674 1.7549504826413 -0.67049771009947 3.90662630690847
56402.527883 -3.19132954329019 0.433467500303036 0.986105429403651 0.786406456975731 0.540068986548188 -35.21225 7.180876865 0.153269863754337 -1.0766022367567 -3.14442351207469 -4.33665541865067 -2.60354581551953 -1.56559370885729 -1.74246534989733 -2.63749467276645 -2.21662396707602 -0.256252319564304 -0.857402889244452 -1.57753167077623 0.87733137443389 -5.03794022162605 -0.94408334244089 2.26777232197187 -8.37873482512209
56593.791976 -1.34699214879306 0.539462893852882 0.976941506681508 0.783115073677364 0.544689707013279 -36.5522 7.180958309 0.154790331127564 -0.59761232370502 -1.61907623043885 -6.0544325574203 1.90902497079241 0.44558410501202 -4.77431214491407 -4.66481770286322 2.01563635761471 7.50259595739632 0.10209844813006 -0.69343861634512 0.16841789164482 -5.28303261431008 -3.17912746002173 0.22737588154215 2.26487605268672
56601.826712 1.20974381506882 0.395574814959844 0.977069990018685 0.783204424133222 0.546957456953752 -37.40886 7.181283541 0.15521887605284 0.962135076397016 -2.04531443364608 -0.162388102565237 2.43216435821418 -1.5197470956498 -2.19050805264964 2.60613497142357 -4.36696341430168 -2.73998810187118 0.58403802474582 -0.52634061614236 0.27689356225284 -4.88647872244263 4.23218693075095 -0.979022955820424 -4.7042709233552
