Time RV eRV Halpha NaD1 NaD2 BIS FWHM S-index C3AP2-1 3AP2-1 3AP3-2 6AP2-1 6AP3-2 6AP4-3 6AP5-4 6AP6-5 9AP2-1 9AP3-2 9AP4-3 9AP5-4 9AP6-5 9AP7-6 9AP8-7 9AP9-8
52984.732706 1.25915380926973 0.623538679974693 0.939792727502804 0.809378503667242 0.554362484102778 -43.41442 6.690121895 0.16287554248949 -2.93836359982731 -5.88163260061329 1.04760875309911 -1.91715632841 -4.5467439658822 -1.71648203261066 0.686009875400673 2.92644205962645 -4.51727431242788 3.25941007202792 -6.09856944541577 0.146415002015681 -2.95923155520832 1.77066842430687 0.983467968776556 3.85297888353361
52999.814605 0.321137299916825 0.753869083361628 0.940562191561604 0.806025017915091 0.559475494872331 -42.02961 6.696880558 0.160523396998649 -3.01477474536408 -5.71193111629163 4.49862866871864 2.86188874356851 -6.19273678477004 -0.49275261849 2.2857401929939 5.88276092106233 -0.36879113016482 0.85312888310462 -6.04008234410701 0.41217972715479 -0.91368408321528 2.82887041639086 0.634390208813009 9.30803950176204
53002.730635 -2.73107506703243 0.548900782631561 0.942688121675985 0.809906116071235 0.556580437035259 -44.63717 6.691257844 0.162989774306826 -2.82910243694521 -4.56165892065509 3.28243760376995 6.63322497460484 -6.23913547464239 -0.3215652957223 1.25994266326656 5.14685548200581 1.61300230441198 4.76792723877675 -6.69608272896929 1.12421586377193 -3.36035490198467 2.72222749953177 4.95081947409406 -0.551233713057005
53049.596116 -0.366890553725545 0.514039317916393 0.94073343449515 0.810548275233628 0.55213384228683 -44.74045 6.692269157 0.163517947267651 -3.22688501086042 -4.02954106320254 1.04389678802481 -2.76966066593738 -3.41117200648384 0.29948881802314 -0.03217366700455 2.21113213540512 -7.09260889416133 1.42758646384853 -4.55667885748063 1.08541068977468 0.06624943641101 -1.98002662362056 5.65623404984726 -2.14038449179294
53335.832885 3.18793280901372 0.422560635297302 0.942530226310744 0.807227997940005 0.558745646015756 -41.15327 6.704225294 0.171999320109119 -0.952306809380854 -0.22369205146744 1.16098003052423 -0.9269665486258 0.19028870068421 -0.35611553185495 0.59686169294297 1.74318181677002 -2.22018409582595 0.94072623637031 -0.80503057905342 0.86026609419755 -0.44955157595816 -0.22721206777326 1.4414432031734 3.04317255772065
53790.645938 2.077683771686 0.528767751280397 0.938167117707606 0.809028551809652 0.554762801222892 -38.99084 6.710878281 0.181954152758579 1.04980719497827 0.29855456027945 1.00176132724608 -1.71081416373375 -0.0461234944428102 1.5809458703657 -1.79711909734866 4.52959452601408 -4.37324526244242 -0.527969129444282 0.706876304661712 -0.881757872444335 2.68962170190315 -1.49728773948554 -0.63503316528038 6.23636197946886
53834.526742 -2.23736239314831 0.447458577335978 0.938955284756867 0.805672702593408 0.553389852843083 -41.3855 6.702133485 0.174977008238405 0.869356086246473 0.26098453032305 0.32993399376962 1.76535946039254 -0.6583075923866 0.96375925822304 0.61113675057186 -1.82952515060508 -0.69049644852906 1.26368531713944 -0.67290766018401 1.24107548837822 -1.10885768469347 2.30417485215926 -3.18830008510259 0.29309333962339
54047.831477 -3.71655074445249 0.520244090471118 0.941384264489308 0.80325135164826 0.554768607283303 -42.37314 6.707667754 0.17161387604307 0.312432181464793 0.72740333583165 0.83038851068039 -1.8781376870639 1.06029513592143 0.32789225399308 0.54142177524547 0.27984888202877 -5.13511694206646 2.79338553712439 0.5009073531269 -1.13697604443363 0.77347552322648 -0.208181809022 0.95403462255092 2.12624515683503
54049.833454 -2.95636299914671 0.532204858067437 0.942309507912377 0.805445019095897 0.554090017535303 -45.57239 6.708046199 0.173156447366959 1.01174241485783 1.14719201354733 1.15924553631242 -2.14052359307028 1.25484879903448 0.90655463851301 1.12471225887863 -0.98788114492327 2.30714163661029 -4.91317324712636 2.49107426785879 -0.37164256911997 2.67102154981629 0.210150736612664 -3.13251034931176 4.64341392101684
54051.848013 0.192319251936193 0.602348447974341 0.944713070504691 0.806496483443351 0.552432863186308 -43.69283 6.709647991 0.17197529221293 0.595040576103398 -0.906353028466302 1.04919878120194 1.42396800174369 -1.27807138065544 0.023160882432193 1.32538042248361 -0.662833649052124 3.73650297475656 -0.112269218689083 -0.901109566393951 -0.992147255325644 0.96639499154184 1.04193824295532 0.30779378449693 -2.38049880048109
54053.846089 0.947524002747793 0.395232482974557 0.942322920225192 0.803375506194078 0.554964900073561 -41.26588 6.705251144 0.176461655034506 0.766527809347368 1.1004350135513 -0.952814928284835 -0.337175224618033 0.439667877571264 1.59187607902479 -2.20173426204111 0.971830762936452 3.52583296410017 -0.228460045730218 -0.135288795634111 0.441787194668514 2.28398190662917 -3.27595670247619 0.0432990846843988 2.74833008847938
54077.766324 -3.819813057902 0.41149882143882 0.941645683127022 0.805216810655319 0.553090560685965 -40.62676 6.706845114 0.173894125405834 0.0870184023535988 -0.39579197020335 0.49835584548581 1.06844692733762 -0.750346811039611 0.1435412691272 0.69273262982411 -0.64594383212752 -0.45136621165871 1.25516995263778 -1.41628298327839 -0.73370180826089 3.15197739044584 -2.00107490461802 1.11005881817736 0.0381961930032002
54079.731081 0.120399333790716 0.5342830296027 0.940664997477569 0.805110282218009 0.554291315947755 -41.07424 6.70481418 0.169860992340494 1.46411234027493 1.88639512044292 -1.77878027204373 0.917355086454128 1.29908047440647 0.724056710738078 -1.68800215318122 -1.07133703245381 -1.51863733733767 1.61126776768477 1.69313876691865 -0.82848825347108 0.50100106603293 -0.971812710680522 -2.4675081632142 2.34450536005877
54081.766902 5.85490402355477 1.54497794635623 0.942133960529475 0.807984995846627 0.547938700581414 -51.68868 6.702462123 0.167136464249306 0.712710123795941 2.8394076808493 3.722710861235 14.7775981758486 -1.74266677473421 2.86569718517609 4.23737739679508 -4.44304599637412 18.0789284205936 5.3395184157291 -4.85371340796628 4.716094158983 3.98106843247593 3.3131087967488 -5.56747529596076 -4.5589305172773
54115.661894 2.28131612372676 0.826736836748075 0.942393990490965 0.81076012659495 0.553297575892867 -37.97469 6.707199903 0.178098893527448 0.857763573155225 1.45400894709419 -2.22614295123919 1.61469908211048 -0.95227940416018 4.10210274906616 -2.44080399926575 -4.31953179027125 -1.28928074605811 -0.00837474950151007 -0.80561542613353 3.89609919003198 -0.28971300094103 -2.77108758556764 -0.785936003910925 -1.28531041807197
54118.770241 1.27592688170743 0.688326538028509 0.938664004119414 0.811060448649705 0.550001977925402 -42.49711 6.714386962 0.1775745385234 1.53713675697419 -0.6220961726193 -1.68101635288741 0.4179521688209 -1.54600433840611 1.68022927237287 -1.59278898829045 -2.15010128444394 -1.91885524568757 0.8394084575077 -2.0993914985535 2.09684278013077 -0.13848477003582 -2.39118478127243 2.02848505992471 -5.23030235589167
54120.705166 4.27662315161602 0.499563380122608 0.939489345778428 0.806734901935634 0.551051604126227 -40.8959 6.714764561 0.175695342818041 -0.271269535164618 -1.18906708954203 1.31006238194787 0.38523030803463 -1.62281545471169 0.68973399944808 1.62137027924064 -1.55209929168864 -1.34958006947397 1.02653266290328 -1.29799938492949 -0.84593473944716 1.05261224217063 1.29274681233688 -1.26084145641014 1.42667730048736
54121.667842 4.09898626136299 0.448717805960861 0.940631354654051 0.807982154769005 0.552712799569612 -39.77599 6.714399183 0.176155085836431 0.696866471646921 0.57725340242954 1.34851254466699 2.18059620816866 0.83912272828163 -1.72650286553296 2.61103487938733 -0.84878652390492 2.92026037653589 0.52812068554466 0.89452471517236 -1.51520274583511 0.25408972283503 1.67620347066969 -2.31897218574215 6.49410334986365
54136.642628 2.93499337550007 0.45097964419144 0.942011631608267 0.804796603035352 0.554424266457142 -39.90113 6.709228189 0.177013471154321 0.835590623424921 -0.88314277737083 0.64330935122148 0.10203465252277 -1.40810931061255 1.02602609150955 1.37900638901061 -2.9157962700974 -3.83529421032614 2.52080911977863 -2.53617278923501 0.65061104531543 1.77000981108497 -0.0613930619181802 -2.1301174187624 1.96245057481392
54196.55701 6.81845500793858 0.507590150628674 0.940656477786096 0.806404780240731 0.55049200571355 -43.17071 6.708862415 0.176168460517653 0.754848984336745 0.0804137483372793 -0.02412260385249 0.52858540827575 -0.39459482445347 0.7011405453468 0.99947552145639 -3.20745119369402 -4.85269436102966 3.37288403769263 -2.15442189049041 2.57637540320541 -1.26677652404127 1.9263203216392 -4.01018629445052 0.776874128610419
54197.527545 5.98655693749518 0.540562597753949 0.945630536258457 0.808698322815716 0.549026989367645 -40.31525 6.70786782 0.175042393276766 1.19036044132493 1.60835052991164 -0.736543592970429 2.43031922441488 0.21726586247235 1.59613829298434 -1.25422134213823 -0.68857878028669 3.09368466320184 1.01234715613621 -1.22524617684438 3.61734146276917 -0.66016810581533 -0.64708216663813 -2.03877438790995 0.63065881510365
54202.564973 -1.91685725267415 0.530775183202875 0.93970676428531 0.808602045231055 0.55574999637073 -43.88569 6.707670305 0.170621685347287 1.46612569831726 0.87021484962559 1.02974645217063 -0.50284499889344 1.27079950306523 -0.55793893502907 2.12062874093949 -1.86193781649205 2.3994490516963 -3.72884839770755 2.51633816621603 -1.11740633343915 1.47620018904941 1.7781938288503 -2.43254139001714 -0.14189521540975
54228.497803 0.984695501782585 0.619058541183761 0.938886864399201 0.802931027671524 0.558851287103135 -43.98754 6.712662688 0.176647665843165 2.03066682236157 0.57064460458053 -0.589941154279601 2.69939412837802 -0.631357136316564 1.09542563919536 -2.33244168214188 2.76809543153876 6.6525505094795 -0.72447503044834 0.48894460225165 -0.854780871818231 0.941861477112711 -2.90807631019145 5.92621852702941 -6.17625803064175
54229.519007 0.315007816591052 0.665340797395608 0.940774329343937 0.804841358438778 0.550704994605411 -45.59735 6.717541685 0.172521280626032 0.936368405893794 -2.56196365552541 1.55010887867601 2.83638430512092 -2.60504509471767 -1.29217369851152 2.54465071229036 -0.776442884559776 -4.68566177730239 3.40294516050546 -2.54567384856264 -1.93487023064111 0.55773182572231 3.36223396072069 -1.63434436446398 -2.84791884797967
54231.475111 0.0365841728515262 0.66071237401599 0.93712714180389 0.801722251596271 0.557433866856228 -40.82197 6.714516663 0.17878359197209 1.05605601292333 -2.97061997272392 -1.70223756208017 -3.9696140307658 -0.83689301517535 -2.36129123352775 0.3365057961726 -1.93771069997652 -3.62327048401674 -0.37401543734238 -0.74439529117528 -2.64840559490623 -0.12200222334808 0.00945164207782989 -1.70368266683277 1.37696526639226
54233.492717 1.45347382228469 1.32861060353314 0.935533720419573 0.799023277720667 0.546986388555105 -40.27555 6.725873598 0.177810722405448 0.241514869107696 1.69690335438197 3.64993704427576 -0.408268294195558 -0.400305033582101 4.35267016172134 -1.0598496594585 5.76217793689175 -8.11534600135386 3.161280575664 0.119991771371437 -1.95267970488338 6.65565250781901 -4.5336523875287 11.3900147361061 -9.59117078136292
54234.506052 0.796978658377157 0.74853855040436 0.938309935127283 0.811284272137782 0.54829474339976 -42.95057 6.718298999 0.17839219955848 1.94384956209131 1.7052427066309 0.0546437557547699 4.18797456681218 3.10247321902744 -4.7834464103693 1.05834147401933 3.21567292317805 2.77099167255294 -0.469003386091211 2.17406940036992 -0.60433427561835 -0.403531417186998 -0.707546483707199 3.74990744345866 -3.90049221178822
54390.809162 3.30927287644094 0.487384295709269 0.940858234245701 0.803532962170851 0.552808888457968 -47.64014 6.704086687 0.173711847858112 -0.0143130106478815 -0.81762188832227 0.70484694521044 0.6233457228023 -1.89541458120332 1.8861535035281 -1.14257230337671 2.07360949291064 -2.93237105088696 0.48798351662978 -1.20016349615656 0.89825635806218 -0.25775541577783 0.26410056966018 -0.31032793656861 2.34184059600212
54392.849612 6.45831034470159 0.534662025879402 0.945322469605402 0.806696438302761 0.550861173190001 -47.28746 6.710958563 0.17238913520873 -0.510169270806993 0.35386872703519 1.44127768668511 3.25883273224711 -1.0882564366849 1.24228912683408 -2.68146180081584 8.0132871324535 8.73907392330315 1.03622005104991 -2.10993754374803 1.57643503876909 0.280809840016301 -3.92020404646124 6.32034408692837 5.83951055150445
54393.873327 8.73753516532134 0.519614461698748 0.94231757680596 0.802368663078817 0.554694331313568 -44.5271 6.713393551 0.172756168097229 -1.27035875318583 -4.1694932246069 1.45421198023649 -0.1488200803767 -4.67404048856498 1.10376208274535 -0.0152817422285105 2.09011334145302 8.56818135541222 -3.4063977631917 -4.49833041410768 1.53104391331606 -0.0199814757011598 -0.0416785947223 1.7550158261477 0.0426401814164006
54394.856798 8.98433837259266 0.5172343297609 0.940783329012451 0.804055432272276 0.554043481930015 -41.33967 6.713235491 0.176404925827053 -0.331478206173021 -1.84876982574198 0.219832968371119 0.2145505342693 -2.66600252352773 1.55289206707072 -0.354559662646091 -0.490356179209709 2.99267573002311 -1.47692097487495 -2.3416638170536 1.16017664582464 0.29466471868416 -1.43630790738262 2.10247559870725 -0.5378784112748
54743.828764 1.95686326242046 0.542408141173871 0.939254000742551 0.801613224025613 0.552758471812692 -42.51755 6.711731746 0.172628516309315 0.93306282332913 1.14656915808579 0.16012706860478 2.30333185311061 1.69285666509776 -2.26667457333311 1.16846152892644 0.28959829173652 4.98726517470309 -0.56054551303295 2.39395089216241 -0.97931054450164 -2.79268838110425 2.02914785353233 3.61371020527031 -8.01032681969672
54745.839211 3.54136805109308 0.531488067259697 0.940837401370936 0.803959887617192 0.551199019997092 -44.82244 6.71016059 0.1719362259253 0.9271981748387 0.23313697698845 0.64774435362369 1.17026786698036 0.60647571692193 -1.34634493315443 0.73050615689809 1.41382215050893 -1.68664502144325 3.53257738093169 -0.13190860388361 -1.43565465888928 -0.40781786547193 0.52547764838054 0.59815627505066 3.21734925148896
54799.793266 5.83553996512959 0.478093342717465 0.941844731068656 0.80336328549226 0.554458722901219 -42.58911 6.705972098 0.171271760489211 -0.0467774191186797 -0.457729939743629 1.40819208106307 -0.97577956196505 0.59868855981588 -1.56408760207411 2.3131165222154 -0.33754363194566 -0.51434383660511 0.37878817336763 0.186413055825611 -0.70176360977 -0.9525360989178 1.61616252462554 3.52154193464444 -6.14568512022214
54800.798088 3.25473387473638 0.441660011279996 0.94045264320367 0.8019945811744 0.555322978419426 -42.90895 6.707588994 0.172031781252842 0.147935439396249 -0.36588121567928 -0.40563213776729 0.15408502503331 0.31076677322364 -1.42147893322127 1.49946671737223 -2.99578536451183 2.63002807168365 -3.14123644880375 1.37194733493184 -1.21330933189306 0.58726992709063 0.58621642905089 -0.56833181060728 -3.78925515365129
54801.768605 3.40066462705906 0.404834669083582 0.939844669527229 0.802351160309701 0.557325601861586 -40.97928 6.707128811 0.170771565143389 0.979514602716101 2.15916835576845 -2.43876686742904 1.79671597897157 1.71969880446556 -0.12205586439068 -2.08495357279611 -0.75806656568463 0.72418009346637 0.64111662934497 1.95663282030155 -0.0778699611012605 -0.41139206476971 -1.98825473688793 1.00968488554808 -3.76798193140716
54803.730181 2.23197642783191 0.518138907220288 0.943711664930662 0.804101939391544 0.552140520668436 -43.67541 6.709136505 0.171487266383571 0.609615826682359 0.47796459707519 -0.96124264054922 1.20072286734636 0.79710809410307 -1.29925623436761 -0.71917611273828 1.02771827327837 5.60089714217175 -2.42451244419405 2.91535938569015 -2.76246662434275 -0.56378944469992 -0.720143679362101 4.92451243279216 -7.56817389174149
54804.73344 -3.0206035800238 0.561537012256667 0.945319270688235 0.80711082052852 0.554653554635244 -42.02412 6.704947929 0.17070339126523 0.869989519013845 2.67462916933348 -0.74677191384339 6.42301140173977 1.24756683961526 -0.55656494851438 0.66688538475491 -2.75979495299874 5.96960427330981 3.40562233865949 0.68093192592056 -0.49710366191188 0.36312381348984 -0.27353954571385 1.23811151157759 -6.25392281061911
54805.720299 -3.95475230108141 0.571730675994917 0.941214168684465 0.803234395158066 0.55048727494839 -44.82751 6.705267428 0.168606571218185 0.342640080478833 -0.99743628284584 0.67551596504185 0.47982099014707 -0.24731660715199 -1.7324696188914 1.250027520137 0.682991987391639 -2.72283959977949 3.62000469927148 -1.24057511802179 -0.87488593854869 -1.71110666503662 1.13448326536366 2.58790482423054 -1.80291693804191
54806.732944 -4.33433388848714 0.434378985324444 0.944934088219856 0.806251580339649 0.553060254326102 -45.98089 6.703149673 0.168433053491847 1.0608313037196 1.72786352182078 0.23829266506113 1.24631160415156 1.12648264840098 0.50183809630617 0.37854906077953 -0.9819534891519 2.38922696633668 0.0243647600375203 1.14618956127862 0.27852940404484 0.33317846233924 -0.0261994694985002 1.90574814978511 -5.66407786119124
54807.761284 -7.74196472577072 0.426426034076942 0.943075523827446 0.802887911354646 0.555356714816579 -44.0584 6.701887411 0.168534956057944 1.59894645257271 1.97191888278451 -2.23583627043068 1.72980296123276 1.18171115065821 0.60909310870492 -3.14847891945277 1.56826773462741 2.33246162977865 1.59007639175197 0.36024201460033 0.737958629043209 0.3459487181714 -5.01853731250946 7.87436823369516 -9.05766786656466
54847.725655 -0.273743627322658 0.424496008564628 0.940936699503699 0.811127309461999 0.549755390393922 -44.35481 6.707046812 0.170761351595721 0.996451122878433 1.38182903241119 -1.12396892981009 0.727548490959695 0.543316125701244 1.25241729517199 -0.888490897371451 -2.22655365338881 -2.73683307911707 3.06801381332799 -0.0303128412096553 1.04599492996645 -1.08647179279293 0.877051835720814 -4.65827152113997 3.73387948562017
54849.691553 -0.457853336029277 0.52044595131814 0.941578196355295 0.811416503883181 0.549623072723171 -44.58676 6.709101354 0.172452399420212 2.53467484380537 1.1868287506696 -2.01573597766938 -0.657847523614082 -0.92371260250702 4.45861754701505 -3.61860363643537 -1.46001412643129 -2.71344743203334 1.35566510650703 -1.49740942420258 3.73621195644213 -0.19062907573695 -2.07935357668001 -1.5185454768981 -2.07093184156221
54850.625399 -1.2086325317335 0.547481201617869 0.942869626674151 0.815580843113583 0.546920798852967 -43.25398 6.710949827 0.172124374401789 2.25717727886098 2.99225922974279 -1.12120303761522 -2.62687552807159 2.51500572475704 2.29702935532208 -2.31198792211084 0.16578775863841 -2.21011245240262 -1.05660130613215 1.15718558480907 5.17502600717778 -2.46777325008645 -0.350624402619953 -3.19950256433459 3.89652850714775
54854.70321 3.35483501244549 0.530302427893065 0.942202548923454 0.807773320425534 0.552110443415002 -46.3428 6.713814948 0.173563802730615 2.08010351340737 1.27580310896007 -0.24050774877901 -1.16995947434127 1.1287460216034 0.88778899098935 0.10848582912958 -1.98742730250171 -1.06433784271666 -0.77004961798552 0.86591418078267 1.95154956187653 -1.20434883290053 0.14454841088726 -1.27157895054214 2.14449380523798
54878.657242 -3.06578391137794 0.451703168952319 0.939297679308889 0.809833888831304 0.549948242713449 -40.37714 6.712196028 0.173564259551264 0.794348745874584 -0.81796865950283 2.84065113706347 -0.90864093489105 -0.40135605525512 -0.336291642425441 3.09705978269898 -0.237232747912851 -2.25782168196613 -1.39058110325987 0.52989153257289 0.34851725807043 -2.1121384279642 4.31030817185594 0.494037041574191 -2.29957872686917
54880.692225 -0.260143908129097 0.605254893558146 0.943973295149654 0.820647847751121 0.541179582912552 -42.47668 6.715089613 0.173789689226877 1.09715191803907 -0.766760187351371 -2.42604517146218 -0.00709269577907201 -1.12446549815273 0.704354253959303 -4.87498229594209 5.30351300440978 -4.02377884196507 1.64525299771847 -0.632481896965696 -1.97676352917068 2.50643510181184 -4.94516808327319 2.18941124801164 2.39747187905623
54882.618204 2.71857717700079 0.448411734584532 0.946320043744228 0.809850439977 0.549164434367549 -43.45954 6.707183997 0.170471415097203 1.42169509280635 1.14752863892617 0.98176938512666 0.24389285727122 1.37592918054046 -0.579232130072 2.40566814882451 -2.9317858855252 -3.16617281080403 -1.22708551003087 2.58188242156284 -0.50252858096503 -0.57144173268143 1.85054257391772 0.39036684220273 -2.88243148094683
54884.60918 3.35370101905826 0.661616726787022 0.940114415364389 0.806067680707029 0.554942424593403 -46.12038 6.707654202 0.168997974402276 1.31731408105509 2.24278792317317 0.888662818633061 2.57451411139475 0.8777652874982 1.38342188757647 -1.15053478005074 3.2797884677535 -6.19510377990373 5.36814500534174 0.19380964476087 0.14084538730764 0.57924515193118 -0.46200490551414 2.03534890446971 -0.883052808794931
54886.59519 0.0387828045350621 0.434108722932999 0.938139398834177 0.807066384454311 0.55184481508548 -44.81635 6.70238112 0.167609496282686 0.688043540119012 -1.11557654457704 2.00587485473822 1.1458849018712 -2.25794361845763 1.61150790595813 0.0612626465451931 3.17343179574803 1.1494057520182 0.709983185984474 -2.64504391792428 2.04438985884902 -0.79014280230458 1.09835066627079 -0.242272396935213 5.04806019658272
54915.586454 -0.967320460195624 0.530536676831588 0.9442350969879 0.809547808246131 0.54743873365475 -40.5776 6.710380049 0.173080085746066 0.0695761109105755 2.74054705009136 -2.45031463247364 3.29983498151584 2.39921061312809 -1.03960125295311 -0.843679683249058 -2.72670396585254 8.44509734686636 -0.59360694424273 1.52698309851592 1.97128248005919 -2.14163597731094 -0.627698599643534 0.152211549542028 -6.2216016850221
54916.523149 -3.65679705309672 0.454301012192056 0.945158431506164 0.81597293952547 0.541460431708427 -41.19269 6.706189802 0.171287117367412 -0.116645368511411 0.25604309946543 -1.11530832521806 -0.57601948411773 0.87643314602562 -0.92116585594226 -0.84798440975668 0.479467363304789 -1.47642817113593 1.68409578765976 0.29711884248589 -0.99968631267061 0.0117722790103101 0.0449554109407302 -2.86028932751755 3.44472639350067
54917.527667 -5.98661262430171 0.485473464428867 0.942988924452724 0.813181825657783 0.546641950207434 -43.64454 6.707396287 0.170443591081163 -0.255776040393977 0.32801186897914 0.62353238191845 -0.52991691372617 1.31967903298144 -1.66510894846517 2.10239743538769 -1.69645968874423 0.65350688416057 -0.90138512102813 1.01644293863652 0.99002326217512 -3.03222734265373 3.60549080849406 -2.94252088558435 1.01165574170517
54918.518134 -6.76834479450929 0.422684014590122 0.944683386253662 0.810388691645347 0.547438316394314 -43.76137 6.703078463 0.16964248224078 0.752415422757019 1.8011636817831 -0.881115983698949 -0.95092230799678 1.87550821136853 0.3614428515647 0.933330208230799 -5.20258144331313 -0.589009106501471 -0.134309082403719 2.37678136475986 -1.52084335978723 1.63876679356014 0.93673642821522 -3.54844806214568 -3.76680549744768
54919.491518 -7.15252714722437 0.390582842913708 0.944871740405609 0.812035525221536 0.544967393192826 -43.92798 6.704127627 0.16992684319206 0.901910007835568 2.53116065832055 -0.62096065583746 -0.421083406289151 2.78106721851154 -0.264438917429341 -0.248263820564739 -0.64081598286372 -2.97231168166498 -0.420330655177089 2.75258271079551 1.47522190125007 -1.92096122434427 0.0442510335494202 2.42281762693235 -6.17539670874775
54920.556647 -7.13778178950103 0.403921155265288 0.944187911168949 0.808393138725145 0.550692919141246 -43.1322 6.703100051 0.16933377433104 0.360508043448278 0.14721840468522 1.30608639200479 2.52643046363823 -0.21783288153528 -0.65352875111411 2.10984338298532 -1.30766962485535 4.59178148701467 0.15152717058284 -0.74711171026492 1.44509648502772 -2.02983708825111 1.74380090685179 4.54431802745318 -10.3811439948218
54949.490632 -1.53549290403253 0.500494601415872 0.941713916540695 0.806321478747365 0.550006147920743 -41.43513 6.709174033 0.171761871822819 0.866880031308691 1.16078991029704 -2.53847858462402 0.58812500038814 1.18187279007524 -0.358296925868839 -0.511183853680596 -4.79084253775085 2.12495583165215 -1.41532509131043 1.7061455960595 1.61050498711169 -3.67627186273112 1.64316631126841 -4.03396531281843 -1.42872286199284
54950.50076 -0.280052285255721 0.455760245530194 0.940635054768643 0.807658417110866 0.549825172108539 -43.23435 6.70703297 0.172203296730359 -0.342182938510801 -1.00409024248509 -1.07282152123485 0.92326728032249 -2.28595716227928 1.9904568476745 -1.53295912974547 -1.36789244108993 0.115245588694776 1.90278869270821 -3.01402110848096 1.81412747677083 -0.221237442905843 -0.705514110037039 -0.940410290810994 -2.41557819259508
54951.50458 2.058994550542 0.631569420702406 0.944622593477934 0.805132727269315 0.5504805787039 -42.44225 6.707805223 0.172198383220163 1.00741041108475 2.20244922639518 -0.0947278545988097 0.119176618785222 3.45949164932644 -2.52929755281338 1.48924459160742 -0.84276381234292 3.64282798706065 0.507205462465396 3.35686649167915 -1.77143920095916 -1.87384190508028 2.73483616891255 0.30758517010343 -5.91266135482989
54952.482973 1.89869047858691 0.488562280962122 0.943298872187532 0.806820808579076 0.551783060563221 -43.51387 6.705864834 0.171045397709943 0.300372468894201 1.05595210378027 -1.64811721549533 -4.19654296922491 1.83562248851022 0.66032542424461 -1.21360695848482 -1.93708869514305 -1.61641385634199 -4.34069563501326 2.53465292406719 1.19595386886957 -0.26344219286558 -1.85948679730644 -0.967876065788591 2.55233914213157
54954.506053 2.99959972421683 0.537426675045686 0.942179969135737 0.807422721736512 0.550898113669112 -44.04921 6.707726356 0.17039937166011 0.231575399709946 1.26393871843304 0.29841154280486 1.74363719831662 2.03734727396847 -2.34874460122152 3.76021298832692 -5.85655675460346 4.00496506127728 2.22945882551359 1.50229355138107 -0.99857311649551 -2.95001593336773 6.27322830072725 -6.98604209774064 -0.517940104968175
54955.490545 4.35250024549204 0.465975493518563 0.946342518758679 0.811923488400627 0.54852021790763 -44.86159 6.703736045 0.169860661287671 -0.225316285920446 -0.80661075047724 1.03143241874554 1.09507709708187 0.27124742840252 -2.7219735604001 4.21943685821234 -4.75892485653352 -1.54682355623283 0.220708390985259 1.24841422074651 -2.47304884499386 -1.2086011252334 5.07936228312259 -1.5522444970117 -9.24013616853954
54959.514878 -0.555075448929236 0.864844445228351 0.944789686147469 0.811568846550879 0.54870467639808 -47.63221 6.71155818 0.167583267155891 1.66022129865875 1.28045691426761 -1.01811597325387 8.29639236027144 -0.591314495868841 -0.132904770627404 -0.849514988309391 -0.24814567574287 0.18016220117022 3.39899522904023 -0.521146053316435 -0.302345107157797 1.60694953072541 -2.52748186507891 3.32611106078185 -6.40044702570706
55103.879574 -5.98061840456155 0.850867913658045 0.941742985076732 0.801367147543397 0.560534316917543 -41.00205 6.725759382 0.171111993027201 1.56776740563273 -0.70753027023952 1.14741365988718 0.83762895712226 -0.12328923498528 -1.54835050814475 -0.76193714851038 6.33312816486118 11.8645880874372 -5.04432690027319 0.38185143994821 -0.64043454150685 1.37132863373578 -2.52451889915558 5.10887774489281 1.40407509214063
55135.779036 2.58736328174202 0.414672724131488 0.944431079591823 0.805572510789574 0.553302986096241 -44.45682 6.708450343 0.169827870451602 1.24331604081482 -0.78579694863882 1.04909783160454 1.70107166595585 -1.45735494441059 0.40942418015676 0.45161931293776 0.96531913562775 2.10594505850326 0.37150098584077 -2.05892281764745 1.45949816117252 -0.24446207044218 0.30438126591523 1.12411420158117 -1.04101013387001
55138.858434 3.37951403994273 0.518572194827009 0.948433056672098 0.810485967288698 0.547883007818893 -43.54965 6.707920005 0.172002263219356 0.926451489398916 3.44420998450195 -2.05704236257668 -4.9614240116745 4.19101699061839 1.1964465829788 -1.52185184647461 -2.72381566730699 0.59915403441861 -1.50178708977933 4.18617986682218 -1.92142883606597 3.45432984963415 -3.55143452068982 -0.14829055114657 -0.44963239045736
55139.83319 4.19504154900629 0.760861988285937 0.949891536613257 0.812109858128601 0.549314820605292 -46.36373 6.709026671 0.170147634974086 1.15358244600553 -1.83530133594796 0.4123267912876 4.74493654081828 -4.14639470460575 2.21149123969892 -0.70653018933309 0.0492560798945401 7.36750488454775 0.18244217079654 -4.38821005442338 2.72628036185095 0.00261704734363999 -1.90445836493871 4.01367985251728 -4.11884598423732
55141.82033 -0.179146624740215 0.51691249796279 0.948222885597311 0.811144923559814 0.549967138651332 -45.75341 6.710343152 0.171210076005858 1.51988462455066 -0.957650631161605 3.8532887739362 -1.02984207489878 -2.19804468381379 3.00374078097403 0.695747563008982 4.03380402673128 0.63419674536495 -1.72470715854763 -2.36070651054264 3.37268643883899 -0.181023415932311 0.890197161323996 4.55583301346306 -2.46565423162513
55143.786577 -0.631900510003445 0.585380158304442 0.942845738250435 0.801162102142561 0.556012291452909 -44.17717 6.711793967 0.169723471424628 1.18494208940368 -2.22732651574515 -0.16513831682262 1.48352814863291 -2.29635042547342 -0.629506051729931 0.698818626696061 -1.32381581515113 3.16636961724193 1.07215944371957 -2.80984242819313 0.03146726615388 -0.77017344515424 0.12104505677767 0.57162607619044 -0.4215694284041
55224.705978 3.69005388221274 0.552325283132067 0.949744957136378 0.826620157867219 0.536502543605067 -40.21315 6.715642786 0.173367638983894 1.00931624093287 0.68055839733874 1.38437465270094 0.64383304129263 1.37180784037515 -1.70358448244569 1.54872258863687 1.6058967058958 -1.58703670372204 1.26324291717464 1.33829360475872 -2.48052427859021 1.67647954997945 -0.20997470825833 0.97620555087144 4.32062441639337
55231.736105 -2.43422854703383 0.540348932356555 0.939532097664551 0.805702555883643 0.55326437727463 -40.32749 6.710545743 0.172731509105528 -0.235573120313314 2.62614311323568 -0.55482522777737 -4.27399850462483 4.2455121059102 -0.96950795658562 0.79010426143228 -2.07792713207808 -1.27165860172934 1.6155146404023 1.03198811932775 3.1672780564719 -3.27424006540619 1.11997639176969 0.01526953390161 -2.89122610372393
55241.706077 -4.43011902062997 0.531828017867617 0.940962628490048 0.80966753153898 0.553330242998928 -45.77878 6.708427824 0.166587935884544 0.38442206157383 -0.19871336838536 2.06202552311175 -1.64220372746517 0.99298582588687 -1.51360788545162 3.19375010258773 -0.91260841255315 1.59213489324144 2.24926044139605 -0.08942492577488 -2.91376944969778 1.78566561587266 2.10775153086416 -0.00255483469813012 -1.14614522350714
55242.74666 -2.73043863071583 0.554330868971415 0.939668362534261 0.812047137287512 0.548183018234187 -44.04317 6.710320054 0.166836363200523 0.57762629014074 2.84380943866897 -0.05764651745645 -0.0459478076477504 2.41312966540278 0.87038905733462 -1.65189228283868 2.76497879942848 0.9145436196682 0.71194479225717 0.62454132796044 3.14885224707582 -0.722898850126497 -2.19149723811199 2.70064282622134 0.337439160018028
55243.739048 -2.98265457120693 0.494159090202574 0.941724346502944 0.8097700607289 0.552488160364469 -44.71705 6.710320328 0.166882176573282 0.209795581399406 -1.78874584004879 1.71238497731464 -0.85869913246861 -1.92737465404436 0.70438239309074 1.1724199941988 0.4792257442718 -3.8040768758222 0.5608838999846 -2.86786791117123 0.522584210972 2.70276212127089 -0.77820633190846 -0.41400432127684 3.65657095579552
55245.738407 -1.33916278624555 0.50707710636617 0.94464468426378 0.817977097082505 0.549825699452569 -42.25378 6.708421592 0.168305732021077 0.352886079868013 0.96392857167647 0.179007353784558 0.16942826376779 2.08736962714943 -2.279587615517 0.49429386881322 1.87132218336003 -2.14653726530639 1.14786970300238 0.781837165977449 0.244407534294895 -0.816336712334934 -0.90079424804053 1.77108104356322 2.96079403015727
55246.70054 0.218331560221617 0.529895955937766 0.943388688336244 0.813308778084535 0.551040967242692 -44.00192 6.709083858 0.167354283412011 0.722401888096788 0.828495797612863 0.322509004860296 -2.31596860485602 2.0248294896772 -1.16901746605897 -0.002843051338768 2.13599097715264 -3.64547120190093 1.0290421014869 0.429955881079414 0.682921735245087 -0.38830184621004 -1.34056642961315 2.1271527734886 2.79446248435583
55247.734026 3.0183170400186 0.703406550784367 0.947278280040381 0.817252969597626 0.550094939125744 -41.91669 6.70808137 0.17053164227842 -1.39021336108759 -5.50112195405325 4.12391785808837 -1.78621200757221 -6.29784051561476 2.39063030118309 1.94641433989358 2.38403280178819 1.5865472723312 -0.89479489145882 -6.55477546401489 0.819705444475502 2.2686767917139 1.73754977120666 1.01827057351928 0.216417950566741
55248.709028 3.67567547729135 0.54536895727947 0.941670000859359 0.811010874355777 0.551625660816525 -44.97915 6.710610101 0.168279245194696 0.604518847782107 1.37601552849148 2.78617953059541 -1.77465526459922 1.76124713650265 0.1499675481478 2.92607382434875 -0.51268133357847 -7.82985474053387 0.3818658092872 0.57758641178962 2.15502602334812 0.10954304769048 2.20664010176175 -0.38591152106607 -0.20558130731035
55279.542612 1.0747613364445 0.643552787963584 0.938275821962792 0.808556390743767 0.550689313067277 -44.56458 6.708405907 0.170591560572411 0.407984516262721 0.613068309197612 -1.48796010568984 0.65829425248088 -0.239644751206347 1.35243485728886 -1.34620732425198 -1.94250980756274 3.44168742834004 0.41108079402402 -0.841827242474637 1.63655191572871 -0.44610300692805 1.03989116764149 -6.78553924477807 4.35075065456797
55281.53313 -0.891528811107856 0.496093055288065 0.939706388332781 0.807153932855695 0.55485181754629 -45.30402 6.708679728 0.170993684844044 0.191750102137172 -1.18157371189139 -0.29143685374731 1.73720742316292 -0.206787307661967 -2.93306908205477 1.92441032184444 -1.8113568948915 4.32149218797457 -0.222455472092912 0.37962992931485 -3.76430005158984 1.42120619629085 0.24611972644931 0.15963159747895 -1.18171629383011
55283.55345 -3.90094919465455 0.423790672079637 0.93800944290673 0.805652184158866 0.557718372187449 -43.56664 6.707501357 0.169051425399812 0.262277215722008 -0.94785133005891 0.00883180003001005 2.45320529547348 -1.2302887288384 -0.766148425593641 -0.0690236156831494 1.10155829402263 -3.80408956340846 3.98175857940101 -1.29442853229003 -2.3380510676463 1.41233072773197 -1.6883386232281 4.04602068379442 -2.89776135991033
55437.910867 -1.87159649831889 0.528291057495768 0.940125225878917 0.807316175785465 0.55736682822795 -44.41311 6.711318061 0.168646100824639 -0.309462926428062 -1.94134906138938 -1.41918476477761 -1.06736153679524 1.0122537162045 -5.13263806091703 0.35465929744354 1.63185038521864 -13.3319285965163 6.29336981002551 -0.881921274939139 -2.18657509224625 -3.19926483221107 0.54631938073026 2.24546827305306 -1.44287668393379
55444.881265 5.43923708643385 0.547807709342998 0.940688933461627 0.80455341408542 0.553632543233356 -43.31113 6.714596191 0.169529541314988 -0.228407184721331 -0.65080789618366 -0.0566933812031092 -1.57215352198084 1.02269824006791 -2.40899813691551 2.09115207054951 -2.41012447487274 0.62461766981253 3.00533559759476 -1.24005144743055 0.373822982489139 -3.02916832375489 2.27232220807238 -2.00457275166496 3.06193050229822
55446.860805 8.48306528622797 0.640258180177131 0.93923607785585 0.804517751770234 0.555103611014962 -43.79204 6.71928199 0.170786690143547 -0.352003816113961 -4.28142960387818 -1.23071097786194 -3.9252453031366 -2.69366255248847 -1.1851158067145 -2.19149226504799 3.56858793024974 6.09768183659948 -3.279748543485 -3.87920515532396 0.57682657424387 0.21924697495762 -3.76125913558694 2.16064049570005 5.21120488670376
55456.903702 -3.95826472113115 0.498061302599997 0.937386055957792 0.802101829849414 0.555896394977634 -44.40761 6.712442637 0.167639878699487 0.332067377439184 -3.07992637169395 0.208210102835801 0.0786096289445199 -2.12130116854397 -1.89680645206828 -0.91885136386908 4.96144921187869 -3.88421914782384 -0.3607680087492 -1.52353598227421 0.19329104523219 -3.43579877026204 -0.30449458765206 3.40773943505977 5.24737814050324
55480.890971 -0.649796702592718 0.60193155760599 0.93962065545506 0.803482501211065 0.554410162605791 -46.03134 6.719125327 0.173759920273478 0.79281925513968 -1.82794554458209 4.11968089790401 5.23909228558213 -2.28684401302114 -1.57748530746598 4.12684014544671 1.80328720483848 7.46903427445724 3.79248951464251 -2.57169398228638 -3.46882907350107 1.96962538611294 2.29811126513111 3.04313508685437 0.59344087430544
55484.849656 -1.75204812964267 0.627919374403319 0.93562078068394 0.807211786013308 0.553834017645898 -42.22772 6.72395051 0.174942443783968 0.848331882823547 1.25941263033462 1.93892211421477 -0.49071056687466 1.61600768891568 -0.45021762235354 1.07687217072417 2.5315741526573 3.84239415557058 -0.87220477237333 1.85651384693942 -2.14755372682243 2.49070060761321 0.945165864475748 -0.956746111606981 3.02048279152629
55489.832625 2.13573513399856 0.461425448868162 0.939224926387276 0.808737583407822 0.552202576004816 -38.14565 6.720383355 0.175142036980501 0.842319151972775 -0.88965806340987 -1.21416809632572 1.848054958354 -0.56409618580077 -1.5022573150007 -0.92236668238008 1.01687830271771 8.39465711171474 -0.0245811781172898 -1.26364416835522 -0.92094397990801 0.48194249963937 -2.25887329771773 3.23034817615252 -3.41546806797769
55494.816313 -7.11378626355015 0.529039162384397 0.937833334928367 0.806268524772642 0.555097692944683 -41.9246 6.714035424 0.171222515072159 0.617947698671845 -0.78908378901889 -0.821837536302009 1.38644203745072 -0.75965364263715 -0.71262820433237 -0.32274202345477 -0.38653648862811 2.76770613715 -2.49894227446098 0.1336097200511 0.28078127132034 -0.85338420414457 -0.96328469921835 1.34440975495679 -0.47561667381755
55497.866752 -9.93782192857003 0.51766902910415 0.939027022962334 0.805420381633667 0.55563778511443 -47.08825 6.709838744 0.166392728497047 0.717001759324464 0.11271322094014 -1.81235450054963 1.65049957687634 -0.55490611475034 0.483023001497941 -1.42875084613504 -1.4956150682888 -1.3073315336609 2.96586892219815 -0.661462779333052 -1.7462813492812 2.20393346457473 -2.17649400936513 -0.221246497990501 -2.0924067117793
55501.847455 -1.61414893952416 0.515802639826069 0.939147286724424 0.808497355246231 0.554663271176143 -46.02188 6.706552556 0.163295884359647 0.531592750229638 -2.30902901779801 0.89886661679343 1.24863059495858 -1.7566547757585 -1.65208443961208 0.34204148362967 3.26081773035793 5.41372275965831 -0.491655739575337 -2.08292695631302 -1.86312993012679 2.05055545625625 -1.1467118108529 1.53392344001953 2.83640315216551
55507.757519 -2.18335505986668 0.463244708907393 0.945183071210869 0.812998127769878 0.545746222510063 -46.33997 6.709762756 0.169047933921832 -0.473462051819579 -4.01279147440055 0.21236091696664 -3.04894133754975 -1.85940855131055 -2.64527321432136 2.27731488152334 -1.97603103349307 -0.40249697668938 -2.43719126501657 -1.33316663210501 -1.41574789712481 -1.80282280227279 1.51153101842994 1.72359596337911 -2.7477532873069
55515.823044 2.8606369274673 0.586404833891061 0.940036239407291 0.803349043341907 0.556020915279167 -46.1367 6.71935987 0.175445880843455 0.974777473773474 0.21900893961457 0.52252685299643 3.65218299686335 -1.73867165346514 2.03201649084709 -0.0479193816540699 -0.95248829988668 2.91327076143237 1.49085869906582 -2.93978263027629 2.48328933672536 1.76932481269609 -0.90702248624904 -0.79476641599946 -0.90992497328421
55517.729579 7.17361781156515 0.535175740462874 0.942175562658919 0.805911824800833 0.551505217809986 -44.49412 6.719910207 0.178271144161877 0.701320129715705 -1.96736639591063 0.341492108653219 -1.7325345916616 -1.38280621005508 -0.296536952906369 0.428544911631169 0.13163264352743 5.5846378644777 -3.59069020679923 0.3339159788828 -2.33871936642776 0.85375931644049 0.52314772927754 -1.01350401287562 3.00656314217962
55519.725536 8.3062532216046 0.619921059812464 0.940900936712621 0.804987851995763 0.554062897183458 -44.16546 6.722768377 0.178946318934894 1.42143351174091 -1.58355620671021 1.16808362414236 -4.85297510059079 -0.47160136268248 0.17354031941965 -0.61049164196315 4.03953259216007 -4.23228623168015 -1.18417447831394 -1.17984052382362 0.128099565204931 1.30995552110788 -2.07006739090664 3.58413431574644 2.3238821114469
55524.735096 1.41510148397283 0.436845247314941 0.94104578949508 0.806652877007184 0.548840089154071 -40.45196 6.718262248 0.1776003254126 -0.514362202596512 0.93175863055709 -1.69336384925203 1.61348240753088 2.04213069550274 -2.95739870095422 -0.106720174501619 -0.381084556508541 1.50332514063465 0.743770466644471 2.08257552419112 -1.79164841986677 -1.40440611627563 -1.24301778132758 3.04435951371636 -2.38019953283404
55539.669107 -4.83074524896048 0.572369238475414 0.939450597486675 0.807427784104056 0.553429944661915 -50.58922 6.711240498 0.163164658050932 0.399623355222096 -0.25286221604211 -0.60559181956861 -2.85404257700482 -0.27860144799777 1.38826311069055 0.14412486033724 -3.33129390808754 -2.63786594708048 -0.19942892699115 -0.59618744896022 1.41160001220324 -0.760962951561281 1.16609060530564 -4.06743833750755 2.11155518597537
55545.789474 4.4750402587999 0.483521109645929 0.94019476022596 0.80829433649524 0.549438266683008 -46.28946 6.706317514 0.166500122302195 0.679063785583573 -1.94343213851858 2.54197960617177 -0.73155382811935 -2.32047643140776 1.06588887828209 -0.34099212233699 5.77851892428127 -4.48511559693597 2.1097253753588 -3.60857893654162 1.31897850468771 0.89597589118349 -2.64570411183258 8.40886295449982 -1.12999123254594
55548.744913 -0.132022450076263 0.45779570271727 0.941830721576055 0.805710159960352 0.554234250080046 -46.18585 6.710033397 0.167556342667974 1.49822709118023 -1.03950148313734 1.94669289010441 -1.03414643171678 -1.31674960489403 1.02829781801691 0.72835197595701 1.78420675614477 -0.54667972356541 0.931337294331137 -1.51052066600866 -0.665655004314036 1.63676501808635 0.0441913080055703 2.04042694580619 0.0216969840443197
55550.616989 1.34631650483174 0.582890080098844 0.941530600623016 0.812350743733813 0.549268270061015 -42.0045 6.714045138 0.167602606345907 0.853858084444234 -2.35514703912585 -0.270465080568888 -3.38382345788953 -1.95140954854669 0.8401397297179 -0.838764118280836 0.397908219213136 -1.85267036654949 -2.31510511458426 -1.248397501112 0.333441440415548 -0.423001849423992 -2.16921101777536 5.04540880338875 -3.0076567021691
55578.775272 -4.92853680403616 0.575235138475642 0.939470608114978 0.809159599722655 0.55589351443754 -44.67219 6.708822738 0.166605272035648 0.858474895870872 -1.6910778822843 2.62102526687857 0.57590697182572 -2.76447930120138 1.80598805046445 1.98618039287756 -0.5936643712621 0.29596280811749 -1.78883062666693 -3.55928166340427 5.45513338169247 -2.82132664893331 2.80506867072489 -1.50999922964977 3.17617682076874
55580.742479 -6.96232831628282 0.496584600627046 0.936303411586248 0.810009907219415 0.55258967571112 -45.48095 6.716011618 0.166657901274746 1.14713422680376 -0.544065905738529 2.81143831878243 -1.07266755891471 -0.33811051187233 0.1056377547483 3.2767820692984 -1.23323376268976 7.58799804303026 -3.49765177228889 -1.06961128607459 2.69982295809594 -1.40523984457548 3.16671373998572 -2.19097802852744 4.3060161176656
55583.775183 -2.8045043578092 0.547716078684786 0.939492635661008 0.813691524972786 0.550208505995527 -47.64079 6.717883381 0.1703591927312 0.254592086959364 1.74223050350845 2.40264305538091 -6.82977184747852 3.24536223515717 0.20215138675726 2.08552092975287 0.525874297000916 -10.4309361438196 -3.11330280106254 4.48672946908024 -2.28732205047928 2.95871603968635 0.3655544831184 2.79754798199685 -3.31930504635478
55586.729794 2.96872538455802 0.552033143287459 0.947136973240163 0.823434050330307 0.541368777673735 -44.39975 6.718982527 0.170373497329712 0.980973884645517 2.42851496817809 0.36924562441195 -2.18453999292807 1.25990088588298 3.20497352526647 -1.51939410053627 0.85075656985104 -3.7041180716437 -1.87784113367836 1.50739535248519 2.08557319872355 1.9494144506795 -1.79864275096624 -1.23315085223932 4.32980801360064
55611.610147 -2.74897202916668 0.471306602938689 0.939001434185748 0.814787112340647 0.552988167845846 -45.71414 6.710561267 0.165619472353846 0.681209547711915 0.83770884774421 0.62570226256549 1.50690978026455 0.5862695803321 -0.24947859333804 -0.60889227822101 3.29750657666041 2.15800735329621 -1.06962546722253 1.78999760274154 -2.39859852218386 2.68505147984202 -1.71119313579691 0.73288674742183 5.0527440563527
55614.631416 2.43945180879016 0.580234535474453 0.944080803695377 0.823180916690058 0.544277171055661 -45.94849 6.712826555 0.16596069262902 0.477509050711592 0.82523260878334 0.68029939651547 3.21789143740247 -0.0607109699615398 0.25618411521626 -0.97328582681841 3.60821841607059 -3.29323741364502 6.59532239564775 -2.00502421210162 1.03507254025049 -1.08446784851303 -0.43238261633953 0.8439643180546 5.33243251686045
55616.616014 3.18243178474383 0.512600411737944 0.942880821688444 0.814767264391915 0.553501636738241 -46.73171 6.711510235 0.165100348473906 -1.0762065020657 0.49039644616739 -0.52874371087846 0.31473127718955 -0.0363532887100302 0.86359407198732 -0.80731045998068 -0.32560924180205 -3.43344306488248 0.42178485385072 0.9545703163195 -0.90060172798806 0.80255141062659 -1.39136770801418 -0.87360998895318 5.78637063282574
55631.589662 10.1833482749385 0.587858956223923 0.938731893757175 0.809287310280393 0.554257785196211 -41.75396 6.721186477 0.17472449970167 0.868007449593651 1.87667689822265 -1.98650926829893 0.432459614829071 0.7173955916012 2.0048019993247 -3.9914916906455 2.4892243139064 10.0989872725525 -4.14056374143228 2.01756177864008 0.072669798124501 2.0147553467434 -5.06410035893314 3.26135238096134 -0.1500674496621
55632.602644 8.68886403903036 0.534583434672828 0.94075062065762 0.805819001866654 0.553300089095652 -43.33234 6.719204496 0.173292242882193 0.744708385505655 -1.44512864831974 -0.28252514257569 0.76139257995761 -2.23058879825139 1.14160640443233 -2.285150274687 3.46334123812498 0.56431370707219 1.00737604421243 -1.31719440046951 -2.64988041501428 3.34258976193351 -3.47960653285515 3.1131827698288 1.12270833497553
55633.586958 7.90283195371783 0.549026579971748 0.942966835045819 0.806091600181035 0.555250262549505 -43.48607 6.720615683 0.175132982900472 -1.11779575127513 0.20724406451508 1.82340166240978 -2.3538698027974 2.00429042409263 -2.33301190053357 3.5912550618505 -1.57339735012754 1.91334230465809 -1.05000997756846 2.03409482126396 -1.42729244367694 -1.78084435982317 4.86052398747622 -2.22559275621282 -0.989644428546161
55634.565044 4.9665211335871 0.523601331380493 0.939511613420384 0.806567112532208 0.550932012164021 -41.54873 6.72269268 0.176117905465288 -0.0848076629237398 -0.38051647119236 -2.52979814592855 0.85047216194513 -1.30661864114611 1.3710179265002 -5.71447348239117 6.06553330579524 1.0403737963941 -0.10878528168152 -1.2350059710017 0.266499615667191 1.84554481806967 -6.50909884572166 4.59972593027031 1.09800376707798
55635.598453 2.95752235448934 0.600933845012421 0.939729695778188 0.805404390742139 0.553622650936211 -40.70112 6.725814761 0.174749131252038 0.372528297435067 -2.51230973393358 -0.19978606257405 4.21619949849108 -4.87838362284277 2.61870670992408 -0.73634719205901 -1.67493977176491 1.96214407139633 4.04871885925616 -6.72512630472248 4.1749419211096 -1.32832311590038 -0.0198471020041899 -1.25628820976597 -0.14973941822555
55652.539844 -2.78114677703552 0.422858705202886 0.936356223950523 0.8061912349894 0.554950959474972 -43.69622 6.712782693 0.169789794709858 -0.789924024208837 0.0784540542913401 -0.0803618791878802 -2.97503365966168 1.29910172661246 -0.97302436188393 0.96925933356964 -1.45984318155942 -5.5835394738791 -0.9787887498662 1.30880293659077 -1.00073593518216 1.08094302563623 0.01611586273166 -2.25113057183736 3.64108081398984
55660.529239 2.69588284421279 0.664265825078264 0.937505484840824 0.811128374782332 0.543185849919429 -42.87727 6.716275752 0.163983057742204 0.550328830733728 0.8669633422555 0.91125387652248 9.77941930271367 -0.16069756803563 -2.58280257303533 1.37359306111035 1.8380278351745 4.11997453056772 5.83077649551577 -0.622157794376371 -2.40245538107402 0.43853754345232 1.512925482957 0.25631838525557 -1.0708048588138
55672.495125 2.75215881184739 0.520864103635772 0.939456527964622 0.807241309462039 0.556230232691648 -39.48008 6.713518031 0.171207210863105 1.11666708089123 -0.2232840788455 -1.79745709668024 -2.85572973229398 0.67619922215272 -0.36946008392472 -1.34979871995941 -0.652990320399997 4.70582145315874 -4.23425285181816 3.0949246779311 -4.28406771986702 2.70878564642303 -2.74879565024092 1.61153995328503 -1.30586366958295
55676.488936 -2.37014442915864 0.416613170537059 0.940079998329479 0.80464715489531 0.554903724125668 -45.27193 6.709069354 0.171049121441935 -0.0531330129217803 -1.04755058274462 -0.70681877831415 3.63185928904812 -2.57030150404609 1.14119862852655 -0.25647153280265 -2.55565863119909 4.12549110095272 1.29281908338822 -2.59062877676314 1.19440686730426 -0.73798358370137 0.57006938461831 -3.10857898191682 2.06980393594391
55682.456882 -1.88547468748962 0.457825944734073 0.93889225697977 0.805086394428237 0.555951229895106 -44.73564 6.71255634 0.169221368267382 0.683140014250913 0.8382718365469 0.17921797461967 0.76896639155502 -0.19275424821015 1.60743834353478 -1.00708761861383 1.01904990956143 -2.92531618983937 -0.28742632538796 0.50277985148082 0.83023107958327 0.54168089631786 -1.79770265737079 2.83246145424928 -0.742715430179118
55801.921742 2.77597635268237 0.933222999170821 0.943162486262273 0.805665190440328 0.552684938370672 -43.0639 6.722803018 0.162376153453791 1.88662138088171 -0.82154601239242 4.31513859426913 -0.90572027628859 0.59719460793618 -2.33009719712944 4.96386149044162 1.08332273772618 -7.62798848680084 -4.68905487604506 0.748101938727895 2.85224832274793 -2.80211872907211 5.1085319391802 -4.04732597236 11.7340157183438
55834.883399 -5.31340682883578 0.475633633922017 0.940769894192137 0.804543494162588 0.553955462334889 -45.29891 6.709435275 0.161971865982567 0.329177330265476 1.66871159075758 2.36919762319321 0.876417916058911 0.94701854611301 0.98549578909323 2.49314170917993 -1.4351924923719 0.16574607997435 1.07401228160052 0.643969593270899 0.67659744148896 0.31722249833592 1.47874692774526 0.0164110374214301 2.42934037946657
55837.840275 2.95761819024353 0.484637824603382 0.943001200089831 0.806938533887502 0.554635278683749 -45.56686 6.712415667 0.165653264556572 0.872884057898903 0.62131481912479 0.55468845908624 -1.8641173320795 1.17679310687809 -0.20740858556529 1.21342455347844 -1.36023436144716 -5.87456964793514 0.69405580493525 1.49673050505793 -1.280878554383 0.57734642563484 0.19965128124808 2.04361257044029 -3.51779191180218
55841.844882 4.72126581373509 0.5856087576979 0.940980851076883 0.803647904409357 0.554386018436136 -47.03521 6.720801458 0.165720845128976 1.13429656894195 -0.43182634856762 1.29159599333638 -3.07540140435318 0.9745175795631 -1.32117581783619 2.10578259009763 -0.46829744414582 -1.5182299564474 -2.28176065382973 0.85846379301032 1.0850943429205 -2.69931644185544 3.24752493205617 -2.70120434921352 4.60479143274469
55871.831899 -0.754679639789288 0.65952256501631 0.941064359511571 0.803363535479073 0.554615107481738 -46.87208 6.713255303 0.165117013372041 0.674863289340426 2.02821771217043 2.28106887570193 3.47020958208417 0.57347626802708 1.25628984478855 1.16732996888845 1.24941992163264 6.24233108464763 3.05348302772331 0.886494482227577 -2.22453391902075 2.42408978639979 -0.174775292365197 2.95383985083107 0.28044241221184
55875.79443 -7.34230346135911 0.512423730106419 0.938948985999716 0.803913562837616 0.554816626224781 -45.04301 6.711865272 0.160760334881359 0.614723715668793 2.53335995944348 3.63050105536101 0.565358718477679 2.22542724236079 0.33470669358 3.33956007436643 0.31842556182634 2.93636958014361 -1.64741071619741 2.52486726473736 0.26051156159525 0.85117899366641 2.61163628762089 -0.678823028138649 3.84787254410767
55878.809497 -6.44561136127087 0.69455736429855 0.938865715620285 0.804533360193172 0.556423932417305 -45.8639 6.719648697 0.163994711005178 1.64371924873486 0.49310727936725 4.92333159756467 0.64130096632972 -0.86858968354217 2.30980091306144 3.65753947006367 0.40100389007821 0.5909800514643 4.50605054345634 -3.14044166380602 0.69778423917835 3.52629213229923 3.06199694888332 -3.07018337646807 4.76995191831357
55893.802925 -4.16177816768253 0.496442909111989 0.94270363078841 0.805908659943682 0.553663970696749 -45.76814 6.710616134 0.163004924129546 0.535415546743187 0.52090165463602 3.82164801327763 2.52685598792888 -0.82705934441125 1.41544942799748 3.39408123045247 -0.622822176010079 -2.09093021037599 3.26858016833213 -1.36618174360628 -0.16184740194325 2.22884880478785 2.72235524360253 -0.441832436881256 -0.56346792291282
55897.691913 2.79319153458606 0.566457359427945 0.943999957132176 0.808738638331509 0.550196235415952 -45.43287 6.710709396 0.16452348169443 1.7276234650917 -0.31971561755236 1.34930057040252 2.62882088495535 1.4474690120782 -4.47568739731514 4.79998539213636 -3.18591014354741 1.26166690237099 2.68333605651977 0.88691391201658 -2.23441856795666 -2.74181520984347 5.14407106393588 -3.15219718149989 2.19147087100965
55900.686668 2.36018870856921 0.578627507883911 0.942233923898067 0.804184932280229 0.555886685280658 -44.62314 6.711284272 0.166502885571923 1.10105256719331 0.31495097389935 -0.27253107904922 6.46927295438176 -1.04117741040186 -0.30939326154425 0.67709022165244 -1.91519849753881 10.2732017190554 0.17836679110799 -1.60203450548368 3.17234820352375 -3.33243089190884 1.07758659977898 -1.24463890975163 2.27238191324835
55902.822991 -2.15626240017986 0.510150056545479 0.94284205978714 0.810153396555231 0.550336848758995 -46.55918 6.708554779 0.163831263824137 0.864055131888625 0.73473961401835 2.96884597088167 -4.06857075245418 0.7253400827881 1.76124704876328 3.42018127517562 -3.15801179247164 -2.11518287486281 -0.56816652570656 0.02964773830774 1.10401855963088 1.10384466092718 2.3537838355635 0.623396111656876 -4.28928634553361
55924.800931 3.55321891411619 0.497560839537181 0.942735773881546 0.806729261576107 0.554550119097029 -45.32566 6.710915499 0.162598086925747 0.681256043293065 0.35846949104348 1.43966131808269 -2.6189304740685 0.4478213408824 0.91901623277628 0.57950626006014 1.06356458641489 -3.27500982762512 -0.14695573963425 0.72685717049878 -2.23855007133366 4.27192038278294 -2.23230157729699 1.75124394404929 3.77531040538086
55926.773776 4.70925427445595 0.67969499938359 0.941533525267715 0.806029832617356 0.55405984175446 -44.22355 6.709193528 0.168341648198719 1.16669996618155 1.18248227223695 0.96063111435523 -4.08748432298873 1.15549852381553 1.74377280521855 0.86041576713311 -1.67591980993627 -1.97070320173215 -1.54282607241883 0.72438078573117 0.73612732425111 2.14540264658526 0.67569298509657 -4.78334662613606 6.12468639899457
55931.762042 -1.78005487437851 0.533124037686431 0.9484270383242 0.817868586246854 0.544535744632471 -45.95043 6.709327726 0.163366527061892 1.59077345458293 1.62865366530973 2.19866358885193 2.69223622699203 -0.28266502944111 2.48263280189611 1.91185839975591 -2.13569333794316 -3.64102127959951 4.09499075422245 -1.97289095272751 1.89803484981546 2.74337722447985 0.742841151063353 -3.86051087801118 5.48041953889198
55942.755438 3.21366827546165 0.58510105558804 0.941222574611832 0.811930989430276 0.552265250757255 -44.65102 6.71141724 0.162176752943976 0.714408279201359 0.22167414600603 0.92647033529645 4.63886066457967 -1.21373426666654 0.7652797759733 2.10906515562193 -3.76045934517561 4.87998885339095 4.04647977006233 -2.34015282142256 -1.24746047247746 3.98854517439542 0.70621179702505 -6.79246314681561 8.40221006062772
55950.789165 0.739502123243612 0.529596652869153 0.940063369218723 0.807466167598243 0.553380543128635 -45.176 6.711983412 0.164603398045995 0.953101291077504 2.5230432954485 -1.17235150316324 2.58580917933394 0.600836326535857 2.55684292128453 -2.32203308656723 -0.124817712869207 2.21458671560401 1.5534919245132 0.423118490039762 1.97784069053172 -0.0994502220900602 -2.65375779522628 -0.262292339831232 5.37313207829228
55998.599146 3.19527904499434 0.627164819976407 0.939502105626983 0.809079213628623 0.55298218008851 -44.7362 6.716829222 0.162153377215973 -0.185578548016454 1.73701368792309 1.31616561789165 -2.94066379075341 1.55914591886929 1.60039867702089 1.44513917547909 -2.12440237500349 -1.71662790999767 -1.5178005607696 1.78794116472225 0.18535944216138 1.75945106052165 2.34388738350811 -6.76534278454636 6.95142406181104
56001.55293 -1.87436359633715 0.678908040253852 0.940391558366156 0.816251837931545 0.5465544886327 -42.4006 6.715542314 0.166297239616675 0.520246731567934 -0.13728857491694 1.55212062254913 2.22237739459974 1.33183142771717 -3.79949306190954 3.39455940326883 -0.059974363156576 -6.64665210942389 1.90387393480399 1.69907364198877 -2.52617959218379 -1.29834872097851 4.68574637668062 -5.82983750435444 8.87254369078371
56012.545523 3.84018197764745 0.504033684486891 0.939689428026186 0.810092766810294 0.546890256740651 -43.02669 6.712868865 0.165111392623937 1.01180132456252 -0.23286291674352 1.99302622758604 -0.11409022125763 1.29170694046716 -2.80057708402225 3.11157768792149 0.43553830736539 2.80878107423788 -2.07502939270601 3.09113007862906 -4.63688313083952 1.2495676696284 2.61623939439106 -0.44216105997763 1.58994917193123
56021.528816 4.0207406613283 0.749895940514389 0.939635482882728 0.810980033042448 0.551648691134715 -46.2347 6.715261255 0.1650384101363 0.788584805600816 0.29429102674962 1.53928543136807 -1.15050132351416 0.74628768797545 -0.37603082628978 1.54528722709851 0.40415815027059 -9.74336780798128 4.22709751659052 0.443804230839071 -2.00005935085146 0.46148532950607 0.2634045397449 2.625816577839 1.14993668825595
56025.578998 4.02329493897902 0.520880565708526 0.940158844300508 0.811370805805756 0.550373119103887 -46.25828 6.71293466 0.164782650428499 1.33226758267615 1.74809666342961 2.33551877270759 -3.01044760729005 2.72479860318063 -0.52081692322947 3.07582819746284 -1.21143092512189 1.64410848091779 -0.35674460794581 2.08274080824921 -1.19807443552928 1.37993130248612 1.26625033984995 0.436273049983501 1.78944466811161
56029.59927 -0.850459015369187 0.809357725052093 0.944690100962155 0.822985343102926 0.541777889800953 -45.21453 6.716289895 0.168407507366293 1.02107547728619 0.55514342715758 3.77503059629707 -0.77195016521037 -0.99563763285107 3.20353073887776 3.05948627034425 -1.80987822481565 9.43736743311636 -5.02944947418871 -1.16982427187881 6.31747368847244 -3.31158887886223 5.96521665953517 -4.95865923968289 2.78739200338654
56053.506797 2.32932619271199 0.547613521561567 0.940556153368621 0.812030661476931 0.551558238635983 -43.51105 6.713756882 0.166844892833309 0.098035797202977 -0.0641711300433099 -1.15346728449659 1.76806887084653 -0.38212816173932 -0.14170931882812 -1.73727419491533 1.55863087947778 6.56367781704925 -4.56153533395402 1.49027680657263 -0.57699624093228 0.52949618890808 -1.94354307257441 1.03364947151328 0.44369871199135
56055.496082 -2.64383317451366 0.617586817630196 0.937287268113043 0.810578020727791 0.552893331526139 -47.09626 6.714119292 0.166682056573803 -0.194966783949761 1.99252564947204 1.22222491077345 -0.70259800143107 0.292230948239689 3.39551735599406 -0.355114711748916 0.0691263516413598 -10.714795067251 4.81737668752659 -1.37253825442266 3.1916695805662 0.18785785639798 -0.33789564635054 0.50152095081824 0.808186939342768
56056.488549 -2.33460668612714 0.520245001640286 0.940089590746358 0.80939357134784 0.5544195411027 -43.14114 6.712613523 0.165640460704731 0.349876468239344 -1.38016708057026 3.34936034614443 0.42484705269007 -1.76010920590211 0.53269197558457 4.11251442441515 -2.43164955513205 -4.95308321464149 4.21492606606647 -2.58448548718619 0.24799002986739 -0.85629127154339 3.73436018332183 0.758391513099968 -1.61156127588104
56167.925556 1.0183349187961 0.762447067084054 0.939915121211579 0.804783214425895 0.551680002832037 -45.4632 6.721221319 0.164701308727376 1.08572052293683 1.59592181035295 0.41400371570661 6.55696801837571 0.83614725027396 -1.33571812602104 0.561863656696416 1.10098279069758 18.9537838008285 -2.01862084377819 3.45652559859466 -6.21276900754173 4.89814371813462 -2.75803721862821 2.86186880480246 2.3414218840118
56174.917665 -2.24181706497337 0.859659480803884 0.937970402785361 0.804269823080629 0.554422303870919 -44.98263 6.723575781 0.158892161658462 -0.656964445851881 -0.31174162509646 -0.69631207426428 0.01900921648109 1.11376063703676 -2.67839582785846 -1.81796020937971 5.53941440438475 -3.03565616175695 -0.24045547904128 1.05650894908643 0.593022417309849 -4.15958495398326 -0.02333823099453 4.85378613863681 -3.84897022185762
56190.86981 2.62798902420834 0.872836674784908 0.943723974889908 0.811601662461329 0.548491096812513 -49.74898 6.716803163 0.163620995516952 0.150082057858786 -6.02964271002037 1.3532969375804 5.64508876003089 -6.79730272956759 -0.939256002871541 0.386667838004469 3.2860212789053 -3.65353329978388 4.39347525370329 -7.78038276143549 0.345971814047105 -0.01551911360825 1.34029334058597 0.75537295787307 -2.56053128284859
56195.900005 1.60776267603547 0.684714563207139 0.938461075294344 0.802586277050915 0.554539999522447 -44.84791 6.716741707 0.165669338464182 -1.02351806294606 -1.57962143762755 3.18224104555988 6.08056034688133 -4.83845958973576 3.52987363660859 1.48009841787932 0.00104047323041012 9.64311931272723 -2.15338094088075 -3.20451418120266 3.18959510821197 -1.07268310945701 2.04844111488169 2.75623664802085 -3.69158317632801
56201.892818 -0.253413276067426 1.00724450035912 0.942640986110385 0.803540993896303 0.551570392348501 -45.25729 6.723712682 0.163840239009559 -1.35871959482031 -0.942088917176822 -0.652113497139108 12.8239752614129 -1.68683711385618 -3.61589450257666 3.2242698947716 -5.16098237701519 0.7040504901682 7.28773638842089 -0.36847616492956 -3.50310174287721 -3.46806499765499 5.53300311072638 -5.91830425966246 2.10850922856221
56204.886084 1.31986474247728 0.540894691413633 0.942551934137701 0.806179387866861 0.552697365588097 -46.55012 6.711764273 0.162268812187416 -1.39175218521457 -1.21348333588274 0.962589685286089 6.98609823129576 -4.99023946837615 4.11165134521987 -1.59812963612142 1.5117170091934 3.22510948073304 6.15680450190478 -7.16232927716641 5.92646931813837 -2.43789840973192 -1.23268680211137 5.51684649693109 -5.63558872504834
56219.852308 4.44998015281742 0.838875381611967 0.93941521943586 0.805305407208599 0.561784420982985 -50.18805 6.718376977 0.156589382602281 -1.26865441266994 0.15443739953831 -1.66542676423766 5.18684826584758 -0.18604530173232 -1.48098124677825 -3.82387479944204 6.73255063800293 6.55600583031678 -0.80433694913949 0.27953498156954 -1.12932630418247 1.37018640693193 -5.00110611384226 4.15927733286431 3.1734149567353
56229.860009 -1.59414513931522 0.632476657439994 0.943537829118788 0.802872202633984 0.556312543560353 -46.22245 6.714422251 0.15912878200774 -2.29627903528604 -3.69700125045697 0.55768555686782 3.30297864957383 -2.49098580210803 -3.72905555899246 -0.26913431002049 6.13107975978342 12.7001296504599 -3.74445349507191 -0.545893053603243 -2.2611833104872 -3.12455111451476 -0.67283388164791 6.28522277570641 3.81554209023069
56230.867254 0.623552074836478 0.598643499612846 0.942245063198794 0.806260469764755 0.553132675809583 -43.26361 6.715672806 0.162837030558022 -1.80437000750556 -1.42425763484462 0.431858795509607 1.79527765930916 -3.95572874720075 3.96976693599107 -3.22412980124448 4.41645199561785 11.3533059227351 -0.4307682640629 -3.72916096661671 2.61782762380279 -0.604211290946947 -1.90247324277199 6.60426924417726 -8.36346516902009
56231.829765 -0.864902121932504 0.636611591110676 0.937252458470551 0.802521642793078 0.55647598441506 -46.76477 6.714672877 0.162904616956339 -1.50832377913321 -1.67610457222837 -1.63746978165973 2.7485485346515 -1.4040579463612 -1.68040836092793 -3.36874739533236 6.00834663425906 2.14429177286044 4.61814706472613 -1.864344118449 0.905669653920391 -7.21261174495353 -0.92680291589337 6.93426149023736 0.208379000320371
56236.708752 4.81958075325712 0.644028612954482 0.940360862148643 0.80555168259941 0.552445802804669 -44.11413 6.719029581 0.165892079003867 -2.70060061238667 -5.52365658658946 -2.05010911651241 -3.99884533273558 -5.10002555352073 0.89711036114153 -2.91796677887148 1.09013424584154 -0.709117987190099 -5.45440876987538 -2.87973558431968 0.45107439816769 -1.73544823792287 -1.95908362755304 1.93485433707156 -0.65575704730745
56238.859599 0.81105800958189 0.618602711554592 0.93781421067105 0.806027749793069 0.55683059327762 -45.10558 6.712833619 0.161549631431639 -2.46769654816478 -1.38048113442619 -0.792635839472576 -5.9961634398913 -0.336465670383001 0.280909655887371 -2.26579894495695 3.14140455922691 -3.20105713071082 -2.86472020862968 1.06468388176458 -1.47153274898686 -0.295457245150526 -2.74619875715501 3.90518522682249 2.74406866307181
56239.724768 0.317254661707041 0.631492687681537 0.93846519495838 0.803818765861661 0.554353706828748 -44.48655 6.715721865 0.16854495522515 -2.38597311651088 -3.25955795280952 -0.742160068535283 0.0860867697702301 -5.68949788943732 4.45422920410196 -4.58118635133022 4.18502125753557 -4.43623850011383 -1.37047683702028 -4.4715096876514 3.20311133829628 -0.0283348682975391 -4.68202777533315 6.52411040330604 -2.90179702507357
56243.836248 -5.07467161679397 0.493530870652359 0.939567433934581 0.803903564108471 0.556109377482239 -46.35027 6.711993503 0.164689566083123 -1.64738968980587 -1.87873441639578 0.27648254465357 -4.18589671351013 -1.43205219234959 0.97829490885047 -2.62486426988384 5.9804114641326 -4.1332477775267 -4.18133130981679 -0.22869151384144 1.57642576426862 -1.71954327058287 -1.18528678502279 5.12722784593586 -3.07566745878948
56256.734925 -6.17189153891822 0.599040095310584 0.943941877609177 0.806583975008028 0.555361090016118 -48.00978 6.713581297 0.165099347801933 -0.495781399608009 -1.84056071409405 -0.0967048792808596 0.27899859832595 -0.638045032699631 -2.36609394322083 0.51937823853585 1.15973948219695 4.92326809038578 -0.658284778306871 0.0538772395636204 -0.55972753635542 -4.72608021200155 2.11751058991239 2.71732275722729 -1.99677504819642
56259.700377 -2.7101586867491 0.707431764107087 0.939748267892341 0.803727022994295 0.553352339739249 -47.09095 6.71774619 0.165233639912172 -1.54856981600923 -1.00669429906078 -3.2914932391322 -2.02714214719702 -0.98678858729977 0.82260960762783 -1.64934192912308 -4.80671648569026 -5.23594406774229 -1.34295355125541 -0.12882014200354 -0.25222513713292 0.73095304014067 -2.82883962916466 1.32848538666364 -8.15065928958267
56264.849643 -1.02428436476206 0.451745071743156 0.947417630473527 0.811678899465622 0.551025999113062 -45.21875 6.709616252 0.164664983149014 -2.16251859921034 -3.87040799394384 1.4751397740459 0.842825904610475 -6.17537870086407 4.02200591996421 -1.05424305048841 1.58426549498293 -6.51096991590857 0.953047643547619 -5.52282350880107 2.89436879883984 -0.44231512986538 -0.12815971644289 1.03675671971128 2.37078426214021
56282.840294 -3.04386205636621 0.604387375634921 0.939931786610531 0.806656985862682 0.557242089314941 -45.35025 6.714075531 0.163852182134386 0.071496646428417 0.44645756867641 0.76189549145728 -3.54347679414956 1.30089236965683 -0.13894740352839 -2.77989619013862 8.79671840208723 -8.87203836005967 0.96606698016768 0.63588697280593 0.2639000184254 -0.25959467158599 -5.08174126678505 12.3444024381059 -2.44505864806418
56284.808399 -5.10392921986401 0.598160362702082 0.943187346113424 0.811167030927404 0.552784060750843 -44.4653 6.716050455 0.16098982254127 -1.04694877549552 -3.60318228594763 1.80279537346667 0.86502106285301 -4.89823124878644 2.07796945075259 -0.832935449567881 4.02517213561716 5.274968689628 -1.07185815207191 -4.5909183686266 -1.18278518626348 5.21713661184246 -4.78739766759696 7.40388314437348 -1.53356610766469
56287.744593 -4.32007754034301 0.550840276289201 0.941878455394118 0.806765615912205 0.554004707106269 -48.50698 6.713222704 0.159109347842827 -1.60611060269601 -6.18862877816783 4.79163483888045 -4.11502123495299 -5.36818337349016 0.29123029413163 2.88936340086751 4.33620805354433 -6.57062029991667 1.55379170103754 -7.29472166817177 2.50714622973942 -1.90182879191803 3.84755423102553 4.19624633961517 -4.41057391815157
56304.822768 5.47922151053694 0.894747002282223 0.949474740112908 0.82567379988919 0.544684766521819 -41.36425 6.719912548 0.172071225302035 -0.607372185851362 5.00080176645083 -1.65594874679756 0.71244068809925 3.27230009947515 2.91878006604831 -2.66186408478296 -0.78660468354221 7.68865934896226 0.0253262402022401 1.03401039024296 6.64630941235805 -3.05507276812964 -1.57352902280671 -2.51993601808857 5.54370474289057
56308.62604 4.67255414104643 0.468915283013749 0.939037840520677 0.810458911928744 0.551551601910373 -42.68492 6.717605058 0.166143852006527 -0.22827622217833 -0.560997200994049 -1.89298412122163 2.94470405323055 -0.63664042479443 -1.11829578309728 -1.53591321716056 0.41898577626054 0.46777730176102 2.00883900040568 -0.33914813559028 -1.37061528171137 -0.52572336915755 -1.06586099106223 -1.78024322527159 4.83293683761671
56310.717773 -0.274910420627937 0.552957040938042 0.943432078514436 0.818115987488474 0.548138737887985 -42.84447 6.717823116 0.164042157481615 -0.862119470851632 -1.93922695947274 -1.30133232581297 -4.77797876082442 -1.46386973707248 1.16788911431767 -3.17239646762031 3.23039587892657 -5.87696887207812 -1.80693877024163 -2.59305456638363 3.80400929950431 -1.86986679300641 -4.77016335223929 6.00822972237823 1.93224768373509
56312.783531 -3.08928048203867 0.862925998529451 0.954300004661244 0.843130284206582 0.530983056524894 -42.71326 6.721170251 0.159149784799002 -2.06083347726427 -2.40924280389213 1.21578286398058 7.8260479006442 -6.49479525611796 4.60738869202518 -2.55784330209712 3.81289016052886 3.62821391641242 0.61606510735587 -6.67076404378664 3.78842855964245 3.41977708342618 -4.31991513432475 4.60219096685153 -1.78002864895508
56318.679316 3.18421304528751 0.788108828099875 0.938690358017428 0.81314885522893 0.551182463695169 -46.93233 6.71526996 0.162192051192188 -1.73890132862959 -2.39751364095261 -3.8525198210461 5.31670969268152 -1.58335958684422 -3.69155856091373 -3.10668550090828 2.29448699242307 -0.09031556479861 4.42811905896378 -1.00383711197831 -0.601914529244151 -8.08658485009319 -1.37773302946117 5.69251125005052 -0.23485821806286
56321.656294 3.95736062064648 0.615530793133928 0.936930886825543 0.805449136760733 0.555810986346743 -43.24879 6.718592583 0.162098477691197 -1.31506337658451 -3.28489628924402 0.25768973847465 -0.19872392839104 -3.98516374661325 1.41438526092923 -2.93819295602376 6.1456711125004 -0.72043769717753 -0.963689406431619 -5.36473686238898 7.36635984686283 -6.87734924474275 -0.880525826713919 6.76452267280147 -1.75777898066158
56324.665885 -1.52641113366592 0.909767239400735 0.939822461923461 0.809121671630139 0.551521340180669 -47.66879 6.72394754 0.165315033560241 -0.808159588365372 -1.05718932120498 -4.27631535935148 0.812562423644767 -1.671968003625 0.832942806017999 -1.81911764609478 -6.79482339374089 -1.29379639101815 4.29153857151659 -4.72639166988328 3.05037680188634 -0.005943125514937 -4.14064858238692 0.57780703194769 -7.52174064280452
56334.746689 2.55040975966993 0.697108351724967 0.9413131864381 0.812838297475914 0.549469532348492 -44.43389 6.717975894 0.162862029480601 0.430517814375712 1.30801485808754 -0.86504843068853 2.06542413253336 1.33825538641769 -0.86716688548831 -0.0889372450667496 -0.9047099806933 -1.72188370540177 4.28195576180769 -0.77232273004864 0.4254161328623 0.50708270577138 -1.64029126444596 2.36920512304128 -4.72418507225171
56336.744779 -0.329059835626947 0.612478154245582 0.941851993657718 0.821112264935371 0.544948070587994 -44.15868 6.720651068 0.157041857859589 -1.30818676850184 -0.47706014943542 -0.948327598833981 -1.96337174202667 -1.28288119345974 2.28437148381216 -4.20873208724553 5.24123123770507 -10.2183507266952 1.28345834780924 -1.98615776691292 1.49135938604766 2.06072634039596 -5.04389707888516 -0.74785206828627 13.7692118068363
56353.707136 -8.06601770368449 0.862938167186891 0.939968867073897 0.810174557668911 0.550590287845549 -49.87697 6.720443286 0.157888323755416 -1.53116230701245 -2.69687043234586 0.557839100351561 -0.31687773071707 -3.22841741895027 1.12386818213005 -0.815434987941449 2.00414562659225 -0.29016707581207 -3.22670123132384 -3.37931264978774 7.4765201422529 -8.7015413593882 2.18126504359587 4.52663041636344 -4.24772696925703
56355.68321 -7.33728857394641 0.656476727081592 0.941598733404302 0.811709630644614 0.550551733411583 -46.10904 6.721512447 0.162159455696891 -1.86439391512393 -0.35821657646224 2.39584672515399 6.99994441519883 -3.32517283794494 2.62517734073952 1.43390551472892 -0.670037245282139 5.5789880832137 5.13796550894221 -5.46722318778101 3.7781223904458 0.0768439649626007 2.16940003237915 -1.43186456740961 -1.84488484090695
56357.635706 -6.91052443233417 0.561854625136131 0.942029790433234 0.809855202964716 0.552799658230553 -44.83694 6.717917847 0.157668866105435 -1.50634718371506 -2.43427569360983 -2.21083972028054 -0.46179674648134 -2.20838028367885 -0.2329402145078 -1.17099949034975 -2.2229063936123 -2.27887429147131 -1.44481166183858 -1.94965723813665 0.9274608956576 -0.99644624899955 -0.61684184449131 -0.85887642806849 -4.07418793157146
56361.664189 2.17647864060244 0.763733932182254 0.937800591476316 0.807532468014093 0.551044947451409 -44.74679 6.718698264 0.165412505497446 -2.43637591808073 0.52912391643889 -3.49696465596663 0.97977426719891 0.3399116084 -0.0405237376151297 -2.71573004239182 -1.81487118966517 -0.597264542700956 3.07582058640334 1.14729938354365 -1.76029613023741 -1.86431295126981 -1.56889128185344 -0.088514918965688 -0.357471612416895
56363.613569 0.357738497992407 0.615873233042358 0.938689009462812 0.809013458832229 0.552694035823474 -44.77456 6.72408761 0.163224483387202 -1.11700271492179 -5.90119949550959 -0.23197662034771 -1.71686534374278 -6.11165681739556 1.11240098796607 -0.553436446399108 -0.49559257245886 -8.17492054338914 2.41462094951641 -8.20229772527658 2.65117985610468 0.461387939091909 -1.58275053482204 -0.57974430605479 2.41608803945216
56366.594297 -3.21179639287849 1.19803201584775 0.938825168073123 0.810687811523847 0.550756422724285 -46.90138 6.719348476 0.170116350576598 -1.10880298910627 -2.26450613483617 -2.51776165914414 13.3898802804152 -5.19024198968069 0.58988613133967 -4.54280930131159 4.0656859233953 -16.5630644071409 17.6779269951338 -11.2275900971815 5.35376038252043 -1.2807677627159 -4.05859255773144 0.69042157747943 1.21820297260683
56366.605442 -3.03474112408606 1.6604128185092 0.934744846630471 0.811629645644239 0.549829243735497 -43.18247 6.717265998 0.174814499536636 -0.475597123048048 5.04355527898867 -9.2091898531196 1.64462985319455 3.76703269826376 1.82189242707893 -9.04008310299531 -2.39437885859316 -3.26025915575867 -0.14013694104806 3.32825252729166 3.36407188775154 -0.90933630245089 -9.12114483500474 1.73596900260958 -7.89225722437268
56369.59854 -7.25118804125085 0.522687118468227 0.940416312405225 0.81611847975684 0.549838860499143 -42.29666 6.71430175 0.15866653636217 -1.89835884349146 -2.55678204242168 -1.41276255364183 -3.28926263702105 -0.99965773194924 -1.57882729666066 -1.30548663517041 1.45657193245581 -5.36577009936306 2.86683980928471 -1.31183542730374 -3.68392114311171 1.38336447480639 -1.71320903020978 1.47867697995067 -1.01121088643382
56370.54776 -6.96554402465663 1.29838171556981 0.938674915269482 0.80666903435168 0.555823335734665 -48.72621 6.71924497 0.161135818625789 -1.52141401427479 0.474427227144639 -7.23244610260407 -10.3560304139449 1.79525397840812 1.11513656340958 -11.9139744255699 9.78096072299911 -28.3402748160316 -1.54492584600911 1.15672063017701 5.68218341533568 -7.06810798184666 -6.30983408412906 -0.0497493696052 9.46819057173844
56371.616225 -6.10231724986094 0.577040297300596 0.94306780640276 0.809421674376858 0.552538228531785 -44.91015 6.71802897 0.161408824573944 -2.71980365423568 -3.13306054746815 0.387776728562391 3.88370098413836 -3.79094050485521 -0.37110674389651 -1.33536539685889 4.56056938772023 0.69807203207749 4.47971284983199 -4.49208489190687 0.30903903293602 -2.19001276157907 -0.150143470094319 2.78499757412637 2.01329747612846
56373.548505 -0.63379044277429 0.521032799309473 0.941383990642326 0.812073172205198 0.55230659063489 -46.31181 6.713578062 0.163287253275365 -1.36187838107103 -1.07441135507827 -2.06686845330893 -4.89420361408453 -1.38001203224588 2.698023266228 -5.49451594020355 5.24353536753246 -7.94525868440674 -0.112949271281842 -1.78607949761615 1.41453256368673 1.29496097955458 -6.54947214885945 8.46078617555214 -6.88419860893061
56374.568301 -1.27457362912759 0.536951448047508 0.938684636964578 0.810537779183177 0.547879603346146 -45.52622 6.713475861 0.164447731599776 -0.496036174038519 -2.24013343468695 0.32894982868552 0.463600463911926 -0.99989351719099 -2.47964896180838 1.59430946876798 -0.30699355791846 7.04804615573169 -2.33645997125174 0.934668134498173 -2.72792498266448 -2.52496079383311 4.29769518892704 -3.54459110389198 2.13425362122192
56384.567123 -2.68883824825288 0.74399384836288 0.938976203863505 0.804142347733348 0.563995069489765 -42.85909 6.72479048 0.15382124203948 -0.703216827290831 -3.90143286083023 -3.54879900219564 3.63031209170115 -5.49356930155892 1.51848439799687 -5.18753295015766 2.2226407945158 1.15294175001701 1.3407268733651 -4.66258524470974 0.0499693164656798 0.29029171882021 -4.25412846735321 0.29419524090665 1.75574357767079
56386.52272 -2.784063614108 0.548882080642799 0.936517337279712 0.804837332881059 0.555352278572413 -46.2013 6.715804359 0.16499097188381 -0.272888940068429 -2.36284482462558 -0.76845376001011 -6.3479527021447 -1.96191367189553 1.82603426072162 -3.84895790979185 5.34512968981511 -2.53125189530677 -0.937007009958178 -1.84332260245443 -0.19707307551509 0.55282834339934 -2.67212190738083 3.5532791251321 -1.44973679886816
56387.584492 0.971013692628358 0.649919094569859 0.936208987871505 0.803862189673261 0.555155629739432 -46.10594 6.717494414 0.161589562934444 -1.66808362789716 1.94999959028344 -2.87239210674277 0.782126260301661 2.74230172619816 -1.77875382978576 -1.63474113098209 -1.01401136282551 -4.08862556017512 -3.09781677651871 4.58363503639014 -0.84161087510207 -1.41134998915343 -2.30601322470046 3.26639024901664 -5.78978520891035
56391.53699 3.21576873288871 0.588336150501683 0.937598418163458 0.810393013251764 0.550065062729024 -43.6327 6.714063273 0.160265496116047 -0.449464571619293 0.0910290896731203 -3.65339647868093 1.73617378917072 -0.750402403177719 0.864706079747859 -3.72002652941949 -0.763946700223422 -2.28845910941799 0.17537263995753 0.67893010332035 -0.44124321411606 -0.54838818021013 -3.9249096319678 2.23258777110546 -2.23139025233267
56394.525849 -1.25490391005418 0.706532074439239 0.937502191883181 0.805773057783732 0.552779769371304 -47.00686 6.720817363 0.1604422287118 -0.479024944416949 1.832714888328 -0.974325165968287 3.21628576875087 -1.3298044016004 4.59957896377791 -1.88451677414655 -2.88321833145064 -3.12806337219476 2.8742154526163 -0.6669668012488 2.04704585565659 0.492715167952117 -0.164051713750509 -0.043840831373874 -8.95169796854553
56396.555238 -1.7656417385399 0.71302965955671 0.939573882310299 0.809633207914052 0.553715869184928 -48.20005 6.716638042 0.162397481784409 -2.53934530143702 -1.68731612134137 -0.77099024799026 6.08806289262926 -3.17895626700719 0.30680532784353 -1.02698236739783 0.26232732391802 14.8292714780229 -2.71657119019653 -2.58466049019978 5.95510255988705 -8.85589979202836 2.57885624906249 2.70844164805474 -5.15508881709489
56400.521309 -1.18427586571727 0.494919128863263 0.93896104623716 0.804037208385497 0.556042999901817 -45.94075 6.71628182 0.164875015839777 -0.854048960438324 -1.74101979458064 -2.67255554341605 -2.26936534935742 -0.89768359739249 -0.644341664297472 -1.40719640859981 -2.38487714160711 7.05248867371654 -5.60852408604909 1.51994392945258 -0.790890570686381 -2.78432817862825 -0.21424817574556 -0.57585058873406 -0.5467640438
56401.504053 -0.136713856751217 0.551545162837512 0.935789175242186 0.807973526487162 0.5523427241043 -47.3268 6.717338931 0.161683184606185 -0.486930900563431 -1.90341129414924 -1.3623379043789 -0.0624078193636199 -0.700034734254659 -2.20715220667434 0.721690925474223 -2.61555630889892 3.9514462842316 -3.15983844173966 -0.375759028119835 -0.355521242175037 -0.823365324934092 0.554800714129118 -1.23911255882671 -3.26079864372264
56402.517272 3.77899218525066 0.576240313877657 0.937572533928028 0.807319581726588 0.552015707307594 -46.30579 6.716148035 0.165240703484547 -0.764550432770448 1.5582468232785 -0.0686963701854495 -2.9363723096681 2.24168214385505 -0.0445304373841298 0.22357697000626 -0.66470665828594 -2.80777489907188 -3.00628816723517 3.29040266960848 1.57854364537181 -3.80826828053648 0.29604346438705 2.33535187281089 1.98559016114249
56403.498893 2.80591057295132 0.599780445759895 0.937081689477651 0.807048064192455 0.55331075984315 -45.59589 6.718317852 0.162048088852793 -0.996676430998554 -1.48874306208659 1.72063549031608 -0.17299483395364 -1.26283888271738 -0.35290912637769 0.406631250796 3.60515374169072 -0.21456779764567 -0.95290659590448 -1.0694195169859 0.53466914769987 -1.05540165741838 -0.28779363442719 6.3516234169064 -4.23171330503837
56586.829845 3.95149096218858 0.638262324982062 0.936211972796543 0.801712783317941 0.554686493040438 -45.0804 6.720705954 0.16017512798232 0.0751536632716505 3.31017259377422 -3.0264238524243 5.23250835609495 1.56272868954093 1.07709798946068 -4.15293188095134 1.489185694129 4.54335414919228 3.33277307611005 0.81304229570999 1.6573246126613 -1.018266167726 -4.83999836318152 4.47919357791461 -2.28649035802134
56589.876383 0.180433836692032 0.494977861310351 0.937038454438627 0.807255681965946 0.553607408151389 -45.32527 6.713397997 0.160869027593547 -0.209828825617418 0.896412838300261 1.91036900032089 2.63627017369113 0.810238883970084 -0.987862066188598 1.77319079133845 1.49664827334938 -3.07951740458945 3.9797104225355 0.769584783847076 -1.0354579771785 -1.75271216457718 0.903090134986359 5.31768037247434 -1.01100457914484
56590.815466 0.0371962304400673 0.95894118096484 0.945813745381729 0.805414984857976 0.548109574359365 -47.77033 6.727459164 0.15586194008088 0.512644635124705 4.6962390424393 4.45927245718409 -1.94994798564111 2.10911566454444 5.68255454679286 0.95806522155513 1.91512880152621 21.3442907640872 -5.66366674924078 4.22043814971459 0.39373790279351 3.04673774298669 -0.38881517551958 8.28174413780168 -8.80215925836834
56594.832698 -2.76485800643715 0.658567231022726 0.941561606090344 0.806036177295319 0.553564044623495 -46.72647 6.715702839 0.160571075558503 -0.30534575804735 -2.02791782166268 0.20346119480817 4.61540757157799 -2.3761337507414 -1.2468920080865 0.0604526168987998 1.71521819732616 -1.50098443109125 3.93092765853783 -2.86072682082786 -1.94144714068393 1.76254173008786 -2.08656028795257 4.30405409440902 -2.58174024542103
56600.87045 1.53716986159767 0.596374634168566 0.938012400504517 0.803501795434013 0.554148273374326 -45.94816 6.714714314 0.164116961075591 1.19119827543212 1.74623671622447 1.11753185890864 3.40096540008388 0.911711965475564 0.12716793366314 0.48110114904192 1.42780287258388 0.527777356615682 0.750636920758748 0.766685932983774 -0.526272031229199 2.84956973053087 -2.35216248088228 3.71879393320475 -0.70915418816383
56604.859197 0.984165351884793 0.542178056722888 0.934932711711763 0.804641201909582 0.556867536432209 -47.84711 6.720527798 0.161822926949832 2.03474296475144 2.50909600152412 -1.87413376191048 -1.52918901423388 3.16416279211889 -0.56512428463394 -1.0847782862609 -1.28196352561885 2.27214002622643 -4.66266068408062 5.13508096200671 -0.49605404195502 -1.48706877915223 -0.675530417703933 -0.000615469196656004 -0.353768553611007
56611.863599 -0.315850739520594 0.763747713510121 0.936313159394153 0.804005212397514 0.55368972516033 -50.23065 6.720328614 0.165291114634412 0.694927922611374 5.07962059444023 -3.2381981357456 5.98316578481009 5.30663321337961 -2.93860571031275 -1.82584551234462 -0.0907403015780701 4.02774301920384 1.69055260988245 6.64175313023916 -2.69645308199376 -2.21967478424192 -1.94723459278668 2.8777943192378 -2.48436317086114
56615.802237 5.83024933692978 0.672261057591587 0.939828086507376 0.809223458854102 0.547860365556803 -48.43275 6.717465294 0.161858430826178 1.07900702917298 1.61619429817492 -4.39180394615284 0.0841009389036698 -0.0791778239467602 3.19647710434942 -8.1021933642179 5.25523099083792 1.77636511896804 0.402502592954099 0.0718917618618802 0.0556062258654002 3.51967925936998 -9.9722935084811 7.42205252511777 -3.42706445202797
