56935.879347 3.81414345300788 1.19382192437512 17.478084 8.605123957 0.153376168964494 0.61372480595364 0.61372480595364 -0.95041690152716 1.83684946123834 0.643869934128269 -0.95327725700541 -2.71977695316409 5.40669133616218 5.03613228876715 -4.35973896536794 3.60523754349655 -2.56879305696875 0.64785456694271 -5.47449576086161 10.1482694332433 -1.36758773453377
56936.869088 0.951669802503308 0.782746937281546 15.654414 8.609525948 0.152634878507198 1.53432021085352 -2.29706572285064 -2.62167238529932 1.76906113296331 -2.00344032154198 -1.41144721706468 -1.02664941574814 -2.33634126687619 1.69243166709585 -2.29117254613872 0.0218167080599403 -2.01688444442691 -0.170281724872262 -3.0384350972363 2.04963905071743 0.753480124561319
56953.837807 4.55274200142105 0.69031947209493 14.983779 8.610001372 0.15438050046252 -0.234277759197769 0.44090475378389 1.81312803792613 2.79853045087475 0.18235661279409 -0.93220185829584 1.73829169759103 1.19588072591364 1.60051310212672 -1.93973708445589 0.57770085687992 0.15778481655947 1.3591223228577 -0.148707087910871 3.41007325660704 -3.8720524299923
56955.819928 1.27878687448661 0.542270202159467 14.587707 8.609698115 0.151171424150272 0.0170570675825303 -1.72242592183534 -0.76542427416795 -3.37644518262051 -0.00662197294049993 -1.41392110880775 0.230325207455941 -0.886119282921693 -0.22927076032991 -3.08601559256921 0.59641910586734 -0.700451269364887 -1.00379592036062 -0.686165863129529 3.7327878139612 -6.10326155572568
56958.785515 -0.71641379718994 0.728249754485432 9.855947 8.604474245 0.152626819480418 -0.471956543202307 0.716360946379021 -0.727595025313501 2.50997216581127 0.889242327117147 -1.58990181231367 -0.35708212889892 0.883570662953832 2.50271222660862 0.02135521134827 1.74570344311249 -2.7673881135961 1.48759624879706 -2.70018427964764 3.15293411561562 2.04132140238225
57008.864886 3.37540886989499 0.613947748348386 11.279555 8.606986724 0.150860109307985 -4.88803946733589 -5.03285872155339 2.16618509073603 -1.20045227713737 -3.51786739095523 -2.16866271271368 0.00167510824304901 8.04209074524818 -0.257675204322919 -1.28552944144102 -3.20137412865773 -1.21134713498193 -1.06901590189008 -0.573536759215735 8.25769601552397 -1.02351048894212
57009.78434 0.583520708159391 0.618791910193346 11.462466 8.611507112 0.152398986607214 0.338072132181343 0.24834025358252 -5.03553325077993 0.03109603395414 -0.71597909754851 1.82339833836818 -8.14570770188029 5.79080910836617 0.56536089372419 -0.780755480797049 -0.208702110834437 0.338544111898476 1.65428481295373 -8.33396599601372 3.77667254697445 1.60923884426108
57018.7178 1.10465269550135 0.704227995219557 15.55463 8.607272145 0.15453823380034 -0.642840355009776 3.48528393956106 -0.42778571469731 -0.567523997432014 3.57727665994522 0.12128066683302 0.14092999378514 -1.577367710969 -1.34238846813012 -2.48353736821644 5.84146803024858 -1.76406965769185 0.41954695627469 0.4928514682364 -1.45080911588008 0.62096290031722
57019.733265 1.0746773069807 0.624616298192301 15.412006 8.608346584 0.155184963769295 -0.0950321980183754 -0.1538924571359 -2.90872406140038 0.0928143247502602 -0.89259290360211 1.31840750934315 -3.2022267759932 -0.79908490293622 1.38627418528544 -2.36515298280976 0.702182743533065 1.06813592313302 -1.68550286778364 -1.19508626143995 -1.39463996788199 -1.77618213758906
57019.751043 0.25564377142238 0.588263094488986 13.832003 8.607967695 0.153596138983495 0.302654547182524 0.302654547182524 -3.45727519543138 3.98852326057482 -0.74093307492999 -0.123468716245335 -4.29839750556924 2.32003905057491 3.98047609797829 0.927024742848172 -1.20021225294011 1.45415019695221 -1.03292956874126 -5.16685408512133 4.32323978241903 -1.12885518003544
57020.737329 1.15220496651758 0.667382452864624 15.346601 8.611111689 0.152108032212077 1.09271808616607 1.09271808616607 -2.12650458826927 -2.261971663608 1.9684780048558 -0.40182442745274 -1.59823628273452 -0.878554235138622 2.49003685503598 -1.6120778002609 2.45461231566793 -0.9427281615553 -0.73214244836257 0.57140328289113 -7.04202264152064 9.21028245076433
57021.736507 -0.384469722558228 0.641364861400543 13.6022 8.605167293 0.153006565413269 -0.531448049398371 -0.534589301627922 1.94213070646311 -0.727853352682446 0.404891566392247 -1.36709425837268 3.59849708613424 -2.65145922278993 -3.17852577492592 2.900749353283 -0.308739496356694 -0.280718169262538 -3.09990605283101 6.11288792870704 -4.24593515360479 -0.09976332819876
57022.751749 -1.81935903120648 0.65381451242983 13.179407 8.606654423 0.153022053413068 0.370765654770185 0.39717791207956 -2.76729647610155 0.51924005918785 0.15571545855642 0.17370709230097 -1.6531019010011 -3.10477732702378 1.2467728756279 1.55552012286578 -0.651996652522605 0.945354797362533 -1.38344549520607 -0.13956213237619 -4.74933150188532 1.47013148958083
57051.774505 -2.93023242670453 0.715096360668487 14.182584 8.603978219 0.150061362748761 1.22162069820082 1.22162069820082 1.08069357218524 -2.49852356170537 0.43133821280191 2.70875463069267 1.31724877287692 -3.64462977038123 -3.23516139569999 3.40466925463368 -1.14072619679216 -1.65258628612177 6.24262255996248 -2.29989201421106 0.28724840063305 -1.42295315674403
57052.772786 -2.98353408216912 0.617397197353039 12.887188 8.603756986 0.150463677158847 -2.16877097029991 -2.16877097029991 2.45199617053894 4.35985377198005 -4.25874952179656 1.60719321386506 2.04376313994587 -0.82596425128826 6.91314424064611 -0.338388492275318 -3.21457566454161 1.00709809267668 -0.70246918600956 3.94411207686281 -4.02464897317318 3.5876206785739
57053.678416 -2.28563607953438 0.859803757396506 12.924714 8.601244496 0.149591484881168 1.10755317858547 1.10755317858547 0.44809031051504 -5.0083295374166 1.40715066881629 2.11070388421318 -1.04834390020666 1.29589772643245 -3.58749346543387 2.67576395939008 -1.54291966695381 2.03898290113038 1.20196581881714 -1.18927744347651 -1.72855415680156 5.9775299367138
57054.775131 -0.248511862616439 0.67634511126616 11.204965 8.605126268 0.151032062540955 0.845371215145567 0.850666396614124 -0.460980336886458 -2.7603437556134 0.981827070349549 1.13751465244135 -1.04837997514318 0.19311702876973 -6.94745501173592 1.7464782139088 0.661838173342102 0.460578051080811 -0.477938083560564 1.62517105347201 -5.36052132543943 4.2630478939222
57055.662427 0.735080272729084 0.560110779496978 12.557839 8.609360306 0.150898254261313 2.6080558421805 2.6080558421805 -0.22431011557336 -3.66168996874085 2.70970714479404 1.71364433914891 -1.26376176155449 0.61568674602564 -2.03029652799615 -4.0686840321951 3.21299454330773 2.4085514759102 -0.11834492372875 0.79758580661138 -3.33569326542389 -0.719233240055706
57056.676432 0.680709686635369 0.563752892006966 13.135998 8.614245295 0.150714152620775 1.50616381027545 1.52894219249269 -1.64793755968217 1.50801986218916 0.907863267931769 0.35960717436296 -0.0411884296165501 -4.67753197830911 1.89053991738694 0.691524458654483 -0.120073195661478 2.8601658933024 -2.3180628942655 0.611716284969899 -1.58516958946634 -5.74034300280298
57057.656295 -1.0313501967611 0.570826265546659 14.745286 8.612085561 0.150100183488296 -1.88064500451477 -1.89557540009664 1.271724036751 1.27770324737972 -1.77460385850987 -0.88648975194058 -0.0056892457772002 4.36640438590436 -3.49741803362073 7.04352460702535 -4.18480389080085 -2.65973166298204 3.17636916204582 -1.76562709823552 0.76759328186412 8.91815581868087
57058.714684 0.509622139719346 0.498420954576605 15.992792 8.603164252 0.150020602284664 0.938312050106196 0.984728994017668 -1.77957297314377 -0.677500428484806 0.852546185339665 0.588954484830355 1.20750967072922 -8.43426637864516 -7.93179670391687 2.79334933149817 0.958238083459851 -2.71231117215947 4.04281945755194 -0.0979520586435099 -5.67952085274333 -3.8473357797694
57100.578272 -4.71525047197391 0.642476920773924 13.353167 8.608471076 0.152011099854355 2.42241139162054 2.42241139162054 -3.92411361155288 1.04462478496599 2.49699086264549 -0.69334644435733 -5.05985957464319 3.70948679312705 4.57935784320721 -0.19279364748019 1.97190857561851 -0.65272042640005 1.33708469260482 -6.60435224887404 7.90252396795837 -11.0485682871516
57101.491235 -2.63833239886415 0.721525175147967 12.403816 8.605688731 0.15239790165912 2.42241139162054 -6.49137334472334 5.63169600258327 -2.73327878852268 -3.67056655784585 -3.824067128062 9.87749711812388 -6.29821342584481 -0.0817565436425198 -5.0356788241695 -3.49974787670785 1.36638662659654 -4.36533309810007 10.9239899774978 -3.12562947628715 -7.81271940646893
57102.605344 -7.10699745104878 0.62602200956072 13.000782 8.606055979 0.151476533973586 -0.534775804630971 -0.534775804630971 2.62473753661667 -1.42227584732592 0.26772927887032 -0.748619897981761 2.03943415268201 2.29146310843236 0.83387079726005 -1.02617170874111 -0.30760714889069 0.647809012581749 -0.76388307288208 1.78026196325389 7.07830364142954 -13.9740155776429
