Time RV eRV Halpha NaD1 NaD2 BIS FWHM S-index C3AP2-1 3AP2-1 3AP3-2 6AP2-1 6AP3-2 6AP4-3 6AP5-4 6AP6-5 9AP2-1 9AP3-2 9AP4-3 9AP5-4 9AP6-5 9AP7-6 9AP8-7 9AP9-8
52990.804633 -2.29189859295831 0.662783423855182 0.880218002712186 1.01134475178756 0.736271964647983 4.444332 6.021955862 0.190472160349996 -2.55690356615203 0.133717290583 -0.93004803444243 1.81449549439125 1.50231053951317 -3.60508302502526 0.31062878185501 1.36180002429098 -6.06456353648155 1.85984562914808 2.23010768869554 -4.21647741460395 0.96177704319348 -0.60314330776901 -0.63413235714413 4.09716368752408
53016.794166 -0.280791178855942 0.441613565462791 0.88040912691851 1.01408277909108 0.742742768568927 4.649973 6.012113743 0.188587849993166 -1.16067618412915 -1.9997761526087 -2.99572752489218 3.13252795692476 -2.81559105586175 0.067676735347607 -4.34926068819838 3.07122719812133 -1.71214718136827 5.80289238772623 -3.7344968490624 0.020149543045052 -2.38104713798615 -3.09062168696132 1.66550820577718 4.18202575471229
53051.739116 3.90732362800842 0.613237938644607 0.884375868648622 1.01361519124887 0.738495100698616 7.648503 6.01792117 0.194960480124102 -2.6240182867746 -1.48931768550658 -2.97360742288372 -0.43932687569076 0.5360824912567 -4.03843685281962 0.21184378450335 -2.51684573308505 1.27098308809493 -2.75894386676531 1.19170728231248 -0.56619449788828 -4.19115871264756 1.70896840875826 -2.22896353736006 -1.72740028727245
53063.663074 2.17627284362181 0.715083419666625 0.882371817570593 1.02033869133951 0.736114158185699 2.591838 6.0176244 0.183321043805184 -2.40966628493627 -2.81841171127169 -1.44259269865493 -4.04990108751864 -1.80272818616434 -0.33532681574535 -2.23556728340047 2.19832849026297 -13.12424896115 -0.29216043260021 -1.30325186650263 -1.78979849662678 2.23197535946237 -3.29570301226006 2.73104277372619 -2.45861830881271
53146.630043 -2.4462315988174 0.880196248709051 0.870929156098369 1.00776024619999 0.725057861695168 -2.24985 6.011894961 0.168277440993241 -0.181458732992159 2.06893916159332 -3.81250321492733 -12.1984662906375 3.16520407559916 2.09742782069678 -4.50376146588728 -0.7869291229716 -17.4586379201531 -4.05138231581789 4.9314048413572 -4.48129206859171 7.4291474002722 -5.29969797236607 -3.70657628889093 0.56355937111577
53151.500064 -3.10997122483066 0.75594632581435 0.878942714986149 1.01417428287619 0.74236341753261 0.258239 6.018235021 0.184944478593042 -0.0302404931547296 0.84521446352322 2.02798296030106 4.50701859505356 -0.93333354886535 1.86660959596341 -1.54255089217379 5.94777440436103 11.2231212596381 3.38045455092548 -0.86290651105473 -0.66882036988939 0.62102364155604 -1.1919422104059 6.28471636229221 -2.08850255159953
53403.759006 -7.1599561530261 0.484251855941021 0.876951541010565 1.00973956633133 0.742102495783858 2.968767 6.014094366 0.193373512686482 -0.40274646230362 -0.20014058452738 2.05674384912444 -2.29810318485256 0.42214987124366 -0.194489021673 2.94600584510743 -1.79496255398458 -1.6547823133884 -2.32606925669056 0.84655237999181 -0.15704757830653 0.56950103892903 2.14554253326943 -0.23147389897237 -1.39590918247416
53489.548921 -7.24044381305488 0.53028186119007 0.881780871583074 1.01919875135521 0.734127458083078 0.91105 6.01729317 0.187857223267624 0.343554334887317 1.01024399730771 1.89139859340627 0.0906775806765392 0.54198954077678 0.921853253606811 1.13367236785792 0.63808569703465 3.16547582844694 -1.77110481493848 0.871211641418189 1.47306293488516 -1.0411296897064 1.5832945357241 -0.480320994517339 3.69740358486588
53491.551409 -6.23068269429514 0.587633846494502 0.881850337758251 1.01601822754249 0.736055465668488 3.606221 6.01933709 0.192174926490334 0.0728493869472553 -3.12174927563247 -0.973511393610529 -1.06989058753449 -2.03558639362304 -1.75709137648335 -0.61259644315696 1.24269352705764 -1.50700721498856 -1.36520610318652 -2.74702391890788 2.28853907281655 -3.71986232086357 1.11262613300265 -2.31100017247576 4.41974990362181
53511.498509 -5.25673268460587 0.527677934541455 0.875932818497746 1.01201098500539 0.744286191167576 3.555782 6.011253857 0.190611567610431 -0.166400774845066 -0.771614854434939 -1.04774459786246 0.26471577120576 -0.41592624480946 -0.8585099369257 -0.65079620555804 0.10662213644413 -2.34794972770338 1.07080948927713 -0.95881086462967 -0.258596351967769 0.34528453474418 -0.47988628062144 -0.55557752475079 -2.01375058735716
53518.52853 -7.43625981534779 0.754806790671049 0.876470371809622 1.01407923496735 0.73696018082128 0.815368 6.013929238 0.181706802689565 -0.0850986138072263 -0.99032020394504 1.42471547814231 -4.68553089691883 1.18482808995137 -2.52683664987591 1.37622753824337 3.09614479484457 -6.6649489396939 -6.55037501967113 2.9930982754716 -0.2774786466406 -2.30589141259697 3.96266135604974 -2.43582516032633 2.33637831668129
53520.554529 -7.50714483884564 0.702133057752926 0.877680706000531 1.01235110657858 0.738132415388113 2.793177 6.017076366 0.182900877468862 0.111608676660137 0.0133894149570786 3.067191023058 -4.18957688172367 -0.22253266896046 2.20057968330376 0.54060894441199 3.214492167029 -6.56592321144378 1.58100220479464 -2.01268971642734 3.12112631597119 -0.500174342871181 2.39960490978899 1.15585645948398 -3.4769064588662
53542.498602 -7.86113257357777 0.683518551753136 0.879035433103134 1.01763645146373 0.73653696003373 2.337599 6.010858731 0.184974458849688 0.770747918570257 1.74949243080517 1.86886332919866 -4.66479280537518 4.11922401315285 -2.81882935507647 2.85056976149023 0.9856673998084 -1.19882070326329 -0.265345832110759 1.10447610715666 4.66171924374481 -6.76654606918334 4.29464097689664 1.17977514242108 -0.62618298493513
53550.496118 -6.3831222780184 0.873275466828151 0.877495217177873 1.02224498254248 0.736444112342202 0.586484 6.015407642 0.189825147622536 -0.170906793078114 -3.52668740227434 -0.2071417134644 -2.40668713583711 -3.09352705373884 0.0771019952612297 0.58753566903885 -1.87678798793529 -7.57585049373574 1.17307043314941 -3.72323550487769 1.96897528889439 -3.2411405267749 2.67626706660429 -2.27925863128688 -0.508512024393799
53763.778725 1.2350209611174 0.512030370940461 0.899006434057231 1.01466683372987 0.722164113579337 1.854872 6.01405081 0.19119098261312 0.560272881575175 2.20037451718144 -1.1928975575687 -0.652500927727229 1.4819013288897 1.80470959938626 -4.55404847217823 5.53097638583016 3.30965803110811 -0.415892975964863 1.23780155811328 0.38452143639236 2.0046780322003 -5.67655651249245 5.30120252071304 0.23011336618593
53764.771591 0.614788538393433 0.455550068945383 0.89766408491194 1.01399830971026 0.719469107192847 3.995754 6.012168703 0.189644634857722 0.97780978562598 1.74340553599938 -0.322056743191303 2.61627374447581 0.26492878410203 1.8202839537047 -1.52218592517122 0.558134662561987 4.34654732927457 -0.110118470532671 0.950216060625271 -0.894859911789317 3.35398765181977 -4.26838873130825 4.89776461583145 -3.47272148807332
53789.74349 1.34752793489558 0.628082651975995 0.877808778329057 1.01241260674034 0.739884597279457 3.784303 6.019839871 0.196986925557375 1.5749451991687 -0.89478818582749 -0.183663406063298 -3.78888560054606 -1.27439568998935 2.42321214994211 -0.0563757293616898 -3.10396894111364 -0.32127592673894 -2.41105176839067 -0.870439529433798 -0.4818150460464 3.98982485551597 -1.59021670249304 -1.95854894579902 -0.250708379131333
53809.695425 0.203770451074236 0.470478797208173 0.883370947547289 1.01781156859178 0.738048014752689 2.263124 6.008654609 0.184030777982175 0.755414144990271 -1.24565636606376 0.63210453459018 -2.02837569528685 0.229225757460844 -2.11230245826627 2.50767491086997 -1.79312579939208 -2.18026203873246 0.476299751239141 -0.224464881960936 -2.05728208577533 0.840059555052377 2.31421718176506 -0.55526291064667 -5.89475973339017
53816.681326 -1.4563708615929 0.513364856166382 0.882113753204127 1.0140849477207 0.738837853159466 -1.42187 6.00863213 0.189523576975591 1.36535561599303 1.46041290789622 -1.48225971576649 -1.28674050104965 -0.35287829220386 4.32105430833749 -4.47030291651052 1.75504177318454 2.60542271443921 -1.67174301768195 -0.32385248987412 2.79883699433246 1.51110770736299 -3.6511680685516 0.57082487964785 -0.9842624038085
53829.58758 -0.809702280158813 0.443786233005011 0.883279006830344 1.01796057914233 0.737435059365746 3.360766 6.013936567 0.195593733780455 1.20288213101696 1.65545032768008 -2.43054292125365 4.01923693165593 0.682921137247276 0.0614515007384 -1.79842763210806 -1.53023578410025 5.02710791220603 4.96944808188826 -1.64921570895237 2.20799740008566 -2.13743550367923 -0.392889317866344 -2.33028313450574 -0.65254367986223
53864.566487 2.21375133261727 0.567360418252104 0.882012895553133 1.01286213459671 0.743233499846458 4.146936 6.018230996 0.195484347275411 0.496580837761835 -0.60613046961856 0.626537766349 -4.67082979446199 -0.47958294521341 1.79423767108248 -0.0806894602941099 -0.4809103413283 1.97341460655732 -4.70508860406517 -0.135963689560154 0.914962220004916 2.37652888436628 -0.48591712167649 0.35141606749024 -5.12083371502208
53869.603672 0.828472469345245 0.463357585678294 0.879176510316873 1.01546827256236 0.740393615046092 2.350083 6.010633672 0.188070517949908 0.788891502446531 -2.97024842269848 1.68315357255404 3.01254766355109 -3.54834158216979 -0.232733884190039 2.34306985074613 -1.26699832334643 5.6730746624745 -0.99570228521622 -4.02725520436207 1.67855034854466 -0.267358551083357 2.26699380998549 -0.45521415157212 -4.02810883258368
54079.836375 -1.50550149113181 0.562289743345096 0.883320302022653 1.01182568371234 0.740218695736914 2.451986 6.014235909 0.182718919358524 1.51292211851499 1.26244282768537 -0.68603905196088 -0.64888659817394 0.72288090995481 1.39760247407496 -0.750735114854699 -1.50251768263643 -6.05024755362901 3.63039015539201 1.16634086252725 -3.00252889001152 3.0331911791179 -0.498087667471803 -2.20601080945475 0.15572003167394
54081.841044 -2.69713232793717 0.534518010244014 0.888130081283139 1.01271794000303 0.734479721434339 1.902123 6.010852277 0.183127502099621 0.712710123795941 3.2655130832412 1.88421175123433 1.45214139029666 1.71437335230138 2.52714463367895 0.16977891698079 0.94658296814662 -5.95286803569648 5.18637009804676 -0.24988890262311 1.01042526275511 3.89788287016135 -1.42173964468547 -2.24743556379414 7.03966731726758
54083.836836 -0.365902796999004 0.724959863625365 0.887611586096303 1.01309538423822 0.739351129989219 3.35026 6.017337988 0.179363616846368 0.762344433469971 -0.732177896455851 -0.802554878441712 4.70940375076699 -2.34838620213323 1.26504751229021 -1.11518354986096 -0.744831716655502 4.60493021674122 1.07447486147185 -1.60058194087845 -1.27774832766573 2.85444945765986 -2.92607345665096 1.92063673533314 -2.01885680135331
54118.837676 -1.85221681796959 0.538868175379882 0.88563782514799 1.01183462529424 0.738589070533253 1.101353 6.015684063 0.184330582606765 1.48162855431295 2.23552118541404 -1.02788262901501 -0.18872150399427 3.168275215841 -1.81408710125891 -1.61404821724065 3.46937615260614 -0.62213951097327 1.96539221741328 3.17620101365502 -2.93514437611736 0.43334048434934 -2.56127651831896 5.94436522980016 -4.70323869126555
54121.809819 -1.46352515437474 0.587143074945115 0.887579069180478 1.01380566911942 0.737083671668516 0.794142 6.020023145 0.186209495696949 0.664088739149295 -0.76686134490199 1.14995121192785 -1.135452914129 -0.78888665283995 0.55621855320985 0.13644173363747 1.69308325628085 1.21937778771621 0.339569765552973 -0.375158897473713 -1.01055085908361 0.0368343012480801 1.09154760616489 -0.57821791011372 3.44919169864003
54134.736867 -3.18311436416862 0.497662702259784 0.882753623151254 1.01204733746782 0.741697755965204 0.748291 6.007211303 0.179872755236389 0.908247388572468 -0.71846412934828 -0.21945224005461 0.4419511120596 -0.43162854026503 -0.79152553223205 -0.11019451997771 0.68872703212035 -4.84525730126833 0.69478646825521 -0.25688434099545 -0.75936882378501 0.46789721832205 0.0287796846587502 -1.0679014908403 1.37605719671734
54141.739425 -3.49775734479299 0.47657857126292 0.88650534444276 1.01433313245525 0.738215228212261 -1.11368 6.008825257 0.180500705461858 -0.0402437695427516 0.31145131913334 0.4638118572271 1.81246740845699 0.52134913805137 -1.26761453271361 2.49391258038575 -3.17801247392598 -2.30240664764892 1.14227753119175 0.27007146688313 -1.6570449985146 2.55436774429723 -1.0924455955205 2.76295329671473 -5.24853180098411
54167.650613 -4.52633992297789 0.416930698002141 0.88531211705968 1.01581201049654 0.739602302227689 3.614025 6.011571612 0.183107175727879 1.03089016916329 -0.19125566893874 0.13682487391766 -1.89878188021238 -0.159065043936409 0.90122750765679 -0.53906644791929 0.47893760830729 1.61433512957738 -0.39423242450331 -1.18640951811238 2.25561378669389 -1.30137467520176 0.89386474175062 -2.58957050720322 3.28929928855917
54171.719218 -0.668989848991541 0.582245632151056 0.88887159499589 1.02161783149959 0.737533336044582 1.556233 6.007482249 0.179273470947596 1.05412461830496 -1.2834369850231 1.00536236715952 -0.579411836109687 -1.5723665086834 0.850856977025027 0.940011030807329 -0.850793383191854 -1.30457370885165 1.77063233859068 -2.3888531326745 0.26342934268094 0.996425513055206 2.28122266514025 -1.98917439456741 -4.86684360295432
54194.611778 -3.22199778884699 0.497648461937958 0.881539352353234 1.01603555998375 0.741602012302456 3.274221 6.016721393 0.189534780073457 0.724417297790485 0.32630346798337 0.8825582556829 1.00514042661772 0.0357285783736301 0.11947422911879 0.72303345687771 0.23166410089763 -6.56659209482989 2.90043315172833 -0.76951538008148 1.42010070514842 -1.55814282478183 1.85443098187672 -0.85751173595583 0.18934213698365
54295.463352 -5.81007652603484 0.735502513955695 0.880572858500011 1.01958878351815 0.737303027450726 2.607294 6.026431454 0.189873618307112 1.02521499495021 -2.75339716300649 0.66770575716291 5.44462010353416 -3.99113635603168 0.23096446405021 0.54033226243777 0.0268308263305501 3.13922401329499 -0.40923653682061 -2.77244671413062 0.0542539107792095 -0.222667606835079 2.23603005552395 -4.58653551945049 5.37199356249824
54297.49448 -3.82575648206625 0.697141203770344 0.878710834127288 1.01749589100165 0.739899616281877 -2.45173 6.019428404 0.185399953343202 0.250502280004114 -0.0345476156835502 1.74332584361535 5.41620077880069 -0.48271191844491 -1.34434090559001 2.09924682663581 0.70945210854645 13.1642680729378 -0.7519754681755 -1.16212349482723 1.07059933216736 -0.5822928103069 1.03539794916189 1.02374619861458 0.78881717312237
54298.48177 -4.44669889144871 0.643902775963315 0.878129664417371 1.02238851456332 0.735068799919019 1.008616 6.022458082 0.190821513990106 -1.17545764482185 0.0610936041494901 -0.60239739180263 0.692223920347661 -0.85399454409706 1.5464795068561 -0.444011319459 -2.13140794075952 -3.60993751946851 4.90980206377538 -2.44942656127219 1.02989098771414 0.44371433161138 -0.31243826765641 -2.84654852212598 3.00214917838143
54484.754103 0.489568141034575 0.488440611485167 0.893522455860446 1.01362088264325 0.734438866005747 -1.86209 6.008572692 0.176975957200929 -0.404942916415293 -0.106878747570059 1.23639609517548 0.576333768825062 0.603031902529928 -1.75480699975068 1.96962023072975 0.41377825327325 5.55366604164739 0.029947956461065 -0.345819737645021 0.298340774450192 -1.45798184602577 0.553424883482316 5.25320246774259 -6.27530215672001
54523.715463 3.31973432404663 0.593674560821474 0.888407997499859 1.01699055221729 0.737126364890954 -1.6354 6.011826833 0.179920616184253 0.769132323067649 -0.87995089919895 2.51636184424818 -0.43632850291444 -0.0920284696451898 -1.38828041397017 1.17314218156781 4.83573229401016 -2.86890239026463 -0.14964954799967 0.00594297554851009 -0.54339768106535 -0.75490117763418 0.37993737204784 7.73276803658192 -6.29167525871063
54567.608507 4.17607199214376 0.500988744990144 0.882158741708114 1.01708434602605 0.744166397309371 1.693368 6.005642746 0.17624814483905 0.48833951699486 -0.11444279174285 1.50717276775021 3.15360176149299 -2.00734206001998 2.42580108235356 -0.79614288009861 2.46876498842656 3.57775934242531 0.324585453114399 -1.18817353364205 -0.50060151976708 3.00351569776403 -1.5610839597853 2.67096128629016 -1.08913812791305
54847.86014 2.00505387774466 0.531777280070577 0.889317149533003 1.01583739931988 0.735341728561358 -0.9042 6.011193772 0.174287004776227 1.34815968780579 2.76348310466097 -0.48901903383945 1.5889003581995 2.04533596182243 0.66224300341951 -0.87058216991154 0.1523101744122 0.321802474050304 -0.303451478646148 2.55528637475436 0.51407870248841 -0.0695402994450998 -1.32809180191942 -0.5243306077213 5.40979985003552
54946.590647 -0.0572575083268868 0.495851824690249 0.884538228676756 1.01589514329988 0.739920334883181 0.650792 6.007774834 0.176384206929652 -0.0561316849732253 0.736554149555638 -0.353177695246326 -1.25183250174019 2.76544648334855 -3.41226392665923 0.596449147948912 1.93569220339295 -3.33959650482529 0.938397262783368 2.21502103081267 -1.37966381051321 -2.10960594145887 1.01904899142875 0.630557987136073 1.29063554734873
54947.579227 -0.8852485338723 0.464998266709659 0.884578682097577 1.01692926695058 0.742181835495734 1.248614 6.011756874 0.1759313906949 0.259791321306346 -0.818044141862976 -0.13487507300564 0.917443117279011 0.0945375031759296 -2.22485505592995 1.38092753345618 -1.14398127885303 -1.83120521778068 1.21902536537274 0.680832562873159 -2.70945328794152 -0.26180794961936 2.0363403931259 -1.7585858889945 -1.32314891182252
55025.481757 1.08336266951533 1.34730272116177 0.878846664546565 1.01111823433517 0.739236095077849 0.198554 6.018031682 0.166271748262301 0.44944619927626 5.61922092392553 1.55250240841717 4.30540161468602 7.53742118519453 -5.17197609402838 6.53907801724291 -5.72322591626027 -13.4790326142847 13.0323285892076 6.10543526223442 -7.46065730483602 0.837367464947652 5.9264854488438 1.84684385994668 -16.6347785158146
55141.841585 -3.41884376126668 0.620501016636255 0.889844262133448 1.0134266074357 0.733647921166029 -1.90626 6.016505827 0.171384438137149 1.51988462455066 -0.66683802509164 1.50062980931757 0.15735605987796 0.19483411073028 -1.75825713067301 2.43721824882971 -0.17702447291337 2.95445513872056 -2.30255190098175 1.5097336714002 -1.37255599413623 -1.5849212742239 1.90662648788697 3.57277615946664 -4.0181405453677
55220.792843 -1.62592378502548 0.493442806301474 0.904160328478426 1.0172287321808 0.724859892040784 0.676779 6.01234558 0.173425256409627 1.65737532471901 -0.37064261213489 1.29103887309531 -0.15579276236667 -1.02308679332073 1.3674190969665 -0.11464904001007 1.74273284387471 -7.09892651709337 0.0248491393207999 0.0603140531781499 -1.18956996508393 2.9165252392212 -2.67069943215012 6.17622582446491 -4.41568956154878
55223.803705 -1.47510886406472 0.568488702731111 0.905985408104603 1.01888428387228 0.715829974294734 2.061576 6.015042688 0.172663841971822 0.83113995535772 0.25462559003227 2.49185154467779 2.22607715550207 0.32071517105208 -1.12973804885792 2.15251964332759 2.09302221688721 -0.3166507513105 -0.48379365006709 -0.19788189640693 0.59432361711185 0.8872826975766 -1.67739060064203 6.58986366676716 -0.83940153889879
55225.725511 -0.643917518550668 0.501017384100631 0.903337158180916 1.01897722041555 0.719919592899807 0.247318 6.016440869 0.178230569718903 0.55715171360784 -0.432494417114354 -0.787383552630004 1.61002760940988 -1.26227292353366 0.892611653394041 -1.32354823236872 0.2261926373743 4.06020732708416 -0.436382968611131 0.184836115287119 -1.3385896089463 0.256510876775153 -2.80701864373892 6.82253305052259 -6.63264522584053
55234.771466 -0.0342999262117282 0.916188367073392 0.883233330664882 1.01659054589028 0.737458154877311 2.137081 6.015934452 0.182361429522074 0.0479032343099548 2.68688763765174 -0.891559671888333 3.17459477508149 1.52666446591235 0.972900009069853 -4.46720772842124 7.2362031152941 14.1170879740746 0.975343692425436 0.955257836194726 -1.29216239655027 3.62553446605286 -5.93255269739753 2.50337098182012 8.36758166621549
55238.800794 -0.0221393153691586 0.499969592401344 0.885379274301397 1.01449900735123 0.737998710810758 -0.65622 6.011791859 0.17833611399434 1.52068757612845 -0.383910066992086 -0.342855362549321 0.942249208778227 -0.8443579275288 0.458532481583571 0.603633597416576 -2.80971218234754 0.974390057766216 1.35656742583252 -1.74550820253867 -0.162224150477896 2.34543768671003 -1.21333487579096 0.404563091011696 -4.31489950604171
55275.593446 4.11357829283921 0.735906245786849 0.876716650122839 1.01424634130236 0.742407634838821 1.9158 6.018677212 0.170757959030161 0.816636347386113 4.54635501540052 -2.36084445769415 5.26318431835461 3.51400363703349 -0.21492328269082 -1.73912979144138 -1.20619101555279 8.44591218669569 4.24694517246645 2.26259400240912 -1.11682374060612 1.80729371519152 -3.39044028361295 0.74617187469201 -0.91520428736244
55278.612354 4.61233153496255 0.71573632122065 0.876074370645904 1.01433252703017 0.740423261902429 0.739273 6.016901536 0.173304502141045 -0.297006636891429 -0.11420179315816 1.75363145747637 3.22440507457566 -1.13515576380126 0.57687573962823 1.16248058893573 0.73070484839515 -4.01279757279891 1.23779422328732 -0.61618156968388 -1.50831471490323 3.79615790590138 1.72660187659954 -5.68223575417935 5.24365923750337
55282.589061 1.55610636237369 0.647866629027595 0.874999434072741 1.01487225678231 0.745846473088574 1.85067 6.020712115 0.180846742932013 0.242896708613741 -2.3377110257687 2.78603251864391 3.43675532614673 -3.00337848889243 -0.21191969944528 3.95313397563504 -2.50022924284177 0.827283602916775 3.10161869079944 -2.06972277321609 -3.04750532290722 1.07402004959616 4.44673547999231 -2.97695202412067 1.29232295505705
55372.455203 4.62823559948065 0.601391441818974 0.88053598047769 1.02054684214956 0.735392414336392 3.377165 6.019270801 0.174552064587874 0.820406700420019 1.7208689846946 -1.1078318055918 8.87122384638401 1.23531704694821 -2.64945467743334 0.0537072850836102 0.26444776233718 11.9722839523515 0.490918266395171 1.00385677874859 1.66731813314034 -4.15173573912472 0.81362804774914 2.1588569255381 -4.67216563323767
55375.463169 5.21145516237956 0.587142458640053 0.879323102935448 1.01783530882674 0.743836447208857 -0.90208 6.018674163 0.171601044278626 0.658444207304279 1.25506047376167 1.57135164109898 4.78079092335353 2.04069103379551 -3.23912311101637 4.38458453343086 -3.05621996082719 10.1919806901144 -0.137109448636671 1.75730484279003 0.66136965525853 -4.24719716727128 5.13750949621489 -0.751159533912491 -3.29507938886968
55538.844735 4.69837927068688 0.485385554581118 0.87886358106167 1.01063984401017 0.74006608080115 0.506787 6.031545084 0.188171302955551 0.340500857187377 0.29981455070819 -0.81135986394127 -3.49399423664114 1.99253476680338 -1.75217103037804 -2.35792701403314 5.75222991865206 -6.74115480449294 -1.52542341005334 2.27858099832319 -1.32996149563642 0.20471018004726 -3.1388100828257 4.33576504897109 1.8643406764505
55544.837167 6.33064741531103 0.582711691322772 0.882001653874246 1.01223518381022 0.740914083439692 2.701906 6.032554855 0.18424866274097 0.95047037118724 1.28098843744398 -1.41133607712076 -3.87656619990766 -0.20490720204396 4.46371507826837 -4.78751560282101 2.9856828725298 -1.24117823183392 -2.53014510964841 -0.160459292602139 4.69404302448411 -1.54560445231942 -3.86522171490798 3.23615791400861 0.86561066779929
55578.83202 4.89028823269097 0.591636999935077 0.882627501040801 1.01136854139901 0.736429276001769 1.219839 6.031085887 0.197990609517231 0.866459661142301 -1.33794588147466 -0.89392740466 -4.19483130071056 -0.12274844678504 -0.53997239596539 0.99026064712961 -3.98391974242399 -2.36388407927741 0.763225130466511 -1.02720289842223 -1.17813629893602 0.955316016930051 0.3781766437617 -0.89299053274555 -5.58091182562176
55591.792675 3.54394800640771 0.567901483192048 0.88682201403784 1.01164382073175 0.738308313638369 1.613799 6.025027898 0.185067547964316 1.09114931097931 -1.87712093178714 -1.59899147612827 -4.35163527607031 0.76661952200351 -3.4182672012669 0.0117167567887499 -0.00906950999689005 -8.89668894797269 1.48222050927471 -0.50298446585096 -2.55893997066004 0.78439028979308 -1.34010637196218 0.10161109071867 0.0870298765105
55611.676195 3.09614696452463 0.498999651651073 0.88666201111405 1.01597859315502 0.734315845762528 0.944761 6.030456228 0.189459711263667 0.594823004827165 2.44248145145719 -1.03918848812326 -0.25495767244267 1.40936936360365 2.08744160081433 -2.2373179152784 0.4709557448798 0.9301816954779 -1.45680234447357 2.56392992749968 0.10587645252941 1.0133394377296 -2.10441264952735 -0.75475611563383 3.88277145265164
55617.699454 3.01029838973833 0.592094974641338 0.887101819277492 1.01733454052927 0.734346590822786 1.242977 6.031654577 0.193032146200834 -0.810093003832692 -0.4118312735125 1.70232122752986 0.75022944066297 0.31546104928488 -1.68453796270132 3.81047922675628 -3.05169035900164 -10.3967852954564 2.48183592051996 0.20018980394772 -0.56949928999288 -1.4581149932556 3.84270513070039 -2.66837131317995 2.14849154052116
55634.697536 3.86714740198517 0.544124846485189 0.882656965353696 1.01737612575912 0.739851016041436 2.566431 6.021789948 0.184602027927877 -0.184296546292698 -0.28951840290774 -3.05815150191227 0.0780275793583201 0.83164283037764 -2.16451025795193 -4.12449506342963 5.10253856105863 3.57061938328154 -2.89046052207586 3.17870572947469 -2.97319704251083 -1.68309722221461 -2.07278535496123 2.53283216929965 -0.97819962258327
55652.636462 1.96813507580988 0.605286574295591 0.881343832884727 1.00933784434692 0.744044930160374 1.189814 6.02911944 0.190791786697321 -0.760187727716197 2.21756792166472 -2.7776114592422 -1.54076406992165 1.70541907873038 1.59688574053358 -2.41611560284037 -2.68614645409712 0.264505398450514 0.239542591384721 1.23148887034746 1.24650588837977 0.1093983662538 -2.04153625488591 -2.09366356657095 -0.635505341546721
55679.566752 4.82695010465991 0.484641795416845 0.88207736289511 1.01090690331634 0.740769487882415 2.882832 6.030298097 0.189822912038529 0.994567513693971 -1.03063074690592 2.99870920082344 -3.70789294864729 0.86374788513751 -2.07512953024553 4.85982159305503 -2.14714701845444 -6.24736447479059 -1.05112803125898 1.18576025556663 -0.39815639010952 -3.0519356160258 6.83235972693203 -3.900124990986 1.62330303042961
55873.85904 0.462208686981362 0.534800775668989 0.882745281055988 1.00963640970239 0.738606864790185 1.490602 6.033204794 0.187807991773966 0.550079512154973 -1.68544066557394 0.0691361392088584 -1.94699263303298 -1.11673024772734 -0.328879617934071 1.80160593695874 -3.73586306878198 1.28342444926997 -1.32486996216498 -0.341612405866785 -1.73053572797571 0.755387325199877 2.26843711588943 -2.34883425511451 -4.28179778640787
55879.836954 0.790875471928713 0.972794440225299 0.891952372071703 1.01379716489671 0.738160683741884 4.1027 6.038576616 0.190767173407307 0.832073808399998 0.572445525590071 -1.46309770685532 7.47451513713608 -2.52328971607209 3.14511012082155 -3.54940116849895 1.44448389403549 8.57976604771413 4.85505081314494 -1.01578259944572 -4.64312762090429 6.58479760462456 -3.71571440157254 -3.09021467611538 6.00498744296556
55923.811632 0.0814750589073636 0.546403110785987 0.896243457397135 1.01335893135899 0.72371539652319 4.08703 6.038446209 0.191137388440406 0.525539175799567 1.44905466811516 -0.03689806387833 2.74249520168607 0.425041693096611 0.853586302747149 0.431115410422234 -2.14202824639709 5.16937529128857 -0.585815785784641 0.558323436392075 0.195550529542766 1.89255126258108 -0.43034135359851 -4.45043696347303 7.68031475632924
55955.819554 0.312175205244776 0.518721331219087 0.885117286295754 1.01224163195301 0.733049649976251 3.882231 6.033320876 0.184665581472101 -0.209174569141902 -1.70039407656801 -1.19565065745503 -5.27349508599008 -0.459216724822187 -0.394344888640548 0.0307166731573765 -2.52490042745709 3.35924820368181 -6.57074490686592 -0.497313038629715 2.18500403446259 -0.79733548261426 -1.3994560570726 0.0284727527024389 -0.0894296306666988
56013.648024 1.82333747180917 0.69300615273887 0.877377402957422 1.01428712107479 0.738599600433015 3.765842 6.042820434 0.202272898648847 0.15822288022398 0.49790759282193 0.81835193858332 2.44085437729796 -0.871065128523275 1.66674164580612 -0.77764384977848 1.95801296530295 1.19559844337742 0.42381219653339 -0.778442549458275 -0.317651250776179 3.57265558029936 -1.55711437319091 3.0304181835841 -7.52616651044011
56024.605266 0.0451267505772019 0.495081163406061 0.875182783958358 1.01532309442545 0.73885517228789 4.021977 6.043381506 0.201389228016881 1.15876272524281 0.634152294202269 -0.280258351890268 -4.85307931949645 1.8722532535881 -0.522947553749193 0.836117745783349 -2.12332654315332 -8.33097975337339 -6.75880468538714 4.27287872050028 0.453358891069923 -2.14736359342049 1.97129519923285 -1.48545398023945 -1.30501947708785
56029.657277 2.32240390841371 0.717776078893103 0.886625673556269 1.02574896948445 0.733144466679628 4.324583 6.042663216 0.195425434997228 1.02107547728619 1.35504235613435 -3.29811577591289 7.85199607172691 0.96789466960913 -2.12712791502841 -3.43356765980581 2.71678376141817 8.63360449172471 0.1405901925641 1.2138819382776 -0.23621969966484 -0.70551673746519 -4.37929522828185 2.60803562838703 1.31364284795485
56092.462203 8.20520531598862 0.679624483634222 0.876925100709531 1.01291948123887 0.738800257188862 6.476147 6.052585645 0.207177761719968 0.604392791380701 1.37298097097449 -1.20252910317624 3.89150123473758 1.54111197741234 -1.73890162550683 0.204376004587191 -1.40337598880445 -0.0230870592722701 2.02188967851334 1.9274355963073 -2.42323934338926 0.817662015507049 0.865731066268522 -2.55396155108384 -2.36138299175551
56262.842993 6.18611380556405 0.682082502204194 0.891563730236968 1.01211497807728 0.72955308405504 3.888784 6.043255357 0.195979300589869 -1.56919581013833 -3.16111371147096 -3.75566917598646 -7.07199591876194 -0.914363597113261 -1.59432396908649 -6.3394637530561 7.81844527242072 1.512275314587 -6.91987111007367 -0.46670501471206 3.1946358037201 -6.09705135984076 -5.07247368739379 9.31437158847168 -4.19688212246522
56289.814097 4.94512735751641 0.649957032986021 0.881002579065342 1.01355242364623 0.74177227480225 1.216741 6.032480308 0.194443072830593 -2.48807666388776 -2.14003258233545 -3.21944811339361 1.0002504794691 -3.75270762619144 2.64181608798171 -5.56703558652646 2.76737154786974 13.5612122132777 -1.3002037743149 -2.74348705608063 0.40820920778946 -0.00196748910671918 -4.57982422048089 2.45471060129351 -0.26268601214343
56321.800515 3.27204599546194 0.620197425103935 0.888458175898249 1.01161850000137 0.737819705512019 2.886159 6.035104505 0.188874558750353 -1.28020240893101 -1.30636852141849 0.4444546970941 -3.27297106083958 -1.11735513755107 0.84916886441754 -1.97255637248711 4.93741157945823 5.5686231862471 -6.87410312027026 -1.28932357028901 5.20972811780841 -3.17763319557938 -2.76091799190794 9.00533447649158 -6.21300333000464
56360.780616 2.50429035820341 0.715223338233209 0.893720085457296 1.02033465239539 0.730756807824668 5.81456 6.044454282 0.208999349880536 -2.50460237384891 -2.92961374950967 0.11760020336258 -1.1409314367728 -2.78041653854352 0.10201562749803 -1.19429833732057 2.99110512225591 15.5532198511977 -4.92371732520457 -0.90574123229521 0.65448786482024 -3.91336621120768 3.10321774421507 -1.67365623812387 0.912693645659437
56403.525646 0.677061416469197 0.690049924575736 0.879106260611556 1.01076733499769 0.738269940600456 0.921854 6.041106132 0.19150836297657 -0.860423695527734 -0.212259053848354 0.395030072019585 -7.23285296991334 1.90975017659888 -1.29608032445529 -1.13260018089693 5.20678670952204 0.66058986689098 -1.19519019896921 1.58411066412659 -1.24592178414189 -1.53703897843841 -0.853458684411839 7.1985816912134 -5.79656592914775
56451.494238 4.67925650173926 0.597636423878802 0.880069918162176 1.01282226405666 0.736855849340889 2.930786 6.044462762 0.192583518514908 -2.90439428259891 -4.94043774450309 -1.58683529924922 0.268957485266119 -2.07147335152752 -5.39843276157675 0.59042256620802 0.73187504101344 -2.44537921858706 1.56322683654279 -2.17873171725354 -1.4470095152059 -6.21922024844019 2.67308620550881 1.70032356524549 -3.85523943880207
