53015.794933 -30.3943732163313 0.473598742321138 -5.99886 7.328794059 0.171326934040766 -1.3517966695792 -1.3663156314383 1.6538903005454 1.7157435192928 -1.4055278714784 -1.0664499205761 2.2292845876342 -0.0624443137390998 -2.3927841829673 0.4616694820939 -0.877130361530902 0.0704529646029002 -1.3875325772643 2.9682814655876 0.919455934313802 -4.5261499756008
53037.764183 -9.61626102185278 0.405099224367121 -5.03648 7.329124965 0.170350789089713 -1.51530671048502 -2.31591255954694 -0.481351408922 3.86317737120421 -3.75485302603481 0.369467601370999 -2.5126692839468 4.54043667579491 1.18814174982375 1.99585773175902 -4.3101630074012 2.13008530939458 -1.85009715528798 -2.4105605626902 4.61360340691997 0.52070260267503
53046.615128 0.330432805183736 0.698730204513395 -9.44655 7.325164351 0.165918151058051 -1.03990545431716 -2.11391586703375 0.555385365785101 1.13157522851219 -0.34874714842754 -4.16819706577384 0.43313147299779 5.03853327988672 -3.67996452914618 -0.45223743544491 1.69953071150775 -2.29627250384972 -5.37733417322726 1.5350016801055 6.43710443629299 0.7288716791685
53057.714779 12.0369404929913 0.388977708040448 -6.16419 7.333231202 0.167750244869993 -3.6666144832424 -2.6668942898715 1.5480288446882 -2.9922164315379 -1.7750762862975 0.2568086851981 -1.25854444132733 6.59919821272273 0.696743957018398 -4.82290446555 0.3118628238902 -0.6737992403456 -0.400429851070099 -1.39710165358454 7.81982532413634 -1.9239344330619
53146.557328 51.0732029825396 0.753994863687642 -6.33178 7.326402254 0.159161293844268 0.386925862731891 2.7972139553222 -0.337660212675303 -0.272217716263505 1.9212603741259 1.8739584071199 -2.2248206082287 2.2063611309305 -3.114848781052 5.319588624974 0.194147769345001 0.2863559606214 1.0303258283157 -0.775588636983002 2.5085698094447 -8.4958948230276
53160.457411 12.2088002096761 0.919711125801839 -5.23219 7.333319008 0.165476448589274 0.341747220911584 -3.8116965285608 4.5323196950644 -0.564064049280999 -6.35178059671168 5.32582130708548 4.0038247059619 -4.8736471481825 1.6510608566135 -1.0984439628501 -8.57685421221107 8.42463604411047 -0.9332945563034 6.2366965112878 -6.8890847241821 -2.20093911147586
53160.458892 14.9998580410929 0.899327583138371 -2.52502 7.335779099 0.167810184998669 0.4765732138031 0.4765732138031 5.3343059362037 1.6021601057011 0.233377575930099 -0.359149098549699 6.099269483618 -1.3855602736093 -1.9868082758839 1.244214052478 0.104270500450101 2.2501571402359 -4.630274125212 8.7705003789469 -1.6700389257558 -0.8899085986518
53160.460443 11.9183937076518 1.00892321342286 -6.58284 7.333739776 0.165991766859515 -0.740012310628 -0.740012310628 2.6320560892647 2.0515290324259 1.7714507016177 -5.83114451426219 8.93818549064829 -7.99360809082758 14.5222212217043 0.716218160681199 -0.1448743758814 -2.2127112955338 -2.54959635867887 10.186957768138 -4.909146835347 -11.9593730456651
53160.461936 12.3476879470109 0.952229475664365 -6.60819 7.340923768 0.165113697171032 4.07684652167581 4.07684652167581 0.6549118548061 -3.0183123550885 4.0636944441755 1.5541333669113 1.040440506612 -2.7173707657329 3.1266732189782 -8.09265041432929 4.35283600112069 5.1658632330506 -0.9534300559255 1.4454624690789 -6.30461613325939 6.90075086215929
53160.463452 12.3810187432231 0.947022023908546 -4.57845 7.339541391 0.167536567671801 -0.9823157672436 -0.9823157672436 2.8248081151435 8.00561563677602 -4.5763871078601 3.0960750311904 4.8327285826608 -8.12723090509228 9.68528005128123 6.81626966196436 -4.9205944585943 -0.9691545791539 2.0402062152757 7.7018087342727 -14.326501026922 8.97047863618392
53160.465015 14.5079163348033 0.990575467291886 -7.35343 7.334219159 0.162854974668839 0.219341645606001 0.219341645606001 1.7408471857337 0.8489740653261 -0.924230993808001 1.8204513906458 -3.7397360675237 10.5494432853936 5.0632542323747 0.9366177095431 -2.2965517049201 1.1550723902801 2.7271641051958 -5.9054254190888 7.5498994431676 6.6797431964915
53160.466531 14.8214696661933 0.995636988913727 -5.38094 7.338740763 0.166864711693047 -2.0997726861828 -2.0997726861828 -0.791311472428001 -0.995149209471499 -2.2586409299545 0.811575130430299 -1.3950450325917 0.4730446707218 1.6433920994432 2.9497923848573 -6.2386502800879 6.7045749660883 -5.1242652240869 -0.139135489564799 -2.3630845715909 8.6836746730306
53160.468058 12.4272427115647 1.01966708810308 -3.68445 7.338874611 0.167631299128246 1.3553806564075 1.3553806564075 6.7438326589141 0.485453355606239 0.943938637302001 0.5665931323708 6.3337328846242 0.3041797510636 2.93256884494602 5.21013307375302 -2.6271327454503 2.7775227068301 -1.2293422718865 7.9305928064696 -0.675720424844499 -4.8203619533657
53160.476217 13.3627290249042 0.894296740567227 -5.78942 7.33842738 0.169661715170461 -0.580893098392499 -0.580893098392499 2.8299630958466 5.9583159491814 -1.408457835314 -1.4646825579309 2.5440172900467 2.3833699759341 8.24814917122574 3.0259666731087 -3.9558042736163 4.0787069023618 -4.7208379999473 4.8910485716851 -6.34232146605754 15.7527448702093
53160.477791 11.6016961139096 0.883280586330575 -5.59436 7.33377891 0.168992308880038 4.41062899546758 4.41062899546758 4.3688948283092 10.6184030132022 0.3183053231147 2.7840774070522 -2.3697305013882 12.7000004530307 9.32385187207038 3.42584350911045 -1.12218939685103 6.19503798892093 -2.691102483173 -0.1020812452018 2.7105599658185 13.7252734080152
53160.479284 12.7089924465738 0.904069898657283 -7.31131 7.344448788 0.16461693750852 0.929436232126701 0.929436232126701 3.8993943728607 6.28534869111892 0.829103980724799 -3.0268404368433 7.6207736987179 -5.2277531202401 2.55213717011062 0.316375797137399 1.1386533588005 -0.712817289300499 -0.5103064126293 7.0634433607375 -10.3918228984823 15.0389734216271
53160.480846 10.0902944196052 0.89465786185674 -4.37142 7.338975167 0.168979693237056 3.80641096400372 3.80641096400372 5.1831143810151 4.64565583143541 2.97326399232821 -0.700527518985339 4.12911543939844 3.2482842099626 6.29733472539805 -2.20165852838239 3.80631965156118 0.593451005329371 -0.111946711491601 4.1468758117946 -0.2659846419019 5.2786734274514
53160.482316 15.8346507023737 0.914175073667853 -5.89795 7.336538802 0.168235289467785 0.358048268288 0.358048268288 1.6017376485512 11.5027825590917 -3.3090348146705 1.1867655145631 0.896292741356998 0.271899463149502 17.1957887961723 0.0984314269382978 -2.0340333819626 3.6832659950677 -5.731187535931 6.1962122607675 -4.9632375654251 3.152625084517
53160.48389 13.2468657822138 0.999196641206335 -3.55437 7.34324958 0.170179965253693 1.6400244966759 1.6400244966759 1.2069852864122 6.72914990381771 0.5829070707612 -1.3976172407475 -0.292709560375499 5.279265382128 -3.2177913495301 0.1047816478643 2.1400638407582 0.120485627506801 -0.9423220888189 1.3920416396765 -0.00559356615059947 2.2528378707937
53160.485372 9.99029551051202 0.926239756466602 -7.47413 7.335835251 0.166709851953486 4.88001821593936 4.88001821593936 2.6220429782794 13.1622313924349 -0.236766799235989 3.4727162558656 1.9805490388923 -2.4272490754817 14.8423091846671 6.08871713546689 -2.70633061660446 6.22190831692986 -1.8030357087381 3.5842401018656 -5.1272328336401 4.1299334955148
53160.486853 16.9295966663575 0.972788501807892 -8.31003 7.338149427 0.169733389284269 4.6572967722843 4.6572967722843 -0.00083280093230087 2.022331712664 5.1281242379574 -1.9690905756925 -1.0619517265116 4.9127686591738 4.13431560353522 3.5333965584398 2.0253181261089 1.2592939758387 -0.537183199569402 0.378429126346603 -6.1791861570518 14.3022689253357
53160.488404 13.9765432953368 0.965054121586784 -8.42051 7.336268412 0.171969749207771 -0.627450370698799 -0.627450370698799 8.2462052442272 10.4612454289887 -2.7105590670623 -1.0772174771376 8.4785015965252 0.669711352009401 9.08501971611245 4.3519982731122 -3.5092489151609 -0.725626511494401 1.6904473613129 10.0752599324689 -9.4054475771035 11.5442323103063
53160.489873 13.011270879383 1.01075280558931 -8.55291 7.332449088 0.171867621183732 3.211008133043 3.211008133043 3.3254208670505 0.621600393560499 4.0653584556312 -1.9863606192006 5.9182816204131 -3.7368352471795 16.5726923629389 -7.89704191357718 6.59165763118178 -0.9832250256304 -2.8045136041827 9.2734796674398 -13.6999379011389 18.5655419118283
53160.491459 13.5978015657579 1.10430192357664 -7.35957 7.334357851 0.164267867718129 -2.4242520733365 -2.4242520733365 1.2468053541495 6.0184646519758 -3.8799920767169 -0.0679805855795994 -1.5668041210624 6.6985935924284 -6.9160197907367 1.832850282836 -2.5799723853046 -0.144409502675099 0.335341590582399 -1.0871606197543 4.8459326839365 -2.142675206453
53160.49294 13.0481397238724 1.13642893312952 -7.09238 7.328582627 0.164747278701502 2.9183619987103 2.9183619987103 0.820351086236299 -1.3388561167544 0.7146621939323 4.9179010251969 -1.2104607380821 -0.828660114860099 1.6203091917298 -2.74158765199589 0.37012961376519 3.825744584379 3.4051749134808 -0.4311967413601 -9.83882314381859 14.3112779638016
53160.494433 14.263710236746 1.21065674379649 -1.87267 7.337859687 0.166867826493671 1.8621179538492 1.8621179538492 5.6897130252421 8.459557440686 0.7978439570125 -2.0334739212622 7.9854659343903 -3.0552554716981 1.8985024083874 -5.31380145541027 6.87330587085787 -6.3400929432993 3.7468104410273 8.5958490587114 -12.0898037673643 16.648349471028
53160.495972 12.0366587513902 1.00160684822877 -11.75589 7.3407175 0.16887327925984 1.6154650054378 1.6154650054378 4.1536654830651 2.47691912942093 0.6956885103485 0.5788110602481 0.9198607416733 6.7641053951497 2.4217279974407 -3.89672824943156 3.21415095710726 -0.0814516841558 -0.249114207888001 4.0112151243726 -6.92666071486489 20.4031498018674
53160.497512 12.1546145920364 0.939552583809474 -13.24158 7.336500723 0.164422440888345 -0.466978044244083 -0.8889252773132 3.0087016315153 1.6678727820446 -1.9713930791589 1.2965586311836 2.0434456614658 0.762541365983001 9.49556539641938 -0.0150033690431997 -3.55792973404772 3.20737023254522 -0.972682278378199 3.46651956459 -5.0202774058081 9.0954320448851
53161.435336 8.54332205636875 1.00491336581725 -8.56587 7.332999641 0.168561262927124 3.70647943639982 3.70647943639982 0.36597475707833 3.0553945573436 1.97854694424286 1.82697208280164 0.5505583739456 -2.66615568943801 7.57312301294506 -0.55643539564679 0.72491355160117 4.82190402960737 -2.0240426821565 1.1767201253502 -1.97478691011217 -0.86731658167044
53161.436771 6.97972973407732 0.843072145203692 -3.92459 7.332653577 0.168747541011819 3.2797179617826 3.2797179617826 3.16615591661358 -2.07878067893125 3.81944631617543 0.04538630284934 0.69718540309296 5.80551400960825 2.71615454947965 -0.52147376913156 2.64342341265365 0.18848007378261 1.50842763611847 0.0766649545567297 1.95913833546941 4.9162757500264
53161.438264 8.9316892952322 0.826173600433959 -5.06965 7.327838314 0.168875232470171 4.59274988603608 4.59274988603608 1.6190351479491 8.81136331637616 2.30278182819 -0.319831395187959 -0.458486694703431 5.46860461564039 7.58800911504374 3.15483284905767 1.04333680886757 1.05164100764055 1.83761037482369 -1.97066915000417 4.03829838011007 -0.898647273315898
53161.439838 8.98168695878916 0.83262691886334 -4.82469 7.329231746 0.16793509995926 4.26201209938071 4.26201209938071 1.8900735272669 6.12377458029296 2.27358594171748 0.575812585603069 1.9261348897208 -0.8015660250007 9.66495473246542 -1.01802821708289 2.20477448825248 1.66061873830155 1.2702063456757 1.5853658262404 -3.96052508058764 4.47404001678894
53161.441284 6.66624104441441 0.85482388245397 -4.50758 7.329213376 0.169441610439902 5.84554545658084 5.84554545658084 5.09286146954188 -1.45381975327158 7.27157945052941 -2.09748339191945 6.11296895831514 0.1027696245856 -0.233918680689283 1.9252574140056 4.99538707640671 0.30605159678745 -0.64654193087152 4.35495937081807 2.475239947705 -1.0812581741522
53161.442696 7.39300179300493 0.964758378266206 -4.5016 7.333557236 0.168386786060663 0.764769505963501 0.764769505963501 2.27586205889645 4.16407566096433 -1.8555820768346 3.0305265972929 0.12085500779463 1.42353961007089 0.73047334495445 2.47192559065269 -3.39900949302231 3.40585350302227 2.73365839105989 2.2309333238859 -8.5542832653932 6.4100439860618
53161.444374 4.66692849993388 0.809030527813972 -8.55641 7.326448688 0.171496475047988 4.1530054925043 4.1530054925043 2.11270828647322 2.3616313062495 2.9081657664096 1.24125108032224 0.0937182951291602 3.30984575797187 -0.800146129597974 2.80383683969802 1.65016323254393 1.63702036331979 0.85801711558659 -3.0222094148626 8.24868804860801 -1.97328189090291
53161.445856 5.82270135649542 0.777737158896645 -6.83584 7.332084582 0.171215904260709 1.70371076380706 1.70371076380706 4.21947717754049 2.13881124670693 0.89988800310662 0.41613339769405 1.96687992122357 4.99323421361466 12.635855180129 -3.7057880920568 0.55935939286098 3.95659909801392 -3.46305673500028 5.80332654930396 -1.73826881739766 1.25467520411516
53161.447383 5.88704973884555 0.758086766373021 -6.60238 7.326697637 0.169438813988029 1.51060015131222 1.51060015131222 3.03638644125286 7.41475281187444 0.30765315606368 -1.64298118496999 4.64154893610137 -1.89083440709135 5.86132850859625 6.53057141875 -2.20710781026314 -1.92106184214106 4.07469447240721 1.3210403746344 -2.28784219412849 4.23245392474238
53161.448911 7.71211202981365 0.76625030310432 -3.33427 7.33379613 0.170476013144965 3.55211936044571 3.55211936044571 3.64985693669031 1.79736317180561 2.04098209636858 2.07046014547162 1.77228834064121 1.9803149154755 -2.78299913835886 5.90461857898945 -0.83796190122317 1.1789493193311 4.06585957273352 0.948644304462301 -0.9131299170405 -0.458667019090401
53161.45045 6.67297895576188 0.792441770665244 -1.3589 7.334314304 0.169536659403223 4.10792403619434 4.10792403619434 1.94335089617847 6.05383516971335 1.62782050512496 1.53245905968372 0.659179284443299 1.2088664512464 8.88964720170584 0.37304318434468 1.84650948258309 1.98288705513009 -0.77181923494796 3.55407535992074 -1.54552836387796 -5.855977931023
53161.451897 3.62037137662699 0.739079195866454 -6.63663 7.328832802 0.168362234196933 4.86153976793513 4.86153976793513 5.88131116909037 8.14885880575004 2.33645385942328 0.57635384031929 4.49341628436298 2.64279855882392 15.0778821589569 2.28269592985253 0.98200252232424 1.48009094823573 0.543202883640349 4.69108719356622 0.834250495957521 -0.92774533941226
53161.453425 4.7894022839981 0.727469790572649 -6.49586 7.333639666 0.170473216505044 2.31711437203508 2.31711437203508 3.08661298659015 0.00596999059266023 2.55947494929081 -0.50613780301053 3.167508505335 0.44153898937582 9.1389146006616 -3.3726820701175 3.67065977596227 -1.36969936096621 -0.0181122160014899 5.01143023242938 -4.79542427826204 5.78670169881307
53161.454987 5.99075482008769 0.695392489558462 -6.08037 7.333283967 0.170779705075906 0.72562015879716 0.72562015879716 3.207003263938 3.30514703387382 -1.90088359365373 3.43206803050148 -0.0094578302677597 3.56852540956215 6.03008365127429 2.50664482284217 -2.55308017752223 2.62011534034499 -0.81071644049774 3.50955553476511 -3.4372350275513 5.67259290861248
53161.456434 6.30731664454192 0.718675739560787 -5.21491 7.335299 0.167765064236387 0.400155750802649 0.400155750802649 2.62125710805597 1.50206107536197 0.23914937696596 -0.55543275633187 1.89061266458724 2.50226231587601 5.79552010087068 -0.876774741750959 -0.47261221330999 1.67680760593478 -1.49371029793947 4.28655891600937 -4.68577688227965 6.25754579615408
53161.457984 5.10853114878807 0.744846605471184 -5.98291 7.328069507 0.168086381865211 0.93928954319592 0.93928954319592 5.26459871927611 7.59802632025281 -2.62418103418162 3.02174050900661 1.93465691122521 4.28863910538284 6.16696893646107 6.57873555956589 -5.3292333070909 3.7636333156259 0.40615021465824 2.47750354219191 1.69770083915637 1.3268273751082
53161.4595 6.14853062293653 0.772357861218458 -7.18881 7.325871301 0.171841868446659 2.09236391512208 2.09236391512208 3.13145313776308 6.80654416427909 -0.19327319344491 0.914971448046551 0.23628372417875 5.86320030736672 6.19025967358798 4.83090837236283 -1.71693021785776 2.56859167730068 -2.30349562621598 2.48487727766851 2.46731247569951 0.0991974139051006
53161.461063 3.69583084996452 0.819369481121038 -4.48273 7.333472689 0.169295385564556 2.96357923446522 2.96357923446522 0.0475812905061801 2.92178141620692 -0.37627308894692 5.13649327012594 -3.82688383162825 3.03634324460925 2.66559343142461 -0.88030085461871 -0.23500438755415 7.47454529971515 -4.55227464748399 -0.75901146753987 5.6572500479028 -9.32730386615375
53161.462498 2.97923338995034 0.83941428374836 -3.48577 7.330388144 0.163442993084627 6.0181177351971 6.0181177351971 2.42846827675546 1.96476559967644 5.04196760920587 0.91365841066576 0.35656072114584 3.83589140342831 4.62363493378777 2.95821541765916 4.24864503463176 -0.99031338389691 1.93157512335129 -0.0229394068242303 1.79035219277544 2.77425140184266
53161.464083 6.53920830762763 0.793461858803563 -2.63026 7.329144715 0.16951687199763 4.60582539725034 4.60582539725034 -0.71956450201578 5.01588730241117 3.35811923006543 -0.259742230921501 -1.52266175539083 2.25192828397718 -3.24092900999443 5.55765933444229 2.55287126540527 1.64452789532119 -4.04107139975661 1.74444966504036 -2.13848949831809 4.60024413312048
53161.465576 6.70822384863279 0.79276030566102 -7.63185 7.331327933 0.170150400397747 5.28750670179289 5.28750670179289 2.68162865920372 8.8236987375978 1.82824206654629 2.17185251717825 2.7803337811125 -2.86426977720516 9.74700672367955 4.90914653828533 1.01069180876955 1.57995960921303 -0.22489527524416 5.04027708367765 -6.67815713142242 3.57158707770162
53161.467011 3.64356249202721 0.80192887937815 -5.91749 7.33319929 0.169213751205806 -0.29268634925464 -0.29268634925464 4.91182855777567 0.68311229338719 0.48624543158409 -1.97535781139165 3.23882855919473 6.56788579950013 6.61994380453232 -0.0455251785675603 0.81342288748531 -5.16641068969547 4.56613755847675 0.794833997572121 7.09326637064045 -3.99110214783203
53161.468585 5.06714582238341 0.768305179900626 -3.78434 7.331400971 0.166307006989225 2.62356613499679 2.62356613499679 3.99670982172632 11.0716967861955 -0.609138652453541 0.61024294188173 2.85393365679014 2.0121037702661 3.7101363863476 7.62872156295224 -1.66537699580484 -0.10511764225246 1.59161002055777 2.72804046595657 -1.74064413013367 5.80117058663839
53161.470101 7.35119826572747 0.731685256794694 -4.66548 7.328381594 0.168853770267587 -0.66932154854169 -0.66932154854169 4.94726364808116 2.96561740804465 -3.09893751073174 3.23457198038625 3.86431106654132 -1.3085163415239 3.88106770574015 2.80906948212307 -3.17559671668762 0.624567473471219 1.1395113018947 5.14080093952008 -3.49543073407885 3.16894900261775
53161.471641 2.09414513268798 0.850813588136508 -7.76911 7.331833659 0.165613518390903 2.98441854843181 2.98441854843181 6.35099677746492 2.6170818083984 1.02328098830583 2.53362051496605 2.61989659123407 5.90214178073411 0.65539194849926 1.39235581898332 2.15726390455428 0.0114055763163701 0.38552392040336 3.30147429327243 3.67292109658615 4.46760662904948
53161.473145 7.38863537975073 0.826875077218987 -4.36347 7.329207169 0.167109121440023 2.88596534993535 2.88596534993535 2.90123730821209 -4.01406120262025 3.82443030848264 0.27053463956467 2.0600303127734 1.66662167634026 -10.3980765195731 5.8165918821445 0.01917457006454 0.76603494752714 2.65973927716366 -0.929757408056989 3.19378095866621 0.242395118049199
53161.474673 5.94213246776059 0.940349900604053 -1.40515 7.333036822 0.165261857302534 1.30870388918669 1.30870388918669 -2.4660070482102 4.73001555043253 0.332557608555931 -0.548363486441541 -0.573492107967509 -3.91813339722986 -3.07603475353478 0.32150438846022 0.56622032652823 -1.61175822023086 6.39098576582975 -2.22382923112071 -9.0450485347242 3.03052569862267
53161.476131 6.59259349729653 1.09264573881912 -8.45474 7.328000034 0.163020471345911 2.93263733439813 2.93263733439813 5.13808906303392 -1.62537155918873 3.33371604969799 -0.00182812452367997 4.09110805123484 2.4698537775609 6.24047741488335 -3.26013223214124 4.01200970945032 -2.39336610828123 4.05294943523096 2.13720887063247 6.2738348034675 -11.5007060160187
53161.47774 8.47422597425143 1.53315416101272 -7.50227 7.336522292 0.157145529828969 3.64206926592368 3.64206926592368 3.91788503469229 1.58924325382832 2.19234472621581 2.12122935101853 4.43956678452203 -3.5626287643543 16.1587547454903 0.99727501604925 2.11671202829712 -0.42456718598425 0.77314527323562 5.21187388740214 -6.30048401972423 8.69094286967133
53161.479186 8.23123505280003 0.993913660987531 -2.95055 7.330590687 0.16648973021557 2.92865572520774 2.92865572520774 2.61643455792743 3.08908477238988 1.97853428223148 0.316395217580611 2.66060209703548 -0.479034680189599 5.30447698133056 2.64278624706915 -1.23684597249995 4.55777320029068 -1.41337665341981 2.96437901682421 -6.92676325184315 13.3368677136981
53161.480795 8.18795151678946 0.908219643346467 -6.21505 7.330206122 0.165391233705274 0.0632482303532997 0.0632482303532997 5.61431579076877 0.4600207216228 -2.17267055208212 4.17444886526085 2.82786769999497 1.7094297831425 -1.71783693809686 2.01228338481363 -2.58207826905594 1.50069776625658 3.01720202879639 5.20668017914146 -7.60732117212791 9.42269668279101
53161.48223 5.63821341176192 0.899139682166511 -3.85113 7.328588361 0.161996171223018 0.19609457385529 0.19609457385529 0.16495065996444 3.84172105398247 -0.30330920185183 -0.923295740814081 -2.00165248672956 6.09600785492658 2.92176533789725 -3.1684763169995 1.5896245929768 -0.77110120411041 0.6688685203454 -2.13389522741334 3.87841515053493 0.219131196192739
53161.4837 5.91706916013538 0.950445409587951 -4.63499 7.332798679 0.168050814930752 -0.61130181857847 -0.61130181857847 2.69252280193585 -1.21032417763265 -0.53791162420814 0.49292594863812 2.37712174070103 0.159093209100001 -6.66274443921835 3.45680075497033 -2.31566421216281 4.45546700981212 -6.52343251186108 6.38435129063788 -0.283131354541039 -3.45204085947243
53161.485285 8.41355816619473 1.01075570103507 -6.3305 7.32823701 0.15937809736423 3.65143942036312 3.65143942036312 -1.61899343738474 2.05279869804192 2.12914382335162 1.95421616056805 -1.88482146442372 -1.54472179348939 -14.6250170156023 8.87194181642101 -2.29965078915303 9.07968869468984 -7.63190618811666 -0.70872547331859 5.68008740796835 -9.82921956424771
53161.486801 9.41600860687481 0.776099667371792 -1.72921 7.333353809 0.165367779657326 -0.11226392151843 -0.11226392151843 3.29123223296599 5.13686492485028 -1.88455040326721 0.788038585785779 3.16070366211793 -0.604905471376499 -1.54186726341806 5.58863754653002 -1.77304887214493 -1.85238701487487 1.46357580502352 2.97856193403238 -0.388309396155101 0.9342801124315
53161.488306 7.03381712155995 0.797372025458118 -3.76972 7.329877065 0.168480412209046 2.0093980104962 2.0093980104962 5.03017667257903 1.32960808890102 0.1281445964079 3.0221519389087 1.95021836700163 3.6746784986572 14.6603584665783 -4.70386027539134 1.67572140290501 0.48168584492713 1.94035390653933 1.18458245508122 4.22867343124005 0.449458836493099
53161.48988 9.97031355312352 0.823127366029415 -8.26506 7.333578178 0.166171811552879 -2.37856318467332 -2.37856318467332 -0.23576294514722 -3.741505690747 -1.65702917313294 0.51360435099723 -0.552279590183531 0.147079123152819 0.465124304229301 -2.9514114739979 -1.45707991502809 -0.426046374313129 2.00697091088822 -1.70990583154453 -2.63916850208415 8.41973949068458
53161.491361 7.36483558997034 0.96115988636494 -0.75142 7.333066231 0.163555642101156 -4.75927020014428 -4.75927020014428 5.08970817588257 5.93444419284903 -4.80312945395402 -3.05374903134218 7.7917625796884 -2.80278050834005 6.76074941406222 2.37770843776247 -5.36667422135725 -2.21098117515809 0.854673108240291 7.60137109782795 -1.4111284578987 -8.24285882565098
53161.492912 8.35309114946309 1.0709631536542 -2.02341 7.332560332 0.165441898900404 2.5278516136529 2.5278516136529 2.38107607998302 13.5643070421626 -1.04939228216306 0.56851731878395 2.86264419083584 -1.74543632728831 1.02109635314954 10.6226411669164 -3.35714485010736 3.31511774577316 -2.88887373257932 5.33002683522602 -6.09780375072012 5.61923938734262
53161.494451 8.61006536391482 1.0319501151609 -5.68927 7.337991076 0.167234087533058 -0.128010861383979 -0.128010861383979 1.4648654370126 6.99544931889545 -2.76624611495996 1.73041180970963 0.255873850961519 0.83152593604321 12.4689857642857 -1.61623543267116 -1.61418950271288 -1.03232675333183 5.24705750177897 0.00215304635809943 -3.35320230134369 0.21158747689821
53161.495909 5.44113579192572 1.08568553624959 -4.45406 7.331735352 0.167581715013139 2.2970484564774 2.2970484564774 2.51063715204714 5.00633656114619 -0.72137050581126 3.48278353308692 -1.67913458119898 5.76251842184292 21.2505952415843 1.17882244810121 -0.63310542569195 0.18946902510802 1.05951822654628 2.36665151779032 -0.60619741765697 -1.6473667318817
53161.49753 8.72729194772249 1.16164980834481 -2.93374 7.337083978 0.166591195996674 -0.495829582683363 2.78043020326564 -1.68558036431362 -1.61880827827816 0.0413439359989596 6.07815267421889 -7.81970953814118 7.36413025110818 -22.109666618706 7.20170755136315 -2.55024952306402 5.90188941929117 1.1440306828874 -10.0519868426754 11.2524223344817 -2.529544801264
53367.729858 21.0271026607715 1.93437011182872 -0.34372 7.325363802 0.149682900765991 0.361568349970697 2.1217073086722 -0.434354634173101 -0.190044852684 0.278317787673501 3.7526089697735 -8.0413375524961 13.4602241042789 -10.6124125879323 7.6043329337334 -5.2790814943576 4.0460723061493 7.9212189923292 -12.8688482306815 15.7757857557937 -15.0153860487842
53367.7309 22.3352285499348 1.5395188324446 -7.80025 7.323978753 0.161904640703185 2.3748006481777 2.3748006481777 2.6762245899257 8.9367209919979 -1.1985876833766 2.7147784440077 4.3315874846332 -6.9781103276498 25.9067056740713 -2.0172363593324 -1.3953858368051 2.7410145536627 1.5782266088853 5.8224546828405 -9.3779689259265 -0.813387754097299
53367.731977 21.4588094762977 1.44753076934222 -3.37496 7.315143337 0.153955469846041 2.3748006481777 10.1129944935724 0.398319074779099 13.0542083039067 5.1191217286302 3.3149003887626 -1.3330701034245 0.169984445705001 1.24778427717294 13.5054065263497 0.4348501934859 7.264932987084 -3.2302756296183 0.2507671233287 0.0286299396734009 -1.4515148100905
53367.733007 23.1556913220055 1.73387587490194 -5.23143 7.320423045 0.144956200858994 4.3975256951158 6.7332693871573 1.6663650961247 21.6228260084397 2.9350439044052 -3.1834329900351 8.3504150334338 -12.04186109975 10.2286125617302 12.5323780874413 4.5413669416554 -5.7235392602797 -1.9141398794275 9.9871316154581 -8.7358874396321 -1.2766562446966
53367.73406 24.1790602619399 1.68901378539657 -7.45066 7.322399009 0.159175344056681 4.3975256951158 8.2994142041313 2.106881005536 -2.7669471781255 7.3040617362112 3.3661657320794 -2.4344097920226 6.7297439124456 -19.0973751112958 13.6813461484985 2.4467497096303 3.2962390433383 -1.3436429180535 -0.341754233975799 3.5664168333935 1.3271461028334
53367.735113 21.105732793137 1.8996681465087 -4.93777 7.317295658 0.14865991904209 4.3975256951158 4.3975256951158 6.5453451202321 8.0801361174079 -1.5671214796525 7.8974821692086 3.1672733846572 -1.1883496101871 -13.3193940472339 7.4043153542446 -6.0707587581571 16.1123003441827 -5.8467947200374 9.0886331112525 -14.5974808856136 17.3337028454186
53367.736201 21.429079566397 1.98231216908575 -9.95338 7.326903245 0.151077353283995 4.3975256951158 11.7019831601609 -0.481127479831301 -0.928075891339001 11.8635639193766 0.118960702984101 -1.7830062866284 2.892371798598 -6.1129524786306 4.0419623791073 10.6186142882225 -1.0625237974147 1.7765806327244 2.2289149425507 -15.8711961502421 24.7203296505736
53367.738227 23.532971160503 1.59776041453422 -6.05444 7.331603658 0.153590641725611 4.3975256951158 7.5895636947186 4.6124712557383 14.8005170340735 3.3082491380048 1.0283719202467 6.3816579436645 -5.3041212434387 -3.7970896229581 10.4483485148564 2.2911885951326 3.0899585120815 -2.9557375213233 13.2741560116087 -15.9670751618792 4.0826105953242
53367.73928 24.7947138078656 1.66643441246184 -4.00283 7.325814069 0.152149083287954 4.3975256951158 8.673386373662 4.6242884261785 8.6455745281313 6.3243932383106 0.397267460461002 -0.397343555432503 11.1712303140263 -9.67989271847479 16.4104496646296 1.4458305725851 -4.5425283863772 12.4897319079474 -7.4107289235111 10.3552616117762 -2.5029202756979
53371.783991 11.4957933062111 1.03198228433115 -6.17428 7.320410727 0.164153191685959 1.08425757321472 3.16215383168337 3.2160102290873 4.14799849795881 0.65122243252609 2.7830697458691 1.2762833620946 1.2394780366009 12.3992103177957 -1.03185331166787 -0.847148717774029 5.9457343543265 -2.2143484409611 0.911046706539201 1.7788959392532 3.4927749580809
53371.785045 8.71176940333592 1.03104307744403 -7.69143 7.314861806 0.166331976273725 1.08425757321472 7.62944970037031 3.6268239713814 8.46160519722175 6.40970179642522 -2.4116637217838 4.3995857915663 1.1021528130864 4.53342981889227 4.67147300975003 6.38023563234338 -4.47682545975811 4.32711624961211 2.8383322209554 -1.9204696442846 2.2933235136067
53371.786121 9.41670447701628 0.974639218405998 -10.86009 7.322827472 0.165089317764052 3.55807237319475 3.55807237319475 2.7466137694412 3.90148398704679 1.54347648282682 1.894206552248 4.4034790519539 -6.27640868749123 2.7011620552173 6.52838425979812 0.426634990982011 -2.7085628019453 4.7308167744805 4.1038916343425 -5.2265501844025 -4.54467185765441
53371.787232 10.0616891094165 1.03868388187768 -9.91069 7.313772342 0.16685633099555 0.977082569388889 0.977082569388889 9.20113776543479 9.41997546137967 -2.79765635846514 2.36535867535414 4.3976765517343 8.5334996688127 15.4539651407275 0.609126726590231 -0.44108505718037 -4.7120739854905 7.47774565248437 3.3991720380211 4.6284089783726 -0.375642267951498
53371.788309 7.06111752207512 1.03392450792676 -13.7983 7.319324854 0.16501342928993 3.51889130664439 3.51889130664439 -0.43628785261722 0.90706150304974 3.69703217130948 -0.875111742449951 1.33099646745141 -3.17633042835536 -4.65332068040877 7.83798962404302 0.342302617658049 0.605800425382341 -1.02260990654569 1.74137776482484 -4.85993752396294 4.38320740312736
53371.789339 8.33063337909999 0.960292117084063 -11.60552 7.318955851 0.166511778711057 6.09556760910458 6.09556760910458 1.1743847568455 1.18044192188157 4.10187371464683 3.38044193763249 -2.41046018807288 4.41538798373328 8.75599576026483 -6.22063825876289 6.15665592998044 2.59241241204426 0.7040303534835 -3.49971702324465 2.30700439709075 9.9515907588144
53371.790381 11.4328722662278 1.08850299149343 -9.40525 7.322299672 0.166272843131838 3.65100017177753 3.65100017177753 -4.61753055012848 5.60717066659722 0.923632793641099 2.3378077667657 -6.69418405756464 2.09686425153584 12.5579657475042 -0.3774961140568 0.9371272720847 2.7422932291941 -1.0488692193596 -4.75532777901594 -1.82866818609863 4.01726905207657
53371.791423 12.1534943946431 1.04998121661721 -8.55387 7.323258553 0.16493382669635 6.3201664254163 6.3201664254163 3.1220724195839 6.9601208445377 3.60890547330444 1.5210658116246 -1.3137108984977 8.7627219658291 5.44943194508451 0.23413811425446 5.17782059234475 0.549749927760701 0.130162131014799 -2.8882852326157 7.7044561007743 8.7098878556384
53371.792464 10.2737425846487 0.994092371375628 -9.52149 7.320316445 0.166428119885334 3.39358432673855 3.39358432673855 3.7718994365812 1.67967117170267 4.08221230356529 -2.36470645372225 2.47798186065675 5.8732617647964 -7.73674709164252 7.5037813192842 2.00370675203752 -0.544490479377599 -2.81581336797669 2.84696019302869 0.831089265104699 13.3467061823123
53371.793552 8.69976695548232 0.971373050546339 -4.71388 7.317566976 0.166378983899957 1.04699814512839 4.45297067271842 2.54557956441965 4.30579508101444 2.10743249376781 2.33887701268291 -1.52943696020689 6.87538996813399 0.34923131078882 4.44615089743961 2.40440317311743 -1.88552662196825 3.55824636861549 -0.7368331213841 -0.278374657517499 8.41507226503
53401.753247 -78.7984983553507 1.9794158620917 -18.85243 7.338892483 0.171520378548711 0.901905355721379 -8.89114454221451 -3.78256084816529 -11.2182689823306 -3.1346858307959 -6.0838960969928 -4.15058939192559 7.5908997333957 -16.7663001696596 -0.342131180021298 -2.341330927412 -7.21141248481459 -0.991448373822209 -5.02806739778309 8.5771942347656 -1.3380251194516
53401.765157 -78.7961976429063 0.938072052786776 -8.49825 7.334817055 0.166342446165048 0.778001913074495 -0.180213825837001 5.61384676171551 -6.2670217617123 2.3754343758376 -1.6453736832012 7.5760917569275 -2.6346078338015 -0.140035840204703 -1.6961701620441 2.4271934231154 -3.14372967178339 0.591945108855498 7.29357158885639 0.424725363367898 -5.62499017022969
53406.735498 -76.3597940002922 0.385489286462329 -8.3788 7.321102901 0.167595149610815 0.0651863246511916 1.7654225969212 0.98563899119371 1.4929314128027 0.939456037525503 0.779528604448799 0.771189791388295 -0.519375759519704 -4.59608791978231 3.37187676408411 0.131164627196299 1.53248408278409 -1.11976231601029 0.000851434435105602 1.9774417759798 0.918451514284698
53466.657998 -20.4723577868997 0.515328483339453 -5.93129 7.330430747 0.166752840855263 -0.508606267349588 -0.8202596044408 0.4102350744751 0.9913543187367 -1.7114928799849 1.2151139540353 0.726464231339598 -2.2123950932465 -0.600238078152 0.182067564956398 -2.0756682528366 2.6735334214657 -1.4219484605673 1.5582091947444 -2.9529572654987 1.9400373959824
53466.661458 -21.6113260086252 0.515248791268106 -7.6717 7.332743348 0.166490301606975 1.4057530226411 1.4057530226411 1.8484498162598 -0.699051220316299 0.993383925073502 1.2449998099299 1.2697994320887 -0.119561041891199 3.987272286162 -0.0885680512264031 0.199235662593903 0.473364252444497 1.4442851366423 1.944704242458 -2.1902679276605 -0.538836098791702
53466.665069 -20.597113258892 0.517585937808966 -6.83379 7.329991214 0.166833922186349 0.505040045883162 2.5571057444593 -2.2921889226484 0.260698467516502 2.3124075060762 0.344074482436401 -2.3688418488353 -0.225201050461301 2.8770405923242 0.321004792657302 2.0791105403851 -0.8199033274072 1.5472830024328 -2.0651548644735 -2.3803913480585 1.3934674456775
53489.509813 2.85532212217214 0.452690055164884 -7.11978 7.324987887 0.167410201611502 0.343554334887317 1.37068888614475 1.08612161034702 0.69038149436207 1.68597244017649 -1.12077980328894 1.74180880637258 -0.15737132864401 1.83803687165976 0.83285802510894 0.54508409553543 2.08396666740103 -3.82839392855905 4.12543361329506 -3.28733456095015 3.03154668742819
53491.568184 5.45782378137507 0.298913852938871 -7.52095 7.331562795 0.169731107439424 0.0728493869472553 -1.37306441881174 -1.80245485720784 1.14885528114985 -1.42361019072022 -0.682861203802871 -1.56680177191092 0.34467324018943 0.0817506126172995 1.87693363562181 -1.89115267917978 -1.04244914853687 0.63320864648777 -1.17530196122465 -2.03368639920471 2.13112750882029
53511.53009 22.9204293661021 0.603110732130581 -5.37069 7.327565341 0.170085933952463 -1.02657243075188 -1.3349929779869 1.8127811228397 2.7045138648021 -1.214631864274 -1.8480679002281 2.5085328349161 0.590881520361702 -2.6455588439567 3.9419645197568 -1.4196503176265 -1.6392959801147 -1.4088931634928 4.4500042147956 -4.8942855943641 7.9660683549542
53511.532845 24.2053634048958 0.577518359447268 -9.21537 7.325350929 0.170935139732839 -2.3234594811526 -2.3234594811526 2.1232907842379 4.1328657431346 -4.1459833635288 1.2651414705419 1.0585080202282 0.998132142187199 8.8827656159258 1.2579048179015 -5.0287622448778 2.0678419102998 -1.0393284311676 3.1989089661517 -5.3242850286087 8.6421144370301
53511.535691 22.820098559456 0.584034920414927 -6.16555 7.326001451 0.17020542559473 -2.1325425226515 -2.1325425226515 0.585624320651302 0.837405305685699 -2.069866814599 -0.625720660459798 2.2657468248648 -3.2248865364539 8.3686783186553 -0.465623552043301 -2.6590192069413 0.5277121281703 -2.0727563923953 3.4169160548864 -4.3714033118304 3.6479371917593
53511.538469 24.0502689398639 0.549080019340268 -6.60526 7.327698944 0.16970434655851 -0.06511616569349 -1.6962854640085 1.4844626582478 4.3938989422551 -3.1098613962159 0.284897878891798 0.4034133573399 2.2114959293831 6.3959004898541 0.435311941217002 -2.278651831333 -1.2773564990415 1.1524054141202 1.1688498537412 -2.1701956542278 5.8464320517698
53512.473698 21.304146658204 0.850116414345457 -8.17938 7.327499486 0.161640442006858 2.1742932046387 2.1742932046387 5.1377851848156 -2.954616505301 2.6499427105244 0.6023178948641 3.370637943559 3.4265544731831 11.0578932913226 -7.5486111398811 5.3508951787955 -2.5444604528925 2.1898209861744 4.8279566945445 -3.9140598543768 9.3982625574904
53512.478559 23.4826318707765 0.710288642993142 -7.44641 7.322903233 0.165302880425613 1.8322278188085 1.8322278188085 2.4903320453532 -4.3346431925445 3.8909611326908 -1.7063883660786 1.6106866194281 4.0581365212845 5.4697371592752 -4.7508381054754 4.2384337956567 -0.900299575176202 -0.877189962090899 3.0766984309865 2.4270915985749 -4.8161329264756
53512.481371 23.3532492913385 0.545890924499933 -6.39771 7.328970117 0.166873387715772 0.468555311654573 0.131847524680602 -0.7182083418076 0.730402925985 -0.153578120299599 0.150253771019898 -0.8264699110394 0.0763744635423009 1.4466108666644 0.511521775917899 0.771111688752299 -0.841069181557099 -1.7788025631251 1.385183779777 -0.1347151345587 -2.5513480370552
53516.528419 30.3420770840205 0.85336339812693 -4.37535 7.331744642 0.164619455641955 1.16346488624414 1.9925964509508 1.4444763309726 -0.4668198925356 2.8555077229788 -1.4655805575895 1.6484703160475 1.2201487859849 -6.8721414306544 6.4194700083524 -0.184538191867802 -0.507485593851499 1.0335317286233 1.2566249211113 -3.9163667751513 9.0368210284187
53516.531602 28.5300033752345 0.763912324203006 -6.63066 7.33450385 0.166490710905428 -0.392198124761901 -0.392198124761901 1.3212392088904 2.3343405716794 -2.1819126130932 2.30334463388 -0.7263000831054 2.09790636021 5.1514242597192 -1.2148199461649 -1.6717332517142 2.6660312008064 -1.4326535207761 1.2765374518672 -1.6259722316998 4.6336973436259
53516.534218 29.5094816088061 0.892945816901824 -4.79445 7.334191662 0.164322770953458 0.671166438379501 0.671166438379501 -1.0238484706132 5.5155811564668 -1.5319049730232 1.4710798570923 -3.7520008339985 4.6623261454966 7.8081672011527 -0.961419056190103 -3.0680702351903 8.4973561238265 -6.4823337507246 -2.0058264041188 2.4833804350186 4.9523080167822
53516.537319 29.2885478351443 1.47766551699293 -11.69828 7.336641417 0.154106299129651 0.572851382651545 0.4188318656938 1.5600646903933 0.0257828771276003 -5.0618825752657 10.699675194347 -7.6415250461192 9.2338769843734 18.0025508682516 -4.9922236271199 -2.1317227072469 -1.9216691029517 13.3439958017988 -11.0759410824466 8.9659465001359 -2.6764255423093
53542.467376 46.8482346685775 0.291886410432632 -8.15911 7.32152443 0.167355346130387 0.770747918570257 0.739922423811301 0.118718648194601 1.2789514323566 0.2011245840797 0.313872820085997 -0.693038803026596 1.525243076262 1.8911112152605 -0.224506076642996 -0.0741930089458052 0.838737336289704 0.586734012592402 -0.560869117284703 0.0886587584449998 -0.749419526174798
53675.861385 35.1415334600293 0.251552653437419 -8.05088 7.325738913 0.170360504069416 0.0727636941300351 0.678604179242498 1.213885486023 2.01574927957559 -0.378794837252897 0.938578357671702 1.3997851031146 -1.90285868193619 1.2571859321906 0.217427748736604 -0.549219726681905 1.4015610845908 0.420182839736199 0.824710357212297 0.0351856034206008 -3.9390837662203
53696.856645 54.3984786577818 0.388708733695872 -8.3485 7.322132825 0.167641540485357 0.882443157636285 2.6212930792333 1.3617739824003 3.5871937164056 0.890079411201299 1.3794403563836 1.4729289274124 -2.1509966202274 5.9442392390007 0.402062295735803 1.06243067448059 -0.1627691327637 2.1642987791988 0.291922345744702 0.810075965334896 -4.8289963951663
53696.860164 53.8804096478343 0.4073217182046 -6.72736 7.322974624 0.168494682116018 1.3168566297499 1.3168566297499 1.0197027542975 2.1367703548101 -0.390760836777595 2.24462695622169 -0.139713362022995 -0.0893720389763004 2.4726523345816 1.4305544326586 -0.871035624559703 1.564917851442 0.670123982140801 -0.245726210936596 0.6695379407793 -0.975836866757106
53696.863555 53.7163179299269 0.42233962732849 -7.34648 7.320956391 0.167389996414205 1.53204028878626 0.649641713013999 0.8082435202464 1.592504654305 -0.847457958439605 2.1412422113269 -0.1582454567654 -0.392136568721405 -1.10477556021539 0.797892524384693 -1.130470695963 1.7202912548846 1.669023283621 -1.2272302905 0.475978627120405 -0.336920029912399
53757.763338 74.8522111076225 0.408483001764376 -8.63185 7.322985828 0.166069091678105 1.47061884842893 1.63519420543069 -1.60559404443819 -0.140127424887098 2.3690204282658 -1.4661987408539 -2.34163729326491 3.5966005701018 -6.9424676388319 4.19867932377609 1.1179397007581 -0.0208900365354907 -2.05016351350301 -2.87849992597779 6.40395880444059 -3.0760248023565
53757.768674 74.0709532786282 0.406187720123785 -6.2907 7.324489273 0.166151938078329 0.0569857846860388 1.2548169314487 -0.517371080190301 1.83314406586391 1.33536950190749 -1.34089649746329 1.66630296354759 -3.54190063580479 -0.691767779130501 1.2053675396827 0.924207715746306 0.110418056251504 -0.778511385694202 0.683079098592799 0.526391440561 -5.4116054623837
53762.720634 75.9335181568103 0.332092614036565 -7.89415 7.325909918 0.167570223581674 0.607153050929203 1.2660736756507 0.911053073986906 1.0759304551016 0.329875505563209 1.3424415100969 -0.215445452512 0.9363822227904 0.550239655014806 0.764513994062895 0.0966200223567029 1.3728819448972 -0.332663952540003 0.0809744409129962 0.355552307544798 1.8642344172813
53762.726375 75.8590224906687 0.350613517024116 -8.60713 7.323756869 0.168037505422256 0.331326411142496 0.751720641814103 1.1090014047586 0.202110610795998 0.761608438230098 -0.156584599895595 2.2739853105399 -2.597169986596 0.8472797479386 -0.156967681196292 0.512138691652893 1.390513467012 -2.2315029206956 2.7132980512459 -0.726993647573394 -1.1030872246166
53784.689802 71.1002001574396 0.433216176317319 -7.62961 7.32622564 0.167681907678767 0.670414407475061 2.3212496917796 0.849732020870192 0.9102705523742 1.9345473207121 0.229521465783108 0.612027324646988 0.279273663239707 -0.681671829874702 0.534528986611903 2.9038719837199 -1.4907171761495 0.522972792735104 1.3674873262085 -0.126638294986904 -1.3252509476882
53784.694721 69.5193742718538 0.404564617531926 -7.32066 7.326574418 0.16768700248104 2.21562099582787 3.1112152547818 -0.617940067875793 4.1307686085041 2.288816632031 -0.944652858630988 0.103267662126399 -0.515625034098406 -2.39340304816329 4.37175456338639 1.11506625772861 0.744146782559199 -1.0510278683646 0.798529674106689 -1.31370654665599 -1.5788312760473
53788.759905 63.9865826875927 0.381758449301018 -8.23583 7.32319761 0.16898628793466 1.01880712973358 1.34744876608901 0.441927169918401 -1.126600847366 1.4303416594994 0.552707954362788 -0.388635904568289 1.30793881593229 -1.7041861729803 -2.19808570911901 1.825454299184 2.3744124514868 -1.9897661949584 0.484794071722696 0.542886029270107 0.790732078492596
53788.764963 63.0019820995745 0.374437741802739 -9.58265 7.323044955 0.16778793127472 2.20768215168089 1.303672124941 -0.196720696882601 0.540041080697698 0.729419406655602 0.873071562154401 0.415936515171396 -2.6547259321772 -2.6840559267641 0.6994799807688 0.590672443957899 2.35876429466901 -2.35560792618011 2.1986564215973 -3.3946048849818 0.235435989724195
53813.642952 5.90023873644523 0.434850143848338 -9.67124 7.32121287 0.167365278308562 0.849362728030615 1.90787090983795 0.15270900586059 2.92272735679732 1.10030779354457 -0.18543836404268 0.503075902808621 -0.61725052037817 0.32254676074948 2.19986021980352 0.99977517457955 -0.462180051464631 0.1872199119002 0.50996875947792 -1.94226203747907 3.62481290435707
53813.648207 5.04636628647977 0.431575993003477 -8.64511 7.322509338 0.165564038124975 2.05581546733832 2.17908590680305 -1.23780347738424 -1.1996324054348 1.82895226444704 1.53655811643044 -2.11967791635164 0.1602768662972 1.1759595836193 -2.20085395212503 2.75703966058416 0.11163475137395 0.98839987583746 -2.66597956704316 0.86967777226687 1.31915212299468
53829.660138 -60.5164943114873 0.351201377293786 -7.92337 7.324366936 0.167473806774859 0.371893714865472 1.1881356710481 0.843769187656498 -2.3839472554194 1.6454723644276 0.606335110954703 -0.0836070168598013 1.4375320580874 -0.882902024800494 -0.5522111211435 1.5915873856102 -1.0365801738586 2.1491000349475 -1.7584031405914 4.2349276768254 -3.6856542608079
53829.665231 -59.8377309164903 0.349063339914344 -8.88393 7.323526286 0.16729645301558 1.44959744627893 1.3286929750711 1.1227212806494 0.969692753214602 1.2153585827648 -0.409080499387997 1.0478066089005 0.7240700321465 -0.554466304701997 0.919157263578299 1.1216655952094 -1.3224287163549 2.1465937948883 -0.4570534266172 -0.139180433066898 3.6990961893971
53830.683004 -64.6742413858828 0.394792186628968 -5.98678 7.325052544 0.167007330827653 1.48600243180857 2.37173436722009 -0.545477952063102 0.330099627993391 1.93218026842301 0.720128575554696 -1.32407511524001 0.950801584595006 -2.0657053863241 -0.175621222170406 2.3407765389646 0.803845185626194 -0.347879754150597 -1.7111256742482 1.5575447598069 1.606531682647
53830.687888 -65.3914748170421 0.413632015228404 -6.56235 7.326037695 0.166331113840428 2.15313208316368 2.3300984383817 1.274742723824 -0.259983507143005 2.9154936833767 -1.04826854839099 1.9873245632056 -0.409048851758797 -3.03187546196621 1.12046997435201 2.60051948973789 -0.0418853602052991 -1.28515843404709 2.3190871382991 -0.607503170525398 0.975330274783197
53831.610862 -68.2383611803183 0.399580168156699 -9.4439 7.327158012 0.166201626249443 0.51498407064105 1.39452546113711 0.242792892301196 -3.6782939771191 3.26055043201529 -1.62038574008339 1.1222602933331 -0.0729256384497035 -2.8107672952583 -1.3285394121761 3.32363201522229 -1.9856092364025 1.0222768454972 0.863524454393499 -1.8955650479334 2.1405198427002
53831.615873 -69.1648547460155 0.364129163805219 -9.87484 7.325824746 0.167228827483808 1.04102607725931 -0.5451969932613 0.765515671716003 -2.14500289222551 0.143750865486396 -0.100013592253902 -1.28956104497409 5.12666812831969 -3.6287778165148 -0.946489269442608 0.220233346389605 0.644837305259998 -0.678291401271295 -0.515260881941302 1.0393030208748 5.293909561515
53832.659348 -69.3869861973172 0.409978740245524 -8.72407 7.325860551 0.166742246166485 -0.507739347159799 -0.507739347159799 -0.0959711218338981 -1.5775369185307 0.0396702270417961 -0.181484716710798 0.100885713140798 -0.2399997246563 -2.44434798601479 -0.289510027805605 -0.592964223967897 0.358183539287694 1.0366265491654 -1.6583972124304 1.66365909209121 -0.842907606328012
53832.664406 -69.6567871486272 0.403972122102498 -7.88272 7.32697811 0.165835201201492 -0.969857164802123 -0.831781291038311 -0.128660003600899 0.318715570709699 -0.0928429820443029 -1.7382316261841 -0.257506559435598 2.4488095425849 -4.3155540307022 3.8164005693455 -1.41398754611001 -1.4828359234693 0.682777321068897 -1.53351555231249 2.56444843274829 0.905433426624299
53833.598894 -71.881815986697 0.358688915631469 -8.24704 7.322647901 0.16695557026527 0.36731870090704 0.724614986025202 0.276440331164508 -1.2953932937896 0.635195548106196 1.0456782003327 -0.9952811170986 1.7543992555092 -0.624247022392595 -0.765771303675407 0.822026283381007 1.02126957689539 -0.827039431095599 -1.02591176769269 2.762096135734 0.512835263309199
53833.603882 -72.1237990388211 0.362124130618505 -7.39681 7.322952223 0.166429081957005 -0.738964181159502 -1.8484772011802 0.0725098646717015 -1.4889659489879 -2.0195576012831 1.3791477533302 0.324758760571299 -2.4113188266044 1.8553050643969 -0.569705888931608 -2.8263078677126 2.849920909348 -2.45507022051889 1.4622875339184 -0.976238208567111 -1.60401939588159
53834.579848 -72.1134784294126 0.356318918068811 -7.84374 7.324245936 0.167564078698722 0.298695271915484 -0.432263366728392 1.0117656875961 -0.2661883655922 -0.910144447545591 1.19942375099239 0.1952317050483 0.423960685477198 -0.889196362718792 1.02091701882509 -2.51531263720179 2.85958817026719 -0.0454126773130952 -0.224839065491295 -1.4603777266251 4.76783814696779
53834.584813 -72.9357301923812 0.355628729470425 -8.75086 7.325385152 0.166845246234099 1.34028825555351 0.9015136062648 -1.1115376337772 -1.2402931963602 1.10784793111179 0.370293089859999 -0.252790285899394 -2.5651032644984 -1.23499731804401 0.984891350245306 0.8250435225562 -1.8797071824732 3.0743210282192 -1.3275276487753 -3.5731855726613 3.2296070579448
53835.626502 -75.3463467952881 0.4018319099631 -9.09237 7.325868514 0.167343809745118 1.59840970338645 3.3031905998927 -1.7393061747417 2.2069041959775 3.2259202651135 -1.22782610082849 -0.903829160767401 -0.471870518668808 2.0661193553927 1.16525949162829 2.84562529407201 0.0914717530475002 -1.5340180441037 -1.068943564119 2.80318030151649 -5.78837277633059
53835.631513 -74.4534531627584 0.405636604655294 -10.19908 7.324861933 0.167493067886908 1.65603553162224 2.28795109963929 0.780214049309109 1.01230019107361 2.1187289289367 -0.277624895818107 2.09867331010371 -2.8090522814926 -2.35733041934461 1.93153860220291 1.78136992521691 -0.0983901212129012 -0.155955775421205 1.2694894212474 0.636353399153194 -3.60840701627079
53836.650946 -76.4343816509612 0.375993523962586 -8.08577 7.327171961 0.166964510830599 0.26223366486569 1.5207801167129 0.164895428912303 -1.78375203562469 1.3324052421157 1.52138707755979 -1.2413901467099 1.4499379303779 -1.1931442010231 -1.9361397919685 1.84368894500381 1.2550294558969 0.0399538310270913 0.17028539012901 -1.10044447678891 0.187722749115409
53836.656027 -74.7699339622241 0.389440263398438 -6.9909 7.324440126 0.168027665162324 1.57897411804889 2.60336069727281 0.0512607449325913 0.732904001958303 1.7858464544488 1.27790721039651 -1.95518497137421 3.2012049246479 0.828038431202501 0.709554838978093 1.392065196199 0.669775300101307 1.19339794809589 -2.4323514289553 2.5666599786541 0.302234542791709
53861.607278 -65.6481945814323 0.334679179095186 -7.75955 7.326445844 0.167656009252593 0.648892794789225 1.25527767282 -1.12855621528111 -1.80146325254171 1.102190849257 1.3695243109901 0.145021222546205 -4.810118530335 -0.872620316254398 -0.00274238291689244 0.754880669063297 1.44216884216989 -0.953749234529695 1.8339795018984 -5.9757789893027 0.776841220577907
53863.550479 -65.8609960213257 0.360446016178658 -6.79714 7.322821823 0.168494888796218 0.502105596118292 2.5816949323666 -1.4480737467198 1.2464601664295 2.9671580838086 -1.6262469514367 -0.672019400093802 0.212236117873502 1.29770015348099 1.9461614992839 2.35228622027211 -1.050587381398 -0.938853892800594 -0.80637099901061 0.5417085367787 0.900058010193504
53863.555571 -65.0773475201598 0.39755568253693 -7.37483 7.32212855 0.168016360192389 0.91139807485001 2.7178030038237 -1.1835989211866 0.993635580229792 2.0140583986975 0.8504913654684 -1.0755559666059 -1.3274957415574 3.4229591095296 -0.39685246825421 2.14156571317611 -0.296505184860095 1.6245170295696 -1.5749383536247 -1.8984459231754 1.88544024141659
53865.570546 -63.5653497962036 0.374891167815821 -6.67995 7.322333417 0.167744015272476 0.507574985305101 0.893559602459803 0.823360152788197 -0.104110787841691 0.736420786813596 0.411969209033302 -0.0457049517726986 1.6079583914478 -0.827139943927399 0.620386439875602 0.346555128205502 0.700891385422899 -0.219953001378698 -0.408021413045304 0.705164243763804 4.2819981188882
53865.57587 -64.0918058020345 0.37872320772932 -7.74071 7.32102481 0.167585011202306 0.806257185251284 1.5616157595804 -0.623290853654105 0.212875898229399 2.2229086570507 -1.554820463848 -0.0198818759838986 0.564374327309991 3.7522898169686 -0.604350941737295 1.1658988006288 0.9400281045559 -1.3414168914429 -0.159054472417495 -0.0504798641806019 0.795730459390995
53867.553243 -61.4962467322052 0.41415857040067 -6.5495 7.324546152 0.166572185712799 1.18229387686511 -0.213334981697095 2.0125337841873 -2.5333752179121 0.928579393518802 -0.793159770218601 1.3514972524042 2.5930417860995 -0.481725609443799 -1.9246910392369 0.537460503229298 1.1616367544714 -1.5322559275504 2.4143500019099 1.7796143748024 -3.8050250537236
53867.558775 -60.7055884663898 0.428799242360367 -7.38194 7.324400655 0.166650907771614 -0.00758697300860006 1.2342953431002 -2.2395458520831 0.636218126138097 0.941785526124406 0.215842149169099 -3.1148234462713 1.8546030220732 1.3028220122314 0.813730206465799 0.2371620835277 2.4585990351909 -3.5744562252779 -0.626915358664498 0.696666885121999 -2.2885788498705
53870.497926 -57.632435978442 0.352446412171933 -7.40743 7.323021288 0.165290734639081 0.619160002144138 2.15466090974 -0.756988176557002 -0.476499063481299 1.66073745937479 1.3488332662427 -2.1810080987798 1.7513493208766 -1.2147632738549 1.2277389426358 0.583805642134294 1.13467320063251 1.4888912959349 -4.0954321944509 3.9526638042781 -0.852219356364202
53870.503273 -58.2711951139122 0.345994770381517 -8.06975 7.323890203 0.165133476235114 0.337447077256236 1.0399228540628 1.0488302607455 0.3154247725913 0.412278568728794 1.1387065306684 -0.1798121623276 1.5116705719314 -1.8680248034103 -0.246852800319999 0.989053310026797 -0.158364724420096 1.7958248938937 -0.3219064444759 -0.772086891539203 3.0746678398834
53882.495264 -49.4774812093218 0.452161619204977 -8.93394 7.321431933 0.164178144339862 0.608445260245608 2.1209036926031 2.2865610109649 2.87874705694851 0.762593433332299 1.0621474692619 1.1501945485623 1.4010537629011 3.9457264061575 0.243562569203199 0.785636065001697 0.0329283094170023 2.234421902787 0.222363406577401 2.4829024512078 -4.3867505552863
53882.498505 -49.2687678499885 0.456807959268418 -8.25328 7.323141432 0.16450785102997 3.8200792951009 3.8200792951009 1.7917975356401 0.508170797022998 3.3695857476748 0.626452193070996 0.0721940278353017 3.3605369340724 0.124504923604903 0.883715565932299 2.8444059207467 1.290383224986 -0.873968739200102 1.1635710974243 1.4208545096482 0.0681241396051036
53882.501768 -49.9120192693983 0.472329024036025 -8.45015 7.324874448 0.163802482216253 1.25847592334835 1.6850536001394 0.337667578958005 -0.178112261172899 1.5695028247298 0.348110312782204 0.7171538550637 -1.3542255646549 -0.699015629100799 -0.624828230575702 1.9852845668966 -1.0811176698412 2.5411156274787 -0.245826848144198 -1.7707722106853 0.714588290345198
54078.841541 -6.43517658151942 0.442175984575461 -12.56284 7.324467146 0.160921814547505 1.04447131100604 2.52428174112367 -1.59057987703824 -0.59634683669549 2.13508530353373 1.18936227191377 0.451010757393901 -6.53161447738167 -3.12365043357876 1.42166130433709 1.7464733390451 -0.459055925837419 2.62554220475127 -0.1858655938355 -5.69274447411295 -1.15086458306723
54078.845546 -7.94024927500434 0.380989879863684 -10.37039 7.324570819 0.161309718834572 2.15438992828278 2.96857341335429 -0.504801272798329 1.15409544767551 2.13863304322758 1.03167816557232 -0.788186671148949 -0.65511810149895 -0.67108349913349 0.941044756995851 1.7418164647815 0.63510645005639 1.61760554317834 -2.02117206414611 -1.56733042198745 5.40291595718257
54117.729707 37.9099704047142 0.543458060515115 -8.20547 7.323444323 0.161328824414941 2.12532997156419 2.9911758422184 4.0533663453914 2.3558605377056 3.0455389072149 -1.5811775015726 6.1244374371188 -3.0132622237171 -0.296625026395404 -0.239520062058396 3.3865410912821 -0.0148807796270987 -0.764718842968705 5.70947228022791 -2.089987246593 -0.214177662146398
54117.738191 38.3959911247651 0.466438895770121 -10.44911 7.323481559 0.160378933142188 2.2628639821047 2.2628639821047 -0.4746665760726 1.1872691393362 1.4407166825148 0.9853969804307 -1.5236498518609 1.27592100093729 -4.3343461469276 2.491634711542 1.774185149579 -0.749540588546203 1.041860971638 -2.3411147257347 1.3829496190072 4.0215712230517
54117.744199 38.1186198982102 0.461776088149714 -11.32661 7.32389141 0.161726946163513 1.87501048330339 2.3437447807469 0.413464387685202 2.788486595107 -0.0779860531800978 3.3008143499164 -2.7741154618911 3.5457992615049 -0.950091757525804 2.8808336257127 -0.482271297135703 -0.209342405439401 5.5439270902826 -5.5481172161969 2.0330324587021 6.2511526360471
54122.772275 41.5982977862563 0.365227885968719 -11.04647 7.326538597 0.160489150138248 0.739677064741876 0.379496898064602 1.4194633370448 -0.851929894995799 0.536867160990703 0.227592046008795 0.603627139334705 1.7060957107125 2.5968864070381 -0.8295055856495 1.0267677834593 -2.3492785907711 2.8115187770502 -1.1444787670244 3.4675816021047 -1.40258933564471
54122.777958 40.4949861106121 0.350218522292586 -11.33057 7.325018922 0.161612692620448 0.523840186830933 0.6784865780836 -0.240143667541403 -1.1187733718167 0.4796228687674 1.17858898811571 -0.633923667809704 -0.596708354999897 -1.5988598981142 0.8656333037991 0.116383669235105 -0.946225401408 3.1783265828569 -2.2094362302046 -1.0273039105603 3.4530995241271
54136.726675 54.8361971879984 0.410155772736729 -10.2057 7.327545935 0.160979352131219 0.795576379712596 0.694807218862501 1.2210417846667 0.804347555430297 -0.148918679465098 1.2612556873087 2.1964023339677 -3.9920111417326 -0.2390698933363 3.6149501879958 -2.2347244570596 0.279930874238495 3.3435446495601 -0.331368221182402 -1.8407430648613 0.1485454873457
54136.730518 54.603792756081 0.414339254744897 -11.20313 7.327755091 0.161651707368179 0.954892280933507 0.954892280933507 0.295793213894093 -2.6959030495541 1.1439620565851 1.2952846368784 -0.895924273452202 1.2586104463836 -0.202083629404903 -1.49788085824 0.999227589023405 -0.112448666097904 2.6627738366437 -3.0214165215703 3.9427060389918 -2.9153309621683
54136.734418 54.0510807544432 0.416084384821563 -9.57635 7.326239533 0.161123732781147 1.07606594995994 0.287249389666002 1.3668162116648 -1.4554175795475 0.558576992583603 0.3460946861913 1.0607520029501 0.299913943701604 1.5116399911904 -0.875953944397999 0.2421256411576 -0.527772111796899 1.9901577963246 -1.1486890801165 3.8979017661963 -3.7618924770272
54166.646183 70.529166643246 0.281396102835862 -10.01302 7.330055203 0.162319613514794 1.07241965109083 0.819524498972299 -0.543273185840789 0.75396797994091 0.677918635041394 -0.224773153169792 -0.0530052568400095 -0.8801618639325 1.0158696017769 -0.479528552549993 1.01991538710499 -0.682899074277287 1.0804758628243 -1.10624108573161 -0.781568052462291 2.71577036293449
54196.65296 75.8638558251075 0.384379434895508 -10.22847 7.327146486 0.163935482001885 0.886571227528507 1.1177612294907 -0.346982122787992 0.447704686226189 0.372993886223114 1.25940169684469 -0.566993935887197 -1.03973603858771 1.31478737113011 0.413017556078202 0.371118136931187 -0.969147033214696 3.1923901615652 -2.080337754323 -0.419397245870996 0.480672216691502
54202.592914 76.0359002218486 0.389434868527176 -9.49125 7.326333532 0.164065980828634 1.11199952619 2.4642835007116 0.583477528134196 0.595827760232993 1.9877677994796 0.619210816015809 0.624051499057302 -0.909017010951999 1.48690697719499 0.106312514892508 1.5102392526473 2.0322618820212 -1.8444238360738 1.37920636441071 -0.717445419965699 0.392420607995689
54202.59818 74.9476140783175 0.404933499778368 -10.32497 7.328122557 0.16481047364318 1.93590010462877 1.8907727629966 -0.318491924123308 -0.787552054088792 1.4736457209179 1.3899528562436 -0.165623804106801 -2.1574821529974 0.189627859673209 0.00413045792699052 0.745828153522908 3.1216787432658 -2.6172064903007 1.190432082559 -1.83654272233041 0.151175531523108
54228.590429 62.1175220401419 0.397097048324026 -7.20468 7.329590648 0.162416853698386 1.59316104113235 1.952673614735 1.1274161524404 0.212865161711001 1.3746585234015 1.0687025887758 1.5466140077196 -2.3663235969581 0.6195397042246 0.034693112802799 1.5269983906135 0.401655429754697 0.268514347168498 2.408061245414 -3.41472498594679 0.730877026945997
54228.595463 61.5421924904635 0.419754202509886 -8.95862 7.329971333 0.161957134562723 1.76700561566979 2.6344599423941 -0.0760897302900005 2.9435370511415 0.0723909808105034 3.481704585113 0.0652530808397955 -4.6868954456589 -1.4330254548366 2.5794003453822 -0.124758950971895 2.3413833048556 0.813010338786803 0.814785452716194 -4.6161842768425 0.206964116243903
54232.52129 58.744863139345 0.428988688071383 -8.81751 7.325708051 0.163516187082634 1.10580846944807 -0.211125462345102 1.0059059734599 3.2370994575999 -1.1704364295514 -0.0387920515707947 1.5106625713955 -1.2070366668403 5.504727245314 1.1490939942595 -0.909188262378201 -1.5585115032574 1.1837764408867 1.1183181807565 -0.494808953034102 -0.563944641542399
54232.52622 58.6155359183164 0.384319208162647 -11.83988 7.326408568 0.164109085504778 -0.256991279025712 0.892257534238702 1.2600328875937 0.391918087143601 0.835001264044699 -0.122782158088 -0.145386231297898 3.6899985286309 -0.834963516198499 1.02290292290191 0.057282881526497 1.4341675259187 -1.4879378063939 0.3988138417266 3.1166741299077 -1.1243122992066
54296.456046 -68.9462536637684 0.450704191025911 -9.72118 7.331839074 0.161896499649869 1.04271219970682 1.87513764455829 1.42597550823611 0.787720085557595 1.2566078546852 0.7882345853684 1.39987534985229 -0.890301366080095 4.64841326607231 -0.0769433787557006 1.9721179317571 -3.39881570179941 4.7912637167298 0.224827675811611 -2.51835085297731 2.480839289739
54296.465385 -70.4006800724589 0.576338816945839 -11.28568 7.333046927 0.16142765338753 0.443447309463498 0.774601382562494 4.25036184691011 1.1671516359479 -0.161781073459508 1.2082012260886 2.14872156282171 3.5294143661195 4.62370080593099 0.722734490337103 0.744635147743594 -3.51169067355079 4.32727651319719 0.447435752344703 1.48093511475641 6.93151698097859
54429.851953 53.2850980786993 0.338134423825183 -9.43904 7.332359855 0.166430142528378 0.426065196436974 0.688717712734103 -1.20655172645601 0.948549769341206 -0.255165053250003 1.4437408193589 -0.998404352766798 -2.4693949182133 4.7168550192953 -1.4050739494906 0.349714270653998 2.9972269056511 -4.8984815727394 2.1670115776715 -1.7459810721007 -1.2584643385987
54564.560566 59.4149843159332 0.502067262542745 -4.72816 7.336464524 0.176376007188626 0.817383603457566 -0.825613813903395 -3.1694128527036 -1.8684271313226 1.9499964281107 -4.5794573055339 1.1043215539275 -4.5130201024538 2.2859121676126 -2.1688196515461 2.3650913476555 -2.337285907734 -3.2049086162445 2.5590709452027 -5.9014771749723 2.2167854897876
54564.565184 59.3507918953777 0.464946695546415 -5.17683 7.337104547 0.176121447820991 0.0946316054638745 0.4580360933181 -2.2611873030031 0.7895203558651 1.76930002414399 -3.2918075981014 -0.267923491502899 -0.608910280408296 0.600255563714505 0.0437429649326972 1.5835891832467 -0.463614533386703 -3.1558075352045 0.6304134771188 -0.523335138521404 -1.2068339400575
54850.820827 39.212627805782 0.320502467448899 -3.18313 7.336032964 0.175637612970787 2.10492166459661 0.456908360775998 -1.9129059988253 1.3379928890536 -0.790064968326703 1.5163260939287 -2.38003652591109 -0.880480613146304 0.528950983704995 -0.215662388534 -0.253656449969696 1.7500187653437 -1.1853625067066 -2.0900227683563 2.6461554362193 -5.6005931361909
55225.73898 -26.3136679763605 0.380327816935646 -10.8963 7.332687175 0.168428724932886 1.06099386501036 0.2167356660111 -0.330975116928201 0.436885391737899 1.470160096044 -2.7871978380883 -0.0578359399384993 2.7999143286525 -0.3570153511481 -0.628878833016103 2.2985513190766 -1.9839508828976 -1.4408335590489 -0.357324989138402 4.739970353826 -3.574513359979
55225.743517 -27.3520944706066 0.513760893723037 -10.82443 7.331282012 0.167088743638283 -0.782223095957059 2.039074569689 1.1248046131983 1.9085255353738 1.8881127000618 -0.850984406116503 0.744788426291503 1.9371888720204 0.775441797744598 1.4066551387856 1.4851822626717 -0.1282501324728 -0.530185007407702 -0.5432737688899 6.8876859727428 -8.2702677604778
55246.75227 -4.57123850856813 0.479726435043565 -8.03064 7.337669776 0.169979648284518 0.714686588198059 0.13706578582371 0.30184042671218 -0.33076082084862 0.82162065053133 -1.12715277378313 1.8732866328224 -2.5322536119339 1.33628794529711 -1.43446685147348 1.04063961145428 0.95667111151007 -2.98376486132044 2.41912931944138 -1.13176430808029 0.616044634685441
55246.757883 -3.76114304081072 0.462520789426395 -10.21764 7.336957848 0.16952707704119 0.420276117426023 1.9049133300703 -0.59089711374966 1.06747143392074 3.27902835094798 -3.28492136828595 0.98649572692506 0.00988807051890994 -0.79043288039978 2.19072984131 2.28281594009106 1.24198934991905 -6.61947718443795 2.92835377406312 1.93371577371412 -2.69781945761519
55247.769759 -4.44247160358308 0.283164121637351 -8.37384 7.338796173 0.172016961501082 -1.39021336108759 -1.98714316700804 1.39813700784384 0.63083155730174 -1.16967072485782 -2.06640413479944 2.52836075358562 -0.22635358558703 -1.58805340654369 2.77242012640743 -1.93480600832308 -0.15184564503913 -3.75901953028635 4.12473151044373 0.36145928197182 -1.67733551012403
55248.744827 -3.93670803912311 0.398189263270738 -8.15667 7.337710359 0.171925714208499 0.708398811830676 0.34771159773146 -0.60770121590094 0.35437607473025 0.03452426608923 0.39346971877196 -2.53135024092096 4.32697504598812 -3.78541536713817 -1.15244847650715 1.73288273735548 -0.0869792276903101 -0.59424707720329 -2.51910406919664 5.65007701215081 -2.49470511933073
55248.750707 -2.74199048010183 0.402679839210983 -5.70925 7.336018355 0.171972155776754 0.35203068284808 0.97542486906998 0.13273038517823 0.11872219916318 1.66726463474383 -1.42242079541464 0.53293773562437 0.74372406913967 0.80585239041711 0.13733231169144 1.08322863601653 1.23677369377972 -3.35104327122322 2.01368679421645 -0.0638709760698903 -0.15617987835983
56090.462898 -39.1518647128154 0.427374568315973 -9.37502 7.341418194 0.165002424966415 -0.655423224407598 0.425172257323801 1.1341949035877 -1.5375839958259 -0.0413064463126034 1.7274496157031 0.4010907322101 -0.206244171652301 3.0545939717776 -1.5892190876685 0.892004431410797 -0.320599140925594 0.456757683431697 1.5011239117471 -2.0032830421254 2.59354453570671
