Time RV eRV BIS FWHM S-index C3AP2-1 3AP2-1 3AP3-2 6AP2-1 6AP3-2 6AP4-3 6AP5-4 6AP6-5 9AP2-1 9AP3-2 9AP4-3 9AP5-4 9AP6-5 9AP7-6 9AP8-7 9AP9-8
53001.826222 3.76230470721848 1.00353267426281 -1.9691 7.532248103 0.155289184958699 -3.67295127656485 -0.77008204464373 1.4122090217163 -9.29925889563715 3.7605848120908 -3.26982410319992 1.72053185042699 2.98059020904033 -14.9685940221198 -0.95424174616695 4.10974228239376 -2.86760682111557 -1.64920909114805 2.87685673373799 1.44329880504789 -0.451937928449261
53053.801682 5.43434689761652 0.92163315162217 -2.55313 7.534315545 0.155648291805738 -1.77213377200644 -0.826544645739999 -0.889151168580191 2.63663018414827 0.121711487031289 -3.36700575561063 -3.67993996794359 10.5914349300024 8.38788031047391 -2.38651306430421 0.28427532424159 -1.37812634145662 -0.53245643654311 -2.59518332727859 -0.62936118334657 15.3290796347839
53759.785029 -4.98206410686478 0.45842198778788 2.684971 7.534434733 0.158634666655643 1.69538923193719 1.11180347304887 0.66168594388538 -0.53808697676654 1.25128404387401 0.0587718877596295 1.01298714727936 -0.89409509416284 1.28627820435748 0.65632409494195 1.11366629272381 -2.24022004756475 2.75153411963229 -0.5777480210288 0.0417779983883602 1.03363875715597
53809.708397 -5.24031532132766 0.463996022153171 1.933195 7.535372162 0.158830065750187 0.655094848556206 1.87140122501661 0.08579097210683 0.41115244533749 1.1972281311091 1.13848518524202 -1.193035252956 1.66374727061478 -0.865513434787299 0.63500071551038 0.31300251833432 3.56155708431311 -2.65304205806932 0.7705752411629 -1.86298233398061 4.07981950146781
54083.848712 0.459414888311097 0.581601120202689 -0.6391 7.535989137 0.155967731899191 1.04054078833963 2.01707637141107 0.53339193785218 0.255234025488493 -0.119258740236066 4.1074097960277 -0.59413164042999 -2.20951359344099 0.59265146965624 2.857693950322 -3.79237586337478 6.40619067669235 1.03824580715598 -3.34946714845547 2.71679923491338 -3.59040490282705
54084.84009 -1.90356561348064 0.490033829585037 -1.12292 7.537173298 0.157230244118058 1.47593491969172 0.58214564190574 3.28864136590967 -1.33604271315943 -0.10258192906545 2.24156104651512 0.859993657544036 3.03759774153043 -1.97855856160532 1.11183586258697 -1.57271471220795 3.6662434423299 -1.21686357316202 -0.63984899813041 6.83455964927681 -1.12240337663048
54117.803562 -2.09217257468917 0.779807944400916 -1.74267 7.539234926 0.157797708950309 2.21641663193809 2.73806604930736 -0.31398607291368 -0.56878631346686 1.03980957584495 3.63778002806917 -2.76177425437813 1.56155194618354 -1.36720422962445 -0.000922329009160006 1.71014270468301 -0.56098278806385 4.8350564784274 -3.66154363273543 -1.47016983718285 5.5310858960735
54117.810264 -1.48415723498164 0.782904793222378 0.520163 7.540777726 0.158819273272999 0.852782128489561 3.42481836016721 -0.557004267533365 5.18060964827061 1.97241612126704 -0.124615810966115 -0.81955213360388 0.744483490110127 -0.57400067564262 2.479705208407 1.76646353826983 0.93357039274048 -0.207816579193043 -2.33991626434664 2.11675180965221 2.37976186336367
54134.782854 -1.99480409984595 0.646268413816481 -1.5857 7.540106692 0.158432970741779 1.0567589026215 -0.81544380793641 3.58967632620839 0.95987283076157 -1.40972649503896 0.60008892727384 1.13185050678251 5.08861265802611 1.32900915753731 1.19214112039781 -1.42854739085116 -0.86851581176876 1.22881925467277 1.45257337742931 0.452979749121361 7.40746666893804
54134.788421 -0.516425519930251 0.630373570339486 0.899585 7.539054331 0.157441695862999 0.454305825578178 0.796106303357066 -0.25692120916252 0.548695069516707 1.81518216790296 -2.33320632447785 -0.36954133128076 3.00516000327342 -0.378886968440501 0.559113251190604 -0.718042137752084 2.65623609213772 -1.18800804965223 -2.85095369523988 3.87246130102935 2.11049617495356
54137.775712 -0.458874842583089 0.434206513566188 -1.46815 7.540363834 0.157474966878977 1.04537387670677 1.06817870860637 2.37583234774148 -0.734405245854661 0.762776032502219 1.09672035069235 0.525561208909017 3.03745270742646 0.842261651656606 -1.40264553546582 1.25864544640999 -0.392280626555487 2.06967912844522 -0.255224081453384 0.035738430902072 7.3066115057831
54173.68959 0.839201164599346 0.60857081975939 2.426359 7.544603908 0.158266095027058 1.74072626817672 1.10672248885252 1.98661666859514 2.85717107814802 -0.988221540986358 2.45276863525382 1.34669435006074 -1.35137834133643 2.80560023599544 1.04107516280505 -1.58355864948201 2.10301956463285 1.50083774975224 2.43890293815225 -6.44964708080195 6.04332730146234
54258.465631 -4.96171805963067 0.629319952263626 -1.58374 7.542950741 0.156246600701429 1.02253992071743 0.94775658921501 2.1123131816961 -0.19117184434222 0.94498120606916 0.11884474790024 4.02644400275314 -4.73399749050375 -3.5421284053326 2.91201040118641 -0.512028621113751 -1.11046890639948 3.82681549955943 1.3517429455799 -2.10384476121041 -2.00719371647335
54292.509764 7.14296161067818 0.589217680729071 0.296568 7.544325625 0.158695400906841 -0.525609182954365 1.72719396099387 -4.54955739469967 1.9830805934205 0.928545066057761 0.41642467642807 -4.22112045614769 -1.41086871205451 4.66136823859811 0.70368354311737 1.32494640655822 -0.0472620683985703 -1.59826559238514 -3.19509495755155 1.52423324499243 -6.10411663644532
54294.526273 1.61600114620936 0.633977809024739 1.778479 7.546411654 0.157502769872231 0.722707496380318 1.86297630240954 -0.29278576509239 -1.65103625990452 2.93160252793299 -1.1410616050797 2.19586580592747 -4.54815704704707 -10.9123865150227 3.19398200062032 3.95587266733763 -2.92794083338877 -0.981051938413535 2.8935175552052 -0.83290821905319 -5.81907115943231
54295.475943 0.032680501845908 0.713716872084433 4.024159 7.549123621 0.157214519875587 0.965855328392219 -1.88885119521309 1.41475176454793 -0.270301849423213 -1.73270445506508 -0.150629922798396 2.06708586597806 -1.37774153250271 -3.15719575354172 2.24947281254622 -4.21339581302446 5.08516324377222 -4.91256472101499 3.48566212452381 1.40764470576921 -7.36519241696314
54296.515192 -2.61513382726791 1.09138033371897 1.69289 7.540672444 0.157178120288275 0.483446159405802 -2.53040218098579 5.27986172184433 5.65115692178011 -4.0943432543902 0.0463660242442501 5.10596552713282 0.345765734216965 9.90728277345337 -0.318140918403813 -3.64754577904239 0.209638208891479 -0.0326564451340294 3.52681205587405 3.17576288905291 -0.17784269303599
54297.520079 -1.873810228897 0.551438605143408 1.501198 7.541920721 0.157856268823709 -1.39933854638802 -0.93591621123236 -0.82207734017584 4.20940691587881 -1.41782737729027 -1.50053210339176 1.24876722669018 -3.20722732930822 3.70497261338943 3.06571493401748 -1.79881060763274 -0.019970873675914 -3.47702565664114 1.73112973541393 2.16106459064077 -7.33507332005355
54299.510632 1.67389139385433 0.691774714384892 4.547147 7.539495797 0.160296948667286 0.159625915186362 1.92431521884382 -3.09462833042621 -0.481788632802205 1.41821939808152 1.26361619370608 0.58166662222485 -10.2485579924133 -8.40482403146508 1.96218209743336 0.495441688911517 0.60632452372112 3.67331315767286 -2.7148766808685 -3.95549002415884 -5.51876233358488
54300.491483 1.3547749933952 0.498388983808583 2.142133 7.538522061 0.157665939365937 0.954244354576944 -0.961343842485044 1.27051772088764 0.04982096180143 -1.52993519676532 1.12993429380454 0.75658758348239 -0.15157158072745 1.27887891590277 -2.26749831169439 -0.674804695975193 1.80430650710817 -1.49635139790066 0.629986263800455 0.52697207934424 4.16952118765974
54484.777932 -2.89163133717407 0.449396091749672 0.202792 7.539573848 0.158067260356415 -0.434129453900942 -0.23938345631024 1.63608090965782 -0.87350124413939 -0.812442844357911 1.80563085784288 -0.29746709555066 2.25090803041731 0.20644942146862 -2.37350559312547 -0.34464943266453 1.44256376358608 1.36822749695118 -1.72650633170769 4.84526927868463 -4.02343779905483
54486.838771 -1.43183330724229 0.55751698131245 1.22751 7.53963738 0.158576199120224 -0.237110009617147 -2.03473153976664 -0.05590962138626 1.06015797460549 -3.85538934106845 3.07221387441126 -2.75234573853205 2.58217430616707 0.025682550411533 1.28855810904379 -4.28351098588991 1.23368716485685 2.81318133149034 -4.70905667844925 4.95593197197852 -2.29836110251897
54565.589129 0.802677022289411 0.467719273079584 4.222353 7.538837484 0.157151741022289 0.121982543570625 0.42715235742239 0.751802739856408 0.381116636152323 -1.08544498360659 3.02198717647713 -0.92609340025015 0.1087258656572 2.98580515137665 0.571489946422668 -2.99302598365485 6.83857852477024 -4.69619029319627 2.60302344251355 0.72030922838339 -9.69995133136243
54610.549852 2.38330257599787 0.56145242528609 0.926115 7.546251644 0.157512416830198 0.00723613545867664 -1.34609024449221 -3.0594746343349 -1.3027254747628 1.04118138411491 -4.0209487881841 0.196759411517499 -2.93948046579573 0.65789040215871 -2.92768674748785 2.31878157430478 -3.67989030604439 -0.164596923334524 -1.02428929798805 -0.00166647510840201 -2.63854835869899
54616.556786 -2.0448399016435 0.619432273223733 -0.67775 7.551680562 0.1591354060702 0.0126097269389267 0.07843063087949 -0.68317241906099 3.95489731265471 1.037728863596 -4.2883248812923 2.09729992455438 -1.49526819666338 3.79446662251529 -1.07056880215885 2.33864271542215 -3.20224898248671 -0.86799146445006 4.02486634431424 -3.73816364196463 -4.87530109669237
54620.485019 2.89234180816153 1.02449199756249 1.396142 7.550864957 0.161907300185286 0.406174272743646 0.74347589149321 1.47995314914094 -3.49037373058131 3.58334318362477 -3.52476279644038 5.01535708798336 -4.26510847811185 -5.45386934044595 -2.51307811789982 4.62649529568126 -4.79793220876396 3.25538591567512 4.69147602234284 -5.70536861928651 -2.99990772144236
54639.523092 -1.30131267180777 0.595775465786221 0.220938 7.549078367 0.158658704978225 -1.15908373490467 1.74615650728424 -4.44199449155911 1.40447437550685 2.57901584455184 -2.4895613530231 -2.41933118489187 -1.85579298827517 -0.20041413778542 -0.51005467591374 3.50965842024935 -2.86587193445578 0.934144440454089 -1.09294759152077 -4.70053827867198 -2.5851252527134
54641.520013 -0.660559227441385 0.59496887430745 -2.30444 7.546377668 0.157812848412794 -0.489724791554699 0.188240751577257 -0.99602903837608 2.47379605804662 0.0353569437142687 -1.14729094887897 1.88426966028402 -5.53167463109995 5.26243643614722 1.61522418206866 -0.920410338798484 -0.99238291783537 0.757536967521291 2.67852667818485 -3.85982985300535 -9.73643633735138
54643.553946 0.190947045080371 0.731557757085485 0.500747 7.550753598 0.15682964323232 0.69995886077757 1.55114116970989 -1.68921446353297 -2.00059257234103 3.22871782000807 -2.16520041398483 1.83550332978557 -5.79027815121147 -5.36362903301052 -1.5024561703114 3.59261339566581 -0.27910638641859 -1.37542628142703 2.90589781329018 -4.20174256478844 -7.09979371521632
54646.497375 2.78330979148214 0.584561765581012 -0.81743 7.546568135 0.158607074971181 0.36199917055584 2.09658967035938 -4.82972538296744 2.24325370022407 1.91209602318019 -0.98848583692337 -3.37954502507335 -2.29391917002252 -4.46331760426992 2.51805960522859 1.82384712697854 -1.55692474798219 1.94027314525302 -2.85424184298816 -0.45565436463649 -13.5091341292937
54851.844875 -1.20310037187422 0.49851757810119 1.115017 7.541926301 0.158763370351473 0.460127918780196 -1.9898798365773 1.16116751131262 1.8426359679068 -3.04328074726447 0.8435335986214 0.860437846078617 -0.265881472115347 2.7370296015271 1.99559225221658 -4.38588519048834 0.67991770259511 1.43622174524329 0.721303035551049 -4.37711321590697 8.36353824773679
54878.721774 -1.22722179410802 0.477771519863442 0.239303 7.542186311 0.158726326181493 0.902521851291397 0.19859847503805 -0.21914458796149 -2.08388227623692 0.48943172119076 0.728998080637066 -0.204754963755355 -1.01515435829582 -2.3959152581969 -1.46358189349474 0.80215712316698 -0.25451481906078 2.01675759637857 -0.213343428400089 -3.02482722493259 0.73810519775657
54879.640135 0.328355077698652 0.585872168252788 2.801801 7.542987369 0.158725514748605 1.21328258696573 -0.174235924990285 -3.2683616740909 2.92380256149932 -1.59100072132821 0.892942823604217 -3.79960089384739 0.30506262764424 -6.68152290289672 4.41560978139161 -2.26357245165841 2.18645037551129 -1.81381618488768 -1.86593476756213 -0.20786096348929 -5.74485555736673
54881.718936 0.989862797610246 0.484459977723548 2.902053 7.542030315 0.158788877943305 1.638361690887 1.83897798145882 -0.00868908151726999 1.29456318656357 0.209879499290902 2.26644242950708 -0.53634757500889 -1.51565830324541 -0.164520759542018 0.598682010334378 0.082358694894845 2.1000110508193 0.28939181882076 0.929291478248 -4.18880493447342 -0.149023827169487
54882.759092 -0.0111059060301169 0.479829880445574 0.28272 7.54254972 0.158888902522845 0.996528291808823 1.51436497172822 -0.139758754669826 -0.428156646913152 0.267933274903538 2.5510777470363 -1.59403526502455 0.84074492251379 -2.89901117568146 -0.1856779410634 0.41254929479309 5.01680267561507 -4.79515129240555 1.51955420572182 1.50071318315514 -6.46046573007659
54884.725671 4.29885535025728 0.590702878484182 1.880678 7.544790387 0.158640620481985 1.4318180850951 0.0334938950395598 -3.89755590567197 0.05081276120967 -2.24526586485573 4.13337869795866 -5.94231682841438 0.482692798700908 1.4287445584156 -1.38258003783652 -1.63676315223453 3.49694366367625 -0.493799684479789 -3.93995918301419 -0.49706928943436 -3.78895726356893
54885.738243 2.19301544827985 0.478247705267937 -0.37574 7.542774513 0.158587672426051 0.851244712399621 3.46612805799278 -3.14260330884153 2.63059782801734 1.62275325651665 1.81629551821397 -4.08410114279812 0.337239688415596 3.5872802613681 0.392725244665927 2.5908520334752 -0.25586501270366 0.85662236841171 -2.52481479109159 -4.20769436361873 5.49634290519787
54914.673926 -1.62667449170421 0.445414826301987 1.599123 7.542579841 0.158031039329595 0.144509603472024 3.27792377700149 -1.03601436227338 1.59357143977761 3.88194000475634 -2.05657913431178 0.708203707177059 -2.45636943705222 1.41966780990146 0.4411210434485 4.64741812043992 -1.430624075163 -2.43544405769654 1.42660652300742 0.646421601430308 -5.18328133820732
54915.700224 -1.44568970331466 0.558278951464509 -0.6916 7.546097075 0.158053893843792 -0.33213802312333 1.8126765567424 -0.206700750066999 2.32507888193828 3.23569304410384 -4.07934225263786 1.01272793611908 1.9051731218343 4.39639126444205 -1.8128838730012 4.46386565215113 -2.55667351249559 -2.05211064950767 0.13743956849714 8.20123029547452 -12.6601850636214
54916.65248 -2.39150103100645 0.474734834797054 0.761549 7.54387498 0.158283842248458 -0.116645368511411 -1.61165889998583 -0.94957736756283 -1.38391126448158 0.43909390790088 -2.96221540982648 0.59417484897288 -0.54172402637327 2.69993798948222 -1.72171664736951 -0.0381398213791699 0.0024471980865699 -3.16883724331273 0.90935948769478 4.52810687271893 -13.0084144780742
54917.693543 -3.75065460413727 0.440553441265009 1.718608 7.541853991 0.158469612628427 -0.255776040393977 2.58399888601076 -1.75939112508995 1.29701958489088 3.45112945666513 -2.38331818080141 0.70097944624127 -4.15651367661849 -0.88892973742759 0.86517218796436 3.81468026383732 -2.3015455744115 -0.06542528248599 -0.28734636386615 2.99083733364231 -14.3194563793862
54918.671133 -5.22299309579745 0.473980060337378 -0.13327 7.541246747 0.158494550504413 0.869222481569156 1.2195314946432 0.99418290788219 1.31599165226966 2.36997609892531 -2.96664433753015 5.26928243067846 -8.71505423596129 6.01114854063484 -1.91780217131666 3.2904517796712 -4.41213302163325 2.53463936413882 3.58010735709146 -2.51558669156545 -12.3315892588105
54920.664897 -2.2186431055396 0.457933344167946 -1.04887 7.544350224 0.158116611241114 0.56934270982179 0.0328003521974101 -2.32832373762657 2.25373660784968 0.981127109373994 -3.08624721960996 -0.66483532732778 -0.78571073967804 1.02508975419825 0.08051132128434 0.0935912405836299 1.96425940534848 -4.36469816023755 -0.5439239788289 6.7761773827706 -18.6988668950619
54946.629615 -1.056601113423 0.55019514128667 1.32239 7.539083641 0.157258486816478 -0.0561316849732253 -1.8758359287349 4.10881565240135 0.170061569658915 -1.32635846775321 -1.12636107797151 5.28788562999966 -1.85279420880628 4.81772926744498 -0.882695659667703 -3.56735790735864 2.44356810957116 -0.52179154558433 4.2642178338896 1.79351476496726 -9.68459033583371
54947.649103 -0.867166396085968 0.535837945824448 2.098313 7.545908343 0.158526999397988 0.259791321306346 -0.079014713603501 0.00106607955536497 0.377400409382457 -0.128756575360034 -0.141151995246208 0.929530502788124 -2.48997139882476 2.96579186540654 -3.58513519974416 3.00154764493342 -4.64897275705261 3.88725666351998 -1.72818813402617 6.12193490576028 -12.8774629621186
54950.614488 -0.303055538567217 0.507853790088682 0.404226 7.544268917 0.158889744530839 0.405166294200748 0.513213518320873 0.628592818671321 0.696764851011276 0.760323559262624 -0.888834539876482 1.04053207532206 0.00684450532104197 0.451439214246904 -0.156499141778264 0.782614293444241 0.122807864146752 -0.99168047035808 1.41521745016602 3.88735742210216 -12.9802362681342
54951.668508 2.51385987630511 0.584345418349629 1.294736 7.545022227 0.157622430699115 1.00741041108475 -0.51671892314953 0.88200591835176 0.27356755915084 0.71230526303645 -2.4460157260356 2.43006055384474 -1.15099429178313 1.76759040424294 2.44825696946877 -0.86679766462318 -0.0482265295760298 -3.1511589682858 2.26173883907775 6.94760194225056 -15.9672369361767
54952.61553 0.764969618924892 0.567702397637891 1.313096 7.543689848 0.158472241477014 0.385659180192854 -1.11789845652203 3.25472358188993 -3.03401795336917 0.948067702511724 -2.0736478141916 5.0298279937482 -2.27995248441849 -1.49074103430252 -3.59717160026636 1.98045986791177 -3.40470204392961 3.36429427926383 2.0088556637427 5.17726842873037 -13.8196888923302
54953.601923 0.908659089690058 0.505753239153145 2.588631 7.543047082 0.158435391685591 0.525917575825565 -0.997856516840598 1.55672323458145 -0.01632951094077 0.00077374814929998 -1.8439060398329 2.79300637250492 -1.1316085151772 0.10417497202875 -2.61551528777486 2.01146856110437 -3.4525614157196 1.64391931933553 1.89835937725083 3.10825701481407 -11.0098855636893
54954.608003 -3.83006919055575 0.434700414160732 3.030947 7.542115107 0.158984321404063 -0.130471487287212 -2.73536823402737 4.38823030929747 0.17958875986132 -0.97101384988112 -3.38080086076704 7.95822723679629 -6.33708838420401 0.8160042706813 0.14124935498557 -0.82268202315668 -3.82393940496281 1.13974742698864 7.06168753196704 -2.32756544194762 -8.82156955081094
54955.594256 -1.02058339603233 0.614869595104214 2.247148 7.546426958 0.15766018727475 -0.225316285920446 -1.05829149383452 2.36462625659933 -1.89249365630966 0.04787731157328 -0.98619445439622 4.37119868169785 -4.28285443965514 -5.70058997762375 2.36921988637177 -0.745771574797817 -1.98617681655837 1.73422199642079 3.51777825195547 0.68607803045111 -12.4376973702659
54956.611375 -5.26945354939189 0.729191103899908 0.750719 7.547825858 0.156878146604898 0.42850288833825 -1.03963271297973 0.65620069276844 -0.62844218370751 0.59366047899679 -2.67789241432001 0.93349438011715 2.48363701170507 0.62056081927958 2.94215229067868 -0.0717485694120201 -4.61487860552576 1.41486838725591 -0.86591413830693 8.12616692090085 -10.4472902901461
54988.493435 5.34895131179428 0.731607204710687 0.871466 7.539039377 0.159032270170075 1.47830071879548 -0.98128870006481 -1.75438987409687 -1.03815035461604 -0.795057016075369 0.293547613584639 0.15240338961871 -5.24154015463057 1.31959874672942 -3.07026882432498 0.97324185941624 1.17322263401537 -4.46241547221995 6.50824513596619 -12.969765102521 4.83056030587123
54989.514467 2.53069980074144 0.706318644267175 -1.53011 7.533492729 0.157852860336397 0.907627397989661 1.67603617804005 -5.15889570048078 1.06337413186697 2.29425038268622 -1.98580958041965 -3.14902175565925 -2.5359615287657 -2.25916189135503 0.16336841249503 3.37000746822479 1.46735872708451 -7.90688023042588 2.32850116399604 -5.10461046437976 -0.01628434439758
54990.523983 5.34357567052394 0.747148091988485 2.128731 7.54617031 0.158198647029939 0.479135260857137 0.60829524535791 -3.25819084547893 0.23467123959331 1.41259765053263 -1.77015239378948 0.0341423864440804 -5.95835435681227 2.0373061329438 0.415052587612631 1.36154404741699 0.38711911776356 -4.82594607335778 2.96070941933625 -5.72643151721404 -0.89764657799138
54991.545443 4.37589268644055 0.602788072116186 1.647583 7.545234622 0.158941414394046 1.06806994989743 0.41522090858072 -2.78968998908944 -1.78549520920194 0.84492066008635 0.29114653959548 -0.7421474906127 -5.7519410507681 1.52203369154056 -2.28743413960539 1.99571809547018 1.35327853962766 -5.09263908155515 4.38051155393828 -7.05987354565406 -4.16392083341989
54992.501837 0.283264504836966 0.606434674817768 2.749851 7.540893474 0.159054908004395 0.406497159540527 1.37747610046559 -4.29217797295917 -4.66288456164577 3.69224292001538 -1.73412658898444 -2.71932165476899 -1.69397590864108 -2.34581016840293 -1.9366499351211 4.56305725263844 -0.91587699268692 -4.60057199563071 1.93074992943992 -6.31703627656036 3.13785216263544
55020.5209 2.92335437446581 1.01463604705334 4.155599 7.546049035 0.15639767113696 1.80265242835493 3.20537378069094 -1.29809775143235 1.72049042127809 2.06740445974022 1.19872720932199 -0.88922832764354 -2.30268598705509 9.23240046904596 -6.14516915141724 2.56852334149546 3.23346541036707 0.89635140084677 -1.50305679440403 -2.26710153938868 -1.64980911508082
55022.474344 -1.76875652237608 0.495510851990925 2.823188 7.549994748 0.158978703654995 0.9719409464504 -1.25037737345009 2.51987982459733 2.30092558461104 -0.478050231671079 -2.78740429907999 4.14232278567424 -0.843934334271424 2.08607601667451 2.46852437422604 -2.65644025595165 0.20970269721285 -0.73595192864049 2.17334169585771 -0.381435374795759 6.56358967499256
55024.457973 2.43427143137342 0.704753913741975 1.35682 7.551934389 0.15722336462563 0.890232428815323 -1.53369268577026 0.5529037251421 -2.10732299540962 -1.00194700941325 0.16703723335812 -0.38150581635698 2.15875203751108 0.48446288605341 1.91885656617696 -3.60564785848997 1.71869354462812 -0.14967253317696 -0.27668009260556 1.17133912537702 -1.4664319814596
55219.801871 -0.667389609775382 0.423528803715003 2.405429 7.543849819 0.159107984540143 1.90696337037359 2.23924610912149 0.439981983484925 0.80389835570741 2.33903475452351 -0.671939572495459 -0.687905932917535 3.66052033037465 -0.50107551859147 3.53609284665881 0.795927346128845 -1.00876536403436 1.17514335078584 -1.97636737816545 4.30526583037829 -0.5654164574501
55220.804643 -4.59837626287945 0.464564323917138 -1.44097 7.542647472 0.158201086812322 1.41043489815506 -0.22301949797212 0.76569017246947 -1.44782312120408 0.33975666240174 -0.20764395118243 -0.357801716405531 2.99980011983176 -2.51314453607817 -1.69449789839482 0.24368840909147 1.06649608717881 0.21110763706489 -0.34796190690558 0.39796423114887 2.4493807221804
55223.8161 -1.68629039692915 0.565477152471306 -2.32453 7.545722573 0.158622176651307 0.894312996913305 0.42497555515483 -0.07088204688693 -0.30036775840096 0.29433653115037 0.42590667410931 -3.18925693022648 7.0799056976608 3.17422687397928 -4.37238361739745 1.63513929883557 0.47167189699333 0.724876095999921 -3.93299429768478 4.27935053957489 6.7086805622036
55225.76367 -0.323749236450257 0.532136906410828 0.727371 7.542297468 0.158297874954855 0.542366015480567 0.904706447277285 -1.0494771709814 0.801314670556191 -0.412298856324469 2.07924075848944 -1.94204176610652 -0.282851581650957 -1.6986264175494 2.35334011608908 0.082486242865394 -1.47080581467144 2.44395717941564 -1.98248444563453 -2.32323985178159 6.05990194855248
55233.739439 -4.78510131937814 0.65098518238031 1.578395 7.544300868 0.158843917758518 1.10129930069835 -0.418436292442371 1.68318681842621 1.39980868470393 -1.43329730606653 1.09080198785496 1.86942264822468 -1.66154905788379 0.42193541448473 2.51991614070238 -1.8057967182641 -0.73751142675017 1.62142083485077 1.39276190341088 -3.39492940674798 6.976550453835
55238.812333 1.36957466894012 0.437848703487384 1.490764 7.544441582 0.158485623123802 1.5589736715631 -0.365504604979066 2.46413477851463 -1.59768805620647 -0.395485931897785 1.03374705264626 2.61940928671479 -1.65067972163136 0.0305099331378802 0.27163300614379 -1.62307576470184 0.166600467456531 3.05196359134871 2.13197759951748 -4.03702439704896 1.34905306224428
55239.802878 1.102860770858 0.466401653485546 1.903814 7.545079177 0.15815176674984 0.781873901397575 0.0254895079439699 0.35947305578384 1.92420544836454 -1.17193947244066 1.12686780971198 -0.0962157278762601 -0.20109224397861 2.82465934029413 0.31288070466691 -1.6224618341618 2.79715398057819 -2.13297630886065 -0.077687711072444 2.82837362387 -3.26061107881827
55278.658362 1.17452577786695 0.541699987106576 1.96993 7.54924324 0.15870993502554 -0.208060595461895 0.20302868059628 -1.21366600124614 0.9363582533077 0.88841893645644 -1.8199680542941 1.38840079076721 -4.29060046266872 0.467249958085886 1.13182720775616 1.00001643011394 -3.33455511243032 2.19976534729133 0.41933279863434 -3.53417138276752 -0.83145080803078
55280.685206 1.49801741422087 0.620595382443876 2.064964 7.544631314 0.158514437782875 0.389826900280291 -0.81809626111399 -2.07550735913118 0.6442415888881 0.43227684053237 -2.75175040626629 -0.603836184822703 -0.420561312095176 -1.04025233264489 4.38461116308909 -1.76406696351472 -1.63685776611473 -0.156462150505978 -2.96206667356803 4.96493137372946 -5.3706256375203
55283.648281 0.00901732008554296 0.490720674093326 1.723269 7.543440683 0.157952070782129 0.317729780427008 -0.671212896513059 3.25293964656422 -1.7712280690887 2.94241819651038 -5.83847738194813 4.5485843505098 3.76637604192815 0.478756694926279 1.42847608817248 2.05604560880257 -5.44349449338273 -0.0503333005250801 3.16085639999498 4.94663945915128 -2.13000490932077
55308.597521 1.97705092923405 0.429860128612889 1.119825 7.543299993 0.159262824600374 -0.191900734568852 -1.21992999007887 1.31519689022424 0.0217866268295497 -0.42347621963984 -1.54872804315274 0.783465926799966 3.15434347182249 -0.73031579833068 1.99335837638015 0.0828916610424 -3.42079729610783 -0.0478098358218233 1.82899624619447 3.78537013799679 -6.5099591966859
55370.477704 -2.80349378623364 0.778928416440614 3.917101 7.550627102 0.158134901323758 0.639802960255087 -0.0490380941290698 -1.96175819891929 3.29579412120691 -2.70509128108297 3.2265078519756 -3.68167664302298 0.56548008409422 6.00138603027992 -0.1638778162413 -1.57765335714107 -0.57467246199569 3.64850908508441 -4.24415978515623 1.5236738257368 -3.93487979763001
55372.481014 0.442072005242195 0.780453037424886 1.464397 7.545043218 0.157053221327504 1.11432626649078 0.237084394510374 -1.18274868414523 -0.383359587978326 1.58817284914477 -2.31631071187812 2.79139026910217 -7.03975438976753 3.06705535845856 1.64542519947725 1.13006194408911 -5.65287568049443 4.77997683755364 -0.0514434123819898 -3.01734613386482 -4.52625369634568
55372.487147 -0.882675027112241 0.796678196143433 -2.02189 7.55096904 0.157153056385965 0.831754722747607 1.97045412838432 -1.66948291127815 2.75585352750508 0.795538309267216 0.726782369879111 -1.01489871056843 -2.39177315854894 3.24839943618975 2.93680334802207 -1.67244492448638 3.19479399988643 -0.672320100176974 -3.41772986585597 5.69033543361856 -10.4509831217314
55373.468862 -0.115090096178723 0.776619344478228 0.468782 7.545412339 0.15865925045571 0.325812207816601 1.11385487407872 -4.82766591462321 0.220872847210176 0.306762933339952 1.36813942072648 -4.16728970256492 -3.04509538992906 10.1650313832586 -1.40725773276286 0.808775439384702 -3.12189892986649 5.31672021115334 -5.57947633524728 -0.42129749269897 -8.09288382510548
55373.475123 -0.10904642083548 0.873469695241724 -0.90689 7.546701766 0.156703889236302 0.404076576258902 -1.10102634304318 1.89478259775444 0.427403589521029 -1.31007878103748 0.174404470731507 1.54757629201801 0.640302738869726 -1.95847195044299 -2.13361191904623 -0.335970719990072 -1.69390397781265 4.41271926957693 -0.689768414898404 3.52491077560561 -8.34816931077362
55374.454858 -1.9171915682709 1.12900633702058 -1.52055 7.548706712 0.153023604024803 -1.96822196448342 -1.96822196448342 -3.2147331921052 1.79518221178393 -4.50738730901857 3.75577690133155 -6.13834466177884 2.83404934243663 6.15549713519 -0.284970363283088 -3.81161283716079 0.84939273814934 2.03504186347128 -4.95382710531541 -0.58903400305712 2.34937483048566
55374.461061 -1.01313961256908 1.15460506503752 -2.6552 7.553854178 0.155976664288435 0.656748529837816 -1.51520741975185 -2.81928141842537 -6.43007423563963 -0.14561824966359 0.681766103302884 -3.40880438847444 0.64970415959187 -2.2049409340318 -4.6770268192437 0.45544541354888 1.65309761859266 -1.86921746966293 -1.5001527794465 1.43209094233989 -7.52867230565703
55397.469217 1.32064138792793 0.829190466861469 -3.15536 7.549515362 0.156357201374619 0.663707000956063 3.59175127050887 -2.09317525776175 5.16331302438499 1.67246255850112 0.80503355817325 -0.47627854821791 -4.78616530547643 11.3285457270562 1.16003477191937 0.62326917239507 0.5224005775371 1.86602053387365 -3.99585119761535 0.447304306903203 1.56712839802022
55402.464055 3.64703474175789 1.21897957693573 0.129917 7.553826872 0.15691507897484 0.688532295852633 0.27694425274498 -0.0174358298030097 8.46944096557706 -2.99243577016744 1.77725277475952 1.31107918674571 -4.8762659550902 14.9068696447672 4.56591806684032 -2.2303139184772 -6.51618386289122 8.53854322216372 -0.38787938558624 -4.86668422446348 -1.39057528578343
55404.457302 0.34245799430628 0.627187421828856 0.567731 7.549289113 0.158238939207707 0.0514581149282955 -3.82752541926831 1.96754804668936 1.60329896129336 -2.79998794983522 -2.76936264077119 4.46447431644534 -3.00843191553916 4.33986216635438 0.71362744938486 -4.28781449659393 1.15468720121212 -3.42832304841777 2.60068827156454 6.45637450919385 -11.8512434725461
55409.457287 -0.301340822958543 0.730965575891938 2.539622 7.54888617 0.157167626053324 -0.0577485669849755 1.41452447469555 1.98386305666083 4.05349561011145 1.23055892998419 -1.63836830664531 2.78880033078156 -0.19392228248156 4.53930409071489 -0.451515559403947 1.93571408952256 -1.56705905335396 0.610955185173064 0.819705098874657 6.24371148253645 -10.9859717965156
55413.455433 2.05337265213724 0.636948587488053 -0.69992 7.55304057 0.156204681634597 -0.13191220088393 -2.97214035216972 1.41239672470894 0.20913752653697 -0.9090435797273 -3.85269015320766 2.093675661623 2.55877781619388 -9.14000290092885 4.19326733137369 -1.1273544710207 -2.50276606777171 -2.91436511588837 2.06900360001238 4.51310807779605 -1.42206730495994
55543.840554 2.21885497167637 0.647725236936618 2.557967 7.548768172 0.158032649790035 1.54713724352764 0.59098068024696 0.9108156496716 -1.42031003568952 -0.735774945575164 3.21772979219663 0.9075348963191 -3.48777188694477 -1.56234372087669 -1.62726226676349 0.00996625287288999 2.07379796334954 0.61645031476893 -0.86346310554434 2.84798092274359 -4.24318796386296
55546.822095 3.67897752726008 0.604210744005839 -0.19278 7.549485451 0.158746941673933 1.34190714811845 -1.53249691144581 0.0994684471867702 2.83244524369498 -1.3938647091977 -1.80232108370824 0.84059905662855 0.20046592582292 3.36650935396414 0.9924163464204 -0.69003199384692 -4.49046088159629 3.40427660532107 -3.07858416046303 5.14300922079008 -0.74211059241931
55549.803106 -0.690737774753147 0.463269994669934 0.137629 7.546592375 0.158002243902778 1.6563017460273 -2.54970114748984 1.58631755411162 -6.46634482597214 -0.66672170009739 0.00734975209166988 0.868868740737029 1.77145511114761 -2.54109332752848 -4.58938546689736 1.56578201936047 -3.05674799236261 1.29391541859796 -0.0629483422091597 2.78812131439059 2.63196538022917
55550.797008 -3.29795381314845 0.526285362095699 -1.15888 7.548346652 0.158420898118292 0.654886071172852 -0.85403577871003 1.41054498113521 2.06558038216993 -1.55775567384133 0.16961360961563 0.71453406977224 1.50324305553024 -2.91779701592408 1.33718461655188 -0.26390654754795 -1.22382712573184 -0.133762308736521 0.0507379691955503 4.13415769991263 -1.34931786731704
55575.847046 -0.212752889042346 0.500757352071716 1.083127 7.546423008 0.15777318699655 0.246427689179615 0.962768170689031 0.54889826238558 2.13939564286856 0.594023929941413 -0.472688086194783 -0.192878445962936 2.39751169128311 6.98696146244919 -0.521142803883454 -0.291365259224075 -0.214093268181836 2.13679240640614 -3.59976320530062 4.91404716066884 2.18760942326186
55578.84514 -0.544128367929085 0.647938098409188 2.106548 7.548423345 0.157816198393286 0.842070540583026 1.61709494918211 1.43720679877949 2.1406682908271 0.0612947900577001 1.73443876664472 -2.33857700571933 7.34170702006642 1.27417092180698 1.24101460964432 -1.07420940231009 5.80353163830571 -5.48580095577973 -2.56678662221841 8.70004017844757 7.16853601865807
55580.826544 -0.271149981579716 0.497516343167285 2.202687 7.546424766 0.157053831913982 1.14379033608086 -0.12784388860378 0.7528679170672 -2.03544086068696 -0.309135693115005 1.43143590872221 -2.19316949389267 5.59702574087496 -1.76062308303623 -1.72793924301862 0.17301901832296 -0.16404334733436 2.47430126892847 -4.64939067566539 7.16064454025731 1.46446686197349
55584.797146 4.47144828683383 0.550261929973095 -1.4935 7.549147911 0.157489615776807 0.410585895371293 -0.0136822764630802 0.485208075532729 -1.70919998352828 1.03842316073614 -1.03276170697734 -0.25620745424721 2.91678103669227 -5.18660015698798 1.75004748082949 0.42213412073952 -1.211534384272 0.487582556058201 -1.09515303441911 0.22371114193568 9.12381838736207
55586.790557 -0.0514418732735021 0.623197462572432 2.477936 7.549380697 0.158121915118328 1.00066614294967 0.072054203544747 -1.21321087927702 -4.58600908361501 0.307319374189699 2.04891797278352 -2.52867256222923 0.901364605564667 -0.65105032203085 -3.4574774161147 0.968311324113303 0.669239145274324 1.19816763253284 -1.74094624526721 -2.47600343276631 4.53047521054396
55590.794283 -0.473780383700096 0.52968881449366 1.670593 7.545629742 0.15906320265781 1.21527249064619 0.380480106897294 0.964924476967935 2.07391767148516 0.302625472583595 -0.967580891987059 1.03665641800808 0.910510492482045 1.3895260282638 1.07066497350304 0.261137944775953 -1.92602014908047 2.01312850509299 -0.153663790989333 -1.10286980059106 5.81262740190981
55611.711446 2.58643333841099 0.520010849303995 -2.60636 7.552859695 0.157867990937378 0.524096568766687 1.66591726012311 -0.0312718062044302 -2.84321537387097 2.73516132857182 -0.43008653449647 -0.36893840775431 1.31678401946092 -2.14582691725596 -0.847047152529861 1.88872786671164 0.23958790862296 0.86840993966768 -2.21221224856418 3.16602618973672 -0.22719621732187
55613.695204 4.57285084275908 0.612856730525374 1.156688 7.549980363 0.157663970926824 -0.666375013192874 0.0283862420012602 -2.88388318603794 1.12608220796663 -0.45621240964609 0.28213192713076 -4.37312643572796 3.2641129818807 -0.6765035487369 2.1502368427998 -0.47079724059587 -1.50406000992988 1.52468314403566 -5.8308669485771 3.88510891388822 2.62666869688965
55616.65654 -2.00829702768623 0.480927444992095 1.436314 7.549692454 0.15831718051211 -1.14588278507186 -1.92775060935408 0.96220815806628 3.46618217378624 -3.93416563277074 1.78821331306563 1.26006932514142 -2.80353687609031 2.37886080781537 3.31266558400737 -4.78164790564835 -0.06565164616987 2.68745866966786 1.29088352378344 -6.40402413142943 6.53068267190812
55619.68781 3.03100252302203 0.54881610101045 1.448523 7.546469591 0.157636403568322 0.807426996532704 2.00599762048976 -1.02519268509522 -1.1483926522402 2.50787172783791 -0.28342090160432 0.58788631500228 -3.57046022789561 4.13372692830549 -2.53737115719173 3.31090273378273 -1.52169614652869 1.14554796861975 0.42320660862921 -3.45932333822128 0.3686910208153
55622.650828 5.38109733357612 0.475550275476451 3.269899 7.548893776 0.158431274483428 0.401229858056264 0.479999713225959 -2.76191037184218 -0.69834862065172 -0.00453910727137963 1.31040120546363 -3.17955659299842 -0.49049914324396 -1.27531220576296 1.00206197415367 -0.252181644505449 -0.42082545755846 2.01679450828726 -3.22209033662991 -2.89571257595264 4.34375670133656
55625.797208 3.7661370154482 0.626888690765149 2.482504 7.545953492 0.15846074986979 -0.0339799072972787 1.33250832312311 0.554877903265949 -4.95348806451792 2.75125671593338 -0.0292071876961399 -1.38898495869141 4.77892438906694 -6.14710674221687 -1.82618681117129 1.22346125239829 3.07771560866359 -0.92349516993272 0.60822702244021 -1.80004678087058 2.51642833480711
55626.781375 2.18776135015152 0.605903720239058 2.392021 7.546441313 0.156695423483226 -1.3773267330018 -0.48168647070771 0.52349774238022 1.43610106417288 -0.9081243362225 0.0175608450197402 0.74592019331419 -0.56168787700912 2.69943918980489 -0.34714444543855 -0.36203843011444 0.0362569909862502 -0.9438025677786 1.59386536051823 -0.46694933888297 -1.31249041697236
55627.779072 3.41630411038221 0.552737146162693 -0.3351 7.548951358 0.156016922764122 1.74383434030215 2.70204817390671 -0.75732365609314 1.74332310159025 1.71963714141992 0.88329022132282 -1.18051136815231 0.0697470443890098 0.75299169486774 -0.20722506608483 2.78936155483428 -1.96914464456391 3.44901830433967 -1.68930183112978 -2.03057837673657 2.23903884700619
55628.717889 1.97852652682031 0.52022408008147 3.704682 7.549973422 0.156420522054482 1.0092848488694 1.02215709942658 4.13688463026144 1.65507767636431 -0.02307488057014 1.04671921880428 2.964279124618 1.70558791861575 4.88817290793139 2.36684412843409 -2.08039469392567 3.00195368753321 -1.84011190739053 4.5577341572398 -1.32318461327371 2.56173840156788
55629.71115 0.264756420185132 0.516269459566611 -0.25035 7.549437345 0.156547248021704 -0.515398801405452 2.36729029883928 -0.961459277041345 0.675059162483002 1.45462320468653 1.3179571519901 -0.83353498426251 -1.78998546405378 0.5027585610041 0.11870448811556 2.47775984505231 -0.592268216649188 0.466061235185048 0.73798161156656 -3.08234388237258 -1.53658603983058
55632.741854 2.24727109827789 0.617813620027002 -2.26377 7.550924995 0.15701532547955 1.02407964466147 1.75350206489058 -2.16346816551177 -0.43328422020124 1.30098421568381 1.05814059489655 -4.21262832800646 3.81746284844015 1.84924354296611 0.00728259052798008 -0.3274911301623 1.71057747495161 1.98638041878322 -4.98478093649539 -0.59170248669751 7.17079552993916
55634.710842 1.04967991496354 0.474054503791214 3.024989 7.548286983 0.156908336091826 -0.184296546292698 -0.962426482010922 -0.591316095570401 -0.51819899412547 -2.11611921695612 2.41697314521376 -1.13482859454645 -1.44375567027122 -4.75355018621287 4.13197401406473 -4.55387315425506 2.6343084536523 1.36543155729684 -2.55069043485673 -0.571687296594762 2.68934162502745
55652.625669 -2.32286200913919 0.50656813430525 -0.97323 7.547256854 0.158276106614708 -0.760187727716197 1.81106478228019 3.00017379529728 -0.90503612498182 1.86919937187552 0.38391913542128 3.35204340394096 -1.30202765598759 0.748937476434441 -0.647143755076371 1.3944969702321 -0.46062022131639 2.63560258466465 1.42232013219938 -0.153566977514268 0.667918691479057
55654.613279 1.37023668616211 0.517184382680115 1.280941 7.548845839 0.158341343189867 0.398553772579776 1.95247442429338 -0.49180583028454 1.65867517246279 1.64271726552504 -0.32406603769342 -0.46838996129242 0.30605310766074 -0.624111198312015 1.83089938950326 0.147117530233794 2.53411737031468 -1.91823126226823 -1.15810144906589 2.70044709613938 -1.72406777672477
55659.595065 -0.587041071735812 0.603108753956212 0.672132 7.548711162 0.15892719959741 -0.0986921461774502 0.508548334301675 0.029672482339899 0.616513301443849 0.536185658620255 -0.383973925308335 0.794465612088112 -1.45179452461255 1.80021248050171 2.11806455720842 -1.14233276221904 0.121531478049427 0.817876839302844 -1.7039989892941 3.36765070831312 -3.0446771413922
55662.595498 3.74919857700847 0.633804646302211 0.955059 7.551294542 0.157482766764079 0.59402093121131 -1.2872024059222 2.41760999127786 -1.16158278624033 -0.46359669470799 -0.87680837834166 5.30949400275107 -6.02721357021519 -0.32860201694685 0.66237242195497 -0.62864144257896 -2.40964999844115 1.85783736721969 4.95662648761839 -4.78045294850502 -2.60299094488914
55672.556497 1.70424745156495 0.570243957539314 0.111864 7.551739125 0.158162589981811 1.11666708089123 -0.87234653512181 1.65038644303327 0.49213330433898 -2.4047469983313 2.55530571359951 0.0916851946449699 0.94732213215905 3.26528008231028 1.75651322363262 -4.65109342338951 3.1270397977373 1.13761907914749 -1.84348399600727 4.37408234659148 -2.87149884455756
55674.55567 1.47875888028611 0.494563978532315 1.489472 7.551102928 0.158100653167872 0.959226747349564 -0.90845139699762 0.50866537977062 0.33000226478325 -1.34873549894643 0.634304524527059 -1.01113267629971 3.05336320740988 -1.94488782762903 2.36693758219301 -2.18576443824707 0.601461462246488 -0.05023006160078 -1.41799392051552 6.79136229872945 -9.2592002944268
55675.600507 2.54531939386082 0.511677006368324 -1.5296 7.546078049 0.157459341390442 0.398264915655912 -0.89689673878554 0.78651448351354 -0.99860767643377 0.17892256807158 -1.46397593604636 2.97067053446035 -3.79399394252555 2.36335833452462 -3.16777574218661 0.74460543153749 -1.38326738559625 1.49327151787398 2.85624044878961 -5.51112251758923 0.702130139067367
55679.579762 1.02498476988138 0.493652435445133 -0.39561 7.547430474 0.158624538872003 0.994567513693971 0.405829098855104 0.77318027094635 -1.87126918610895 0.904114641919968 0.09960360677594 2.15470328942562 -3.48282355654518 -5.53839834172651 -0.724064774141518 2.48217917431217 -0.12344562201254 -2.63678501294325 2.79245204287306 2.78053684485601 -9.39324341169429
55684.554098 -3.34933025185996 0.452729383873888 1.683923 7.547377307 0.158512935034336 -0.668907499447696 0.50667573305677 -2.14816047999828 -1.08543305399537 0.9871836386607 -0.30970125231029 -1.60503305216611 -1.01183773580283 2.04358059359538 -1.56267650398091 1.06508133041655 -0.46949277611822 0.68853018916175 -3.2941535992386 4.57844844537081 -8.40414115182971
55689.522624 -1.0022329425076 1.05405096081728 -0.7888 7.548409232 0.154560454940149 1.35721924107314 1.7062653283742 -5.64839955462607 0.0673493680267998 3.04641511022781 -2.5270295359834 -1.13988518572387 -8.15888837411484 2.41968845317062 -2.61521195679089 4.5208911375032 -5.16058521173197 4.39706142522739 -2.96740119900158 -3.10492903730347 -11.9967703123313
55694.482795 -1.1613528401493 0.473574093502145 2.165842 7.548726605 0.157634169072523 1.59955307530417 1.73110102143951 1.39088592573437 0.28470547947007 0.24762652008008 2.59767305085931 1.477439187231 -3.24136330632475 -0.52497337726238 -1.89518888216134 0.91311923423801 2.04160891092041 1.29011916089215 0.325917122891412 2.20383707982806 -9.63745442025143
55695.4861 -1.82949854316675 0.483667253481071 0.848393 7.549264695 0.157661457980395 1.70596773780708 0.16190806311236 0.3535252149156 1.1993296112572 0.3800103993934 -1.04177616333186 0.00680022265700986 2.0587536516777 6.98733160199035 1.19419355444853 -1.18464308977848 1.05722901496432 -2.39852553009269 -0.25050919126598 5.75625139941235 -6.35258420037563
55711.478416 -0.728668930111454 0.605308410795569 4.223002 7.546381764 0.158472723549603 -0.370756016747555 -0.586358689238787 -1.39058194468436 2.06332993844104 -2.12550895956924 1.7087544325781 -0.409278996242787 -4.3921278671253 1.89811761919257 0.678680453126746 -1.2364836704366 -2.82048955052528 5.54116724351173 -4.47452012074962 1.5188192855507 -1.95730387880768
55715.466241 4.21065674578387 0.529762591271034 2.066242 7.549193552 0.157371685097105 0.526307460099643 1.4746752852922 -2.12609807393078 -1.62799042434934 2.50132438168473 -1.0705925080498 0.332617629003281 -4.89044410479621 -4.04611913290752 0.00714664054935987 1.83813858488054 0.89584083726643 -1.3171198091881 0.04490820914664 -2.93956486275994 -1.00798082027711
55728.456633 2.37572220381163 0.592722056238852 2.714356 7.546837014 0.156730699830311 0.340220838550151 0.40284575439627 1.00426910696723 5.21134441155911 -1.39472149489159 0.58058278244711 4.31583241572458 -8.97505120094527 -1.35146406216543 4.90712490211264 -3.14371825191541 2.03338311229065 0.0612380018214598 3.99909311766944 -4.44118379287517 -9.08018535101919
55735.465662 -3.58490180347752 1.15905808572178 4.177956 7.557750671 0.156298111851901 -0.298873975718436 -2.24911268001895 -0.58172885245176 -3.22304353505886 0.39126360026756 -3.11630069473218 -3.20646337985995 9.54521602996513 18.2795370983297 -4.29793990357126 1.67630577564592 -4.07950181032774 -3.83672049529394 -1.59829846848096 10.8211414565443 -4.71040469968644
55886.842891 2.8043264040352 0.76154889510196 1.49649 7.556181979 0.155802314613402 1.68013153559988 3.14460646065268 -0.10621083825668 -1.20557712357227 1.20795866690411 4.13457335472739 -2.35155816015573 0.89728567220635 -5.30455157377553 3.4188550198075 0.36239087575784 1.25998156205367 2.65969166264573 -3.71505310107129 4.55323062428779 -4.76838758986008
55890.831662 3.98359847145353 0.549807699919103 1.559994 7.553742007 0.156299233471555 0.276586253383663 -2.45277725375864 -0.33809531067631 1.93171075722739 -1.78079962139877 -2.14748666647628 0.14757973377578 1.10897643335529 -4.74456909480439 2.75215017056068 -1.59298149891719 -2.92206700525032 1.04031640019932 -1.45393982487585 4.21062163177118 -4.0770932238905
55891.832523 0.905130969684415 0.526832068164787 -0.15677 7.552092343 0.155188718267676 1.3162580099331 -1.94334620299149 -0.90848094921418 1.68054248483281 -1.64545714767407 -1.40229693297738 -1.50138583375453 2.9373911602689 0.28200625192584 0.4411001359896 -1.35339835052255 -0.985340999746175 -0.481551698889214 -1.72737862953312 1.32209005974253 4.40590961764766
55892.821219 1.94531656137701 0.565552429288389 -0.13978 7.555007275 0.155858824408501 0.458229830555367 -0.29450226737531 -0.95299062626671 -0.53597634511127 0.08583391412435 -0.41060750594552 2.12735849984168 -7.05509952506998 -2.1753451218775 0.55149746753557 0.11424453356834 -2.15486743296156 2.86615799927747 -1.0646832423048 -0.30507366038403 -4.8243044174453
55894.826451 2.73061727136811 0.452948251349575 1.420175 7.554656034 0.156368492938105 1.07339944866699 -1.80785031361944 -1.07699131472157 -5.16921626286991 -0.1291345618832 -0.38921142177342 -1.70980661022149 1.99333279706846 -0.3803967328455 -6.01224064566401 1.32919005072084 -0.39937775071012 0.11132921729421 -1.22162321089619 -0.253120026889315 1.97372575062858
55902.856184 -0.801060253151612 0.521661925705954 0.595931 7.55300702 0.157376367558897 0.864055131888625 -1.56867784875448 0.30321193301377 -0.928242436233802 -0.284188048840037 -1.85158056652278 1.43450915967237 -0.7616057982845 -0.65025793345102 -0.771069339349196 0.055962197929672 -1.19714542791476 -1.0457190858122 0.37259550738574 0.0292568101031399 5.54690203268726
55923.845378 -1.23616652990139 0.785011332044112 -4.23273 7.552650509 0.157572774244828 0.989098647767794 2.33994359925853 -0.903039265586633 6.01792933551744 0.246763559168445 0.858025244920018 -2.03593455534023 1.7609858920761 2.07682596925756 2.95062935065121 0.346889933032392 -1.9842696638004 4.80981556046844 -6.13180474883009 3.67754977351774 5.06341912461015
55924.838204 -1.33385040635898 0.536426292346577 0.227479 7.55056983 0.156561356310931 0.696168460594098 0.2740766031266 4.72202433116323 0.904071574782 -2.00710743011639 3.72824736085683 2.67393192889067 0.85508461345226 -3.525576522396 3.22946070257393 -2.26351004535674 1.8957390156319 0.4839261858993 1.44210046724576 3.25138236974123 3.73787380245436
55927.844276 0.0714264351591409 0.487259991994386 0.935527 7.551712309 0.157089407529849 1.45652183344432 1.69391769787217 1.15331562592795 -4.58443782145601 2.7260143819386 0.412263973342849 3.67027744305075 -6.60716057707259 -2.38508663524881 -2.17349265098445 3.31753395548674 -1.56999958266505 2.026439573248 1.21668388765646 -3.36873717584104 5.0698253289058
55931.848091 -1.47547265421105 0.519398830058158 -3.62227 7.550458316 0.156853926772237 1.49399285727894 1.77406495038549 0.0527873848958069 -0.58242179551014 1.38196572026571 1.0145383435452 -2.76094890245231 5.82703178478723 2.4440924272484 -0.1164793840347 0.91157164465793 0.848149371265893 0.190248639477808 -4.47668653155399 7.11245786093551 3.5155080601924
55942.862369 2.34359378218134 0.59202534143371 1.359948 7.547219804 0.156367387426778 0.55711638922432 -1.40602794295591 -1.95287360011831 -2.51435751063432 -1.45977437670113 1.16094284625446 -0.90077961596917 -3.72437455489329 -2.85312980235619 -0.85334739367419 -0.50433104895829 -1.54857846763683 2.14497210610462 -2.11314082705816 -1.77528290603659 1.21919726120621
55948.740381 1.65508972459564 0.541879609631468 0.359493 7.552963158 0.157883956034089 0.433412093569963 -0.64816027926378 0.78967362123087 -3.33252667198097 -0.026759904731943 0.565357087164523 0.23858297955688 0.72315073852693 -6.98433289574472 1.09826021282001 -1.80144912697655 2.96182349691376 -1.42988207073675 -0.20797080330304 1.44523950971158 1.10004399625701
55952.840175 3.17636818770376 0.519711628825082 -0.32423 7.549261661 0.156037746245519 0.0839794798087269 0.67992449814275 -3.26004258869604 -1.15434921412323 -1.34637498649543 4.10099787882865 -4.6528748119422 -0.954008172990446 -5.7199879207052 0.92764343120061 -1.88676287901279 2.67906254028885 2.41263469369224 -6.11160594729632 -0.235889001592352 3.47731224341311
55961.808207 -0.678476769936189 0.634514361068675 -0.50723 7.553231205 0.157469172279175 -1.15050229804836 0.632129265677289 -0.260578789297209 -1.79887017772211 -0.23287020989911 2.44205884086406 -2.49695173621139 2.80739904195264 -3.43860352452764 -0.83186024917491 0.74642512916931 -1.06882476926244 3.79550334201199 -3.05390501054048 -0.0406544592468601 4.37282098010415
55987.712717 1.49178800150725 0.512172011365109 0.985358 7.549111428 0.156812034008413 -0.314030234425759 2.72834995912607 0.70918976692175 0.95103877056813 1.20793063623081 2.31561319985685 1.03803603675807 -3.46653899398246 0.33562670927426 2.50739292744122 -0.403641608441617 2.95563678173174 -0.18119465283768 1.21096189309917 -0.37676390056691 -6.972237877494
55988.67125 5.01462478641463 0.482226487596991 1.562796 7.552784234 0.156598967050897 -0.182401856178843 0.25244618462886 -0.87497297081828 0.86793994537209 0.82960999757108 -1.51195301208799 -0.0180945318755201 -0.42215967135447 4.18631497849045 0.19926928277861 1.95245665853054 -4.36038168197926 1.68672781345901 0.34143392388036 -1.64264366670977 -0.15022275972918
55995.836962 4.6824904223933 0.676642251134219 2.899608 7.558462117 0.156018760791071 0.36758030701859 -0.15846643071374 0.81044091771222 5.59155011836192 -3.00904061314544 2.43769194803479 4.90417694839118 -12.4461972603881 -5.76298547144879 7.08490192404335 -3.76549337902544 0.59288363081972 1.48388817374919 5.45299056092105 -11.0150121014392 -1.16277722303453
55998.624244 -2.89898932191957 0.68907359618173 4.277718 7.555032436 0.154320310624681 -0.185578548016454 -2.66671919889474 1.69534687156385 0.0506786590886199 -2.04738885898016 -1.14995261105453 4.44881567892461 -5.35643725209399 -2.36567907075769 1.8317183574411 -1.16873125360083 -4.80230286565727 3.0583461897158 4.35558325966314 -6.76881076263004 2.68780763978055
56000.621276 -1.36967099599273 0.63837532190311 -0.73263 7.552740189 0.156996031455925 0.224077952835917 -2.21102766413986 0.52976856541757 -0.713232479387188 -2.18451026169736 0.31166349178997 -1.14661725692359 3.71753868636787 -8.728962334392 1.25911260135383 -0.873259082885137 -4.11858957421325 5.14894133944329 -3.5877914221694 6.48272854902426 -6.49659410618512
56003.644725 0.560291601216881 0.603066271948392 2.145214 7.553134148 0.156336742417224 -0.322018196756007 -2.9110219735225 0.677485753827147 0.81541430229834 -2.74683486102263 -0.708722088831569 4.08478975006409 -7.54363878872779 -3.19010008243985 0.96838967649365 -2.29243697493733 -3.45519510984303 4.50543537332486 2.04765296258855 -4.9016340695559 -3.81401960777617
56006.640478 -0.451813722721939 0.491336177081598 1.535996 7.551484686 0.157468857568111 1.46943086124861 1.53889997370188 0.856905504829141 0.72119370462903 1.94210773265376 -1.11450260345654 2.57036257225356 -3.09129419666843 3.61866627624715 -0.960424245984131 3.64528721965754 -5.18848408835277 3.86411131765046 0.00986972281903198 2.02977807724117 -5.42815542566031
56008.677142 0.412458438441998 0.656365892941783 1.425799 7.552763285 0.157583893460039 0.638847652297563 -0.602653954270863 4.3809878175159 -2.1505781077279 1.06140472074131 -1.9766087762718 5.20735593725029 0.20440530233312 -8.91761053138134 0.315503098389009 2.17043470232637 -3.85338247500078 1.91972515492196 4.25460314412993 2.17738295238384 -5.2437135554484
56010.627957 -1.69511309999155 0.485711715809141 2.669906 7.551871073 0.156279803628778 2.09195172845779 2.93052881119831 -1.28373083703233 4.63426613015753 1.17781645650637 0.868799492709408 -0.356251929482767 -3.33681634813638 -1.89872027736741 3.69520011554674 0.41527119745001 1.56321829330493 -0.141458535961219 -0.761913326865695 -2.72328343823169 2.29948213077727
56012.613131 -4.09740607822484 0.469336836396854 -0.26818 7.549894862 0.156755594790375 0.92518250020831 2.73878304000598 0.17464053418305 0.98414824418148 1.95656456821216 0.95136429881725 0.0238856684498798 -0.73137651023965 7.06408473105255 -3.08392728798174 3.43546526731282 -0.70055539674745 1.12595500436878 -0.70561939479479 2.52687901631913 -5.31945990506427
56020.655592 1.34562242271379 0.728076645094412 1.865153 7.551947573 0.157788653748738 1.25438768509196 1.60424685437618 -1.94262330919201 10.7093317957094 -1.50950756255808 0.32491640569929 -1.06496367203211 -2.50478998537366 7.31786287616288 6.27549567383025 -3.43592844053292 2.65742028248987 -1.35908991460399 -0.51820970848478 -0.900973169065621 -5.68159802304365
56022.646251 1.74325733142588 0.573009543061346 0.182756 7.552147316 0.157809750910305 0.24874051411531 0.90947376257349 0.63725926897429 0.757068397546412 2.67943789207182 -3.60721237145469 1.97889171026874 0.72309606415681 2.66965458962731 0.21848098197793 2.38706009769364 -1.16231960072836 -3.14026966100703 1.13369201684047 5.13571481210354 -3.73250760131548
56024.618027 0.154999397943181 0.458742129395842 1.759299 7.552278764 0.156767017027532 1.15876272524281 1.1200739376568 1.2823664591134 -0.200391617222737 0.533238271899644 1.18391394533303 1.20016459452461 -1.1711522697155 -2.11911851702218 -0.673406652945137 0.34208744608387 3.64430827726797 -3.04809416721662 2.06529777929034 0.20253862379611 -0.8428763078827
56026.605575 -0.0677141720846432 0.574024029724259 1.91456 7.553878034 0.157829099158253 1.1353223616352 0.735302248199391 0.152005726490717 1.66817254814941 -0.161354423686382 0.788786647662432 -0.22478579169158 0.033421889085628 -1.86379523765361 -1.59583030889508 1.59778921095265 -0.728013291528676 1.73264481424766 -1.75781236632125 2.74552811356029 -2.05832052714495
56029.703638 1.52184039666547 0.690327296897987 0.477224 7.555659332 0.157271268754902 0.964422299723507 0.0926216070144299 -0.27305960920264 2.3113717964628 -0.12077205442572 -0.77427869293256 -0.12544109806686 0.48887058277926 3.64016136138304 0.59581183977369 -0.92930936950684 2.81845716888042 -4.37070179457957 2.56450801243581 -0.72225191948585 -3.45763119567291
56031.662401 7.44538289458379 0.977658632239365 0.448503 7.555413977 0.15903928040392 1.13262946204952 1.92288530511553 -1.15993455916832 0.22998123246595 2.97095585944867 -2.01299774647654 -0.509451505469659 0.60143688383442 0.42063119199444 -0.0431817673471597 3.61083286470363 -1.44556400060526 -2.05881738350649 1.10333216172361 2.36024108793011 -9.18825086400788
56052.538128 -2.29489290106164 0.539909019474329 0.619396 7.549034185 0.156964143141259 0.602314530259259 -0.5215334641908 2.76023494442465 0.89220335591348 -1.92016617096667 2.16102539109061 4.46834714628629 -7.00929073512574 4.21151687253656 1.39547608950336 -3.54375064185472 0.75984364989754 3.88834029480284 2.24373571966689 -2.77897695612542 -5.95663162516619
56053.615174 0.327613755912999 0.527911025967167 -0.11771 7.552448789 0.157563620869235 -0.335830707678631 -0.317720070528464 -0.040325241732721 4.35697152103946 -2.00546787004939 0.870327071160898 1.360590704535 -4.56114288026301 -3.34206935861277 3.38177806129042 -1.32691175959682 -0.793107172591508 0.906177957061279 0.459253234548763 0.520162379266162 -6.44358766272779
56054.665946 4.55735667812151 0.790433286886089 2.558927 7.55251528 0.157694384090859 -0.51563374571476 -3.22055874974248 0.2496619485384 3.27841989700377 -5.21663733885057 1.99522923514082 -2.47473198797225 4.55815698398895 5.7139647167053 -0.18817282603492 -5.49843984411293 2.0261029596557 1.05178315148091 -2.88856266107174 3.38502490063257 0.45270226406361
56055.602476 1.31175070066049 0.597745922988907 2.230067 7.553828373 0.15749509719172 0.189335898067433 1.65647343704727 -4.62086003484933 -2.41458471143907 2.61591914041796 -0.53549030478994 -1.72512858065389 -6.76983217505923 -0.7758626580984 -1.81636419181862 2.51701666885004 -0.61184584736674 1.44237638559878 -3.52737097875274 0.496505998134778 -12.841786608374
56056.594025 1.42926028730906 0.624210420969434 1.479794 7.551714819 0.157623785600065 0.352604294712356 -1.06009052276783 -0.520935644208715 -3.28788548795473 0.77073738151415 -1.7108406168557 -0.309019485705486 1.43272703715186 1.15584299007842 -4.04845460463267 2.25983070018919 -3.68704660534854 2.4869660536904 -1.4777695335712 2.37168335154758 -3.50344092428103
56078.473972 -1.00928441703001 0.585367240797839 1.243422 7.548167623 0.15631414632529 -0.168098032731104 0.57800672483939 1.33867288308172 -0.29666298606626 -1.06367544393373 3.1026415442109 3.8739831449877 -9.62904654174837 -2.35633098765414 0.62845200793474 -1.92435971130446 1.55345761235623 3.95867039387949 1.65541323356988 -3.51573558234591 -9.2274590101091
56081.497505 1.41580892579051 0.579831132644991 0.443939 7.545830082 0.159024300618407 0.0189148495487506 -1.57516901537089 -1.43407610375201 1.58122440601266 -1.66295347939458 -0.735767368488172 -0.314755027754777 -1.96244656127872 -1.21601152665729 -0.31658887907418 -0.11264637759989 -2.84852321487369 2.01168935230141 -2.44941736858479 2.0156685796773 -1.73977700287411
56083.542024 3.66640984139985 0.669370099519671 0.223228 7.556561194 0.158488234589554 1.30711664883235 0.21504218254288 -1.66490063359441 -3.12310642075628 2.608614148081 -2.79734766057033 0.96037232093999 -3.3299033018422 -0.1958485186443 -1.58133111198954 2.32722777558454 -3.59439654058943 2.94491030629721 -0.1115530533295 -3.90002363099274 -1.55708780975624
56084.490862 1.45713209255856 0.637421562597598 3.481573 7.548973245 0.157103043513853 0.113254699692281 -2.3775362030976 2.13360873877193 0.0650837707362699 -1.74462254231476 -1.2213201777549 0.495914260407997 5.55392974447745 -2.55812269487997 0.76246303987455 -3.14267428674448 0.766119613425625 0.612925093546659 -2.53649375273566 7.74134307457052 0.945845149698569
56087.52456 0.354283049404183 0.846200320724116 1.138525 7.557386228 0.158186989698527 1.61772833692991 2.25469095309094 -2.89535124420233 -2.23535581149567 3.20041323849632 -0.64561045269847 -1.97963943682673 -1.51952255136531 0.50733158131091 -6.68808764814493 7.33513966091314 -4.28216251419927 2.25554969051678 -3.55407675758553 2.00182601195269 -2.24805339346833
56089.521706 -0.46144387951219 1.2286712424861 -2.9347 7.552290242 0.158828689267633 0.251843786494177 -0.529345129291478 0.08362355399432 5.28492232942196 -5.20823973995193 6.07843200245783 1.16817504739806 -9.18983549699133 8.73589204645382 8.66059452895585 -7.52348438174624 -1.34127087332561 9.09021264881308 -0.46295931177587 -7.19944449244682 -6.13437322907956
56092.507602 -0.948885201137398 0.664267413132757 3.282708 7.553877867 0.157581119719009 0.604392791380701 -0.595149410572856 0.667626144170883 -0.878787348818545 -1.13666657219402 1.3992161316137 0.0445932809669281 0.00867384991737996 -1.60248338424652 1.93637658888 -3.22604340212164 2.09264785542029 1.37816041049739 -1.20090609222201 0.076726296969522 1.59451582970705
56099.490279 3.06548922745353 1.06719963327519 2.688375 7.563009224 0.158987645734278 1.32034030076768 2.78106472715014 1.73315718596674 -2.83643851553306 3.09051047838744 0.80314513259903 -0.0037732646689701 3.28972500602358 0.17835676681433 -2.12124489150228 2.4369453395698 2.50514011884589 -1.0622924264052 0.1008942602312 3.48881302076703 -1.87232170922084
56100.512673 -1.91932175983979 0.648977707939252 1.416092 7.560876316 0.157025604167876 1.77369551985852 1.69393998535804 -0.93415738604936 -1.10332867567329 1.62092337706764 0.673872934824315 -2.46670921568426 3.01609856685984 -2.12339577668229 0.81024686833938 0.73297216610892 0.34885067169926 1.64378265115397 -4.72148644270877 7.63014759645289 -7.10109622159355
56101.486645 -1.37732907079074 0.72907151247588 0.448374 7.560535244 0.152448708089416 0.253280713324071 -1.4708899992891 -1.47415154776805 -0.623495964531646 -1.68138090517234 0.68300996895921 0.2549056301432 -5.00568034345701 1.5101901333766 1.34877272084716 -2.94745551600923 1.52120459938984 -0.937355627426009 -0.27722170835214 0.70653375578422 -8.3410619921799
56115.450794 -2.63833074704838 0.609297882372054 1.831885 7.554949463 0.15371584788249 1.36368364263033 -0.42763242286946 -2.16321872252019 2.38872209707238 -0.81868837746111 -0.45489889669344 -0.28112749412375 -4.14916040221283 2.06572268930775 0.45008754788994 -0.10543042231067 -0.66979621579662 -0.85108477998202 -1.369063905906 2.85479834597896 -8.60169534208657
56118.452836 -2.32611097265612 0.568998741585564 1.342812 7.553761968 0.157668047610737 0.403544431134988 0.20504994373716 -0.70414116556839 0.86780114031174 0.0203930285935199 -0.0964684099261399 -0.0118427124910498 -1.64954769283409 -3.04264728126511 3.8347699902844 -1.7990611193374 1.54822650533174 -1.3075098530725 -0.65787084611385 -0.15247055562816 2.18912304612279
56120.450063 -0.653004154448774 0.537522889924219 2.511572 7.555808768 0.157569294797486 0.2287063878144 -2.24805956846372 -0.43461382970358 3.73750531968294 -2.31469770887434 -1.7515265340253 0.82215988664835 -1.1779649754546 -2.60953267106978 3.62556816545648 -2.35415575267359 -1.18722107137192 -1.36358522293178 0.2854243013755 2.50949467734674 -4.11084301760962
56239.868356 -0.0784428672087673 0.635600062899436 -0.76369 7.556177471 0.158648322760336 -2.38597311651088 -4.70005572630721 -1.92601414119544 -1.07174702891012 -5.1484948638777 1.33340153692732 -4.96964076991054 6.02061926462976 2.96971248879217 -3.10664603886395 -4.5190421190185 4.14302109830301 -5.13288005974918 -3.26284500604787 6.3010077840628 0.134369317763322
56243.855885 2.51898376046887 0.607387062710735 -2.15148 7.553398855 0.157993615918257 -1.64738968980587 -5.75144088424971 0.415087260927132 -4.28183291793152 -4.9438630543059 0.713905126809351 0.180297539086023 -0.199414787602255 -2.13588120145709 -2.47526622632905 -4.06991459056317 -2.12742026017311 3.26884633104876 -1.06623428370564 0.942521978902693 -2.1943299882139
56258.85177 4.31772627193178 0.572215097279868 2.388756 7.557830062 0.157119147808652 -0.439880744606639 -4.35198448305531 0.0309194420944801 -0.5604298500695 -2.52457976778851 -2.99907250590294 0.05477767506021 3.12203832611305 -4.36457953144473 -0.10671968691619 -0.60351634115741 -2.14462942626971 -4.72240605849059 1.17647862611266 4.5407163118399 1.13913056850968
56259.829101 4.88714467030057 0.953028254521791 0.740996 7.558870347 0.159218664430966 -1.91216773391362 3.99760906353981 -8.22397746506291 -0.44925426897025 2.16330333786326 3.48396867298322 -9.49348438715195 -0.610470785301785 -1.7964205958782 1.41654132809293 1.49586334964044 4.61015815346675 -2.91053963958743 -11.0702277060471 3.62597311712341 6.72177391356304
56262.853857 0.159969982400297 0.644459940843173 1.108927 7.551296782 0.157004901886379 -1.56788197836047 -4.73354344176443 -3.0668184944667 -3.49097975616292 -2.5566851286266 -2.17845135760916 -3.85228911268094 4.23274704863111 -3.95335463541468 -2.66028853084705 -2.44537942608479 -0.635977294926781 -0.365420168517078 -5.79418723270333 6.29113445502465 -0.216000689718601
56264.85936 1.33079900544296 0.495723461017434 -0.88001 7.555382706 0.158546383634984 -2.16251859921034 -4.11949016934462 -0.847881364786546 0.10368190171824 -4.63915730293631 0.89942579687358 -3.74240099798304 6.15998771064339 -7.36427238198066 0.64611442183306 -2.2819016234625 -1.22907133687151 -1.2865941772511 -1.87701247261228 6.61497900027394 -5.91785827591698
56283.864658 -1.37201293809158 0.658593978809811 -1.17304 7.557695006 0.156618742273464 -0.950013032299378 -2.11360182985285 -2.17010827255119 -2.38051539496684 -1.74067792304362 0.50988439011094 -0.17421586112452 -5.39071353397324 -3.57455596497297 0.85105425860876 -4.29839153095792 4.88280838660486 -2.94467547003286 -2.0984924424469 0.0770447812766402 0.82868853468595
56289.83672 1.16374488828323 0.589985978387648 -0.81188 7.55692369 0.156062613536629 -2.48807666388776 -5.52392403846401 -2.75554968621135 -4.07684747350882 -4.25809573174062 -0.198572949048627 -5.37315182260709 6.77797945298605 -5.09897536155204 -1.52327117904059 -2.83644737253098 -1.32730038210673 -1.31601976558279 -6.7328860632273 9.41799167850099 3.54555637468904
56291.829328 -0.646748614297691 0.587204804125113 -0.41843 7.556982726 0.158400937680864 -1.66916437688636 -2.6021290287097 0.20471617409719 -0.625290772935641 -2.49415981361836 0.11397339795066 -0.30035420509452 1.11614907166197 -1.52937315998958 1.81258637886372 -3.88923602479151 3.61135308225798 -4.99213071972994 0.6971968239576 3.48569337570052 -1.4958987385423
56292.829828 1.3271790850967 0.476215535278695 -0.10831 7.55798812 0.156225611819169 -2.08954694975822 -2.79676832454852 -4.41500115930183 -3.31543422222644 -1.70661305708207 -0.288444940324484 -3.86512147207158 -1.05194633002451 -6.81855777235489 0.22102960542963 -0.55284780573413 -2.94076535394636 1.23360963930755 -6.690914782461 6.35586270615129 -4.00596388827684
56304.845775 2.26187801103148 0.638235825129455 0.767275 7.551856196 0.157252667827481 -0.607372185851362 -0.63492744981172 -2.04238043043798 3.68185057960551 -2.4799526362779 1.46043487136225 -3.75368358689072 2.53484879531388 -0.00420673170939989 3.86457683656409 -4.53757263044094 3.44699443688658 -0.68170084037889 -4.13269332099995 1.17468879377887 4.55310123564282
56309.843854 5.27672121359344 0.603156350147346 -1.1774 7.552536692 0.157101983266547 -0.983441979937882 -1.2214331371229 -0.66523037211786 -0.91681097351754 -1.16513437807616 0.3784375116342 -3.39843259130882 6.30709241035815 -1.75899642553727 -0.401596713109 -0.74787782395842 0.0806697900703801 -0.36750984549212 -3.97660715184727 7.82657578141574 -2.34893264335474
56311.683489 7.493065025516 1.0070771078309 4.338243 7.552017845 0.151680861684787 -1.1214585910511 -4.41194622932224 -1.97006248837111 0.506334005842101 -6.86170182314019 4.09515665511741 -2.5226915404091 -2.85671692589299 11.3006331848089 -7.48188006457318 -6.60038377249327 7.87880789203074 -2.39849692959092 -1.5618229504393 0.13284098496393 -8.04240259665796
56315.852737 0.306088713286008 0.616615086654098 1.573208 7.555064764 0.15685198872317 0.12984352217379 -2.17867987924861 -0.81215558725568 1.50107515276597 -3.53325087630863 1.73001491920164 -2.01335718284393 1.01323887423464 1.95773966430612 -0.0254198589030801 -3.51974331618484 2.51226865081295 -1.52120223668088 -2.17787037854082 2.09727379165659 2.74948728605531
56318.766689 1.98698017527549 0.573853728499705 2.433286 7.555029509 0.155254652727579 -1.73750942248636 -2.81770306747706 -4.86270681391676 -2.63351177250374 -1.76145597543871 -0.62317434813898 -8.59256149275656 9.75978128218161 -0.75380355850788 -4.73788771126775 0.21481704427155 0.17507409730243 -2.40800947306381 -9.24051456021974 9.95611266895122 4.56079493484061
56321.837394 -0.547761921066589 0.554887396373802 3.091095 7.558360415 0.156474354160796 -1.05747894256076 -0.831603252091041 -0.445902426366205 -1.20725520040929 -0.348671998420302 -0.293742140487111 -3.5182911256694 8.01485913362645 -4.70875041582796 -0.345695880482027 -2.36588837620283 4.65437618899083 -2.5771242025958 -4.21747510730103 10.5885485234751 -8.02436718637426
56325.857311 -0.471236698465211 0.629666359201532 0.731387 7.556479872 0.158231384831127 -0.970218729281588 -1.96346077182844 0.61935981983697 0.874809051461875 -3.04874192496611 1.54272955374499 -0.352278692271654 0.695778584359859 -3.38033035598784 2.08242908761544 -4.93975508580099 6.21755529780845 -4.92543844220325 0.16984079578658 4.74936810333442 -4.99997744856408
56328.882926 -1.56203255094271 0.91146788028013 0.283489 7.559402462 0.151486284397681 -0.408609823882353 2.05628984331467 -4.56123683878771 3.64534860427997 -0.1364326138821 2.23638246623318 -7.11471943468387 3.72439101023105 8.79163922940633 0.572871179904171 0.136852973018393 1.08834423061368 0.011322580599698 -6.2224395198555 5.37012601012322 -8.31306596639832
56331.852675 0.318058784946001 0.723569759541268 1.657601 7.554014833 0.15381724117246 -1.14973846794085 -3.67829381475422 -2.34059185165371 1.39910626693652 -5.88142522293448 3.25931120750954 -7.10324011385395 7.90126494624953 -1.46105127276689 -5.37309977973598 -3.90026467231885 3.21227607496104 1.37089645297134 -7.29899469636235 4.83993808706457 3.5335665398425
56335.770424 0.608101490345084 0.545425743505205 -1.64895 7.555529044 0.154764031219882 -0.318144870147354 -3.83985679730247 -1.86467183494675 4.5087196730097 -5.16000097247643 0.259873449423296 -2.1427142673717 0.40495716534418 3.50294165377471 0.62566538620389 -5.13382276935921 4.13342571958266 -5.95914237874523 0.25785708850761 -1.9929555648618 8.07271158818461
56353.804954 4.86702636843791 0.743250825401218 3.688311 7.556451922 0.150879404886898 -1.57434827688725 -1.69856633079647 -1.72475130284977 2.94554381189224 -4.29100003675235 3.22388051838604 -2.91691685941836 -0.41257860652961 1.94676079484538 -2.56419564497601 -3.1377419834131 4.13065902232373 -1.22502348977527 -0.88622128578118 -0.314640421214411 -6.63514721051191
56355.71644 3.00729990668013 1.39554099886055 4.612625 7.552957261 0.16328520045458 -1.75823834830603 -3.6885724052756 -1.8483580185754 -0.82782002626081 -5.16168037988137 3.04238692737845 -7.83359604436622 11.3822652140203 -18.6428388363961 6.3410763012727 -10.7579049802287 9.85410135004853 -1.59769623959877 -9.3358698660147 7.77328458498293 7.19008571668929
56357.72113 -0.686378462249647 0.595799956009673 3.369208 7.554161319 0.153349785136867 -1.55756815322636 -0.32179664827838 -3.72782820632285 -0.042305473528253 -0.207081453720999 -0.18891374361745 -2.13368384580017 -3.75950784340801 0.361492872339812 0.079307858981968 -0.348082140270287 0.419549679992263 -0.936081725074166 -1.70173037505224 -2.22384893784845 -2.69621671324356
56361.804872 4.55103794929449 0.795692105634267 7.053097 7.558317095 0.157724495762769 -2.45395487233807 1.00961970855788 -0.69759468685617 1.9980338190949 -0.459155136692019 1.68607712553422 1.00797302757768 -6.08148636546263 0.1514521407371 1.30367060873818 0.74725512434777 -0.84457829517148 0.57075168383896 3.10110700810148 -8.63490765229463 2.68305557220251
56364.706437 -2.00652883706726 0.544182764434355 1.354369 7.553930087 0.155777479502128 -0.542193090796505 -0.7421415023323 -1.1393450107563 -5.92719064016276 1.04896771854348 -0.35985885362367 0.33284227280589 -3.30434880654499 -7.02617923799165 -3.13195441005527 1.01256922884261 2.46605088606732 -3.28696545508602 1.50381813881692 -1.04004630189264 -4.96767004830955
56366.726499 -2.33061064307098 0.523479444704538 2.339381 7.553382386 0.156447077272578 -0.89203171143424 -1.08279470395853 -3.21916434901112 0.3653710987141 -2.12581250157516 1.75769836117265 -2.90389499490317 -2.93538170500149 0.773353958183332 -1.28570031966512 -1.01175789532736 1.13612457766312 -0.87648580084264 -0.97492739421939 -0.89062666542234 -10.0418311567577
56367.663385 -2.51768727706441 0.494675788902877 2.944552 7.557190459 0.154749269672368 -1.26242955163969 1.44196805518186 -3.78493894856558 -4.1256243224819 1.63855767606509 1.70591896242709 -3.7561427856516 -1.99672776005333 0.204291095336826 -4.48731772035379 1.44334806858148 2.72980539214523 0.678589758793593 -3.90781686101746 -1.39134649736401 -3.17587771287674
56368.678199 -3.47897618925975 0.619114461886086 2.556809 7.558925989 0.15489257153625 -2.30280446569916 -3.32724668882355 1.70679791318557 1.15175083333745 -4.06886180883355 0.77211787831384 -2.57269843469507 9.79615287295756 0.459407692886867 -1.74350051624309 -2.14804977568755 0.41185859881799 -1.91393319090203 -0.26369836833814 4.00879975270183 6.32086470538564
56369.724574 -0.313522882427997 0.526528846786754 4.003499 7.556871016 0.155187334371624 -1.31566316161143 -2.71009505341656 0.821013737176055 -4.81531604077967 -0.0815426370547518 -2.49053088767999 0.271812679054 4.24829413376664 -9.32470240290935 -1.32975358505556 1.8097192613 -5.4525254117361 2.12238309337708 -1.0668448567801 5.73188308463981 -2.76122672773092
56373.639807 1.84272801165672 0.635410931449358 3.074688 7.559568944 0.156998447272975 -1.35125112515337 -3.33947622061334 1.52413928419766 -0.51333673253632 -4.70264954280398 2.76237979381166 -2.27042239317389 6.35286906947174 6.25502254940385 -3.72347279963818 -4.97467694495825 3.16644697765753 1.58521151020419 -2.44660226834897 6.2718791000831 -7.06361028696089
56385.596757 1.06229566985813 0.566850957755922 0.349285 7.557264955 0.154972643830944 -0.555687701949558 -0.16084265583366 0.00731146286846984 2.42179471638717 -0.81868492860417 -0.0152340611576098 -1.0948393540179 2.75093611459368 -0.887716531426444 2.13093007416553 -0.82368719489383 -0.630617719848761 0.508901746007461 -1.40007687456697 4.96299066389452 -7.10432922652393
56387.629175 -0.711809355450526 0.651922092631618 2.215568 7.557187272 0.156422010948963 -1.3551804100658 0.80533506071858 -3.45741305537652 -0.0396219711301019 3.56729847510473 -4.99231956680249 -1.74471489106665 1.3077065462254 5.59284220796757 -2.69702602438015 3.60316867593094 1.08231105327124 -8.01453996111238 0.31420637134324 2.642040381653 -2.12996706762517
56390.579617 2.02807631928696 0.784286930322109 2.09623 7.552893716 0.15677342728789 -1.28678030428186 0.61175491282463 -1.31121154904097 5.6938389537408 -0.95341302987807 -0.0443064488125002 -1.65364231063415 0.900119907838562 2.75294956763737 4.58906288707195 -1.45735902612758 1.82948988149362 -4.63058613773133 0.417430673005055 5.0934808184712 -10.9113214970607
56393.665949 3.84082981003497 0.800731773735341 2.994359 7.561712025 0.157357879276597 -0.120762328716024 3.45404681444064 -2.60286081530924 4.49525866331247 0.86612760675149 2.47523019087306 -3.64018990999758 -0.1107517418872 15.1986648932486 -3.13208221038487 1.30968636350168 5.03947451809518 -3.97061851275701 -4.15455203679291 8.9934802739473 -12.2238519344164
56395.593605 -1.5684622404294 0.695897270058005 1.451875 7.560247396 0.156612887855823 -1.11311862461476 0.0999311853903599 -2.09374395378157 -1.80594718841434 0.39973729452277 0.29508258114424 -2.85157095547272 1.51656616149358 2.56922728637816 -3.40975271007568 -0.0450808836106398 4.58235923277596 -4.50026425118396 -1.6692031886524 6.16672171014393 -12.2440216899219
56396.640849 1.19888782553553 0.626601944983505 2.704187 7.556835443 0.157050947702478 -2.67358941713808 -1.01572479873736 -0.087730326308343 -0.15583273588578 -1.57959542447449 1.11661220040027 2.25934091830381 -7.20080952267174 -0.1078954856361 1.0484286897493 -3.20200228122296 4.70937521503488 -4.05819727687479 2.51706380122829 2.72045972969773 -17.189255674501
56400.559116 3.33764368691224 0.505176900525222 1.514223 7.558707259 0.15656991309096 -0.788724190312441 0.45025647312041 -4.64134586117151 -3.96587302932722 1.42672570779845 0.19786681817722 -3.72077961645456 -2.54158668025617 -2.52901094800112 -3.03596033331588 3.14667446910438 -0.8371868339685 -1.19478724852597 -2.39677164990992 -1.17676444866978 -3.82603009825642
56401.532479 3.64972685845881 0.625546851324608 -0.62675 7.559938153 0.157216081086416 -0.486930900563431 -0.58570119180128 -2.28738840116682 0.15004604691467 1.58017612946171 -3.9683795911949 0.56318519117562 -2.63342530437374 7.49204693452167 -5.29080472095663 1.92181037916957 1.25702057846375 -4.78350503208465 2.6731925436542 -3.80708132826538 -2.1873711252553
56402.56981 -0.560703685747018 0.675647865946087 -1.84613 7.554834125 0.155834987843528 -0.764550432770448 -1.65534101801023 -1.68027658021696 -5.87259238792913 -0.373566232228647 0.64756657082377 -1.86395486181553 -0.27066760243442 -1.04678069574582 -2.66079806530212 -0.608634858530652 2.81050019194033 -4.28650355158011 0.0220895896810198 2.77593834480875 -7.12181262295527
56403.552048 0.0309914928058858 0.635015029940208 0.976664 7.55377878 0.156225440634158 -0.586004361237398 0.548334214151876 2.10202711733706 4.99338600215365 -0.378665283366176 -0.825865838124855 1.37397021844593 2.71452442507697 0.47914395723404 5.41058476923024 -1.6774397373284 -0.139967892826093 -0.776406569292537 1.60759362834278 6.86286700738333 -13.8427222947638
56451.541463 3.36649139366821 0.623911658210756 1.666824 7.559593935 0.157343534364254 -2.90439428259891 -5.4232241467606 -0.24474263755399 2.13273905758454 -3.72594571935958 -4.10748812878754 5.0614162944481 -8.61455823840929 -1.6571707668691 2.02471667503067 -3.40378755652404 -3.66657696563952 -0.912128949338138 4.70242400421831 -3.02165409687866 -9.95311741016289
56454.468651 0.898839944580916 0.515492670484148 1.897951 7.55495797 0.15786204502738 -0.471435598962855 -2.05676118491328 -2.46651286987212 -1.6574964417799 -1.43368917858394 -0.341457909278961 -1.13005067815072 -3.0020486747807 -1.38886519721364 -3.69010805422213 0.438323265366199 -0.321092899339811 -1.1985133342848 -1.09696465458964 2.94622680531612 -12.2992024279433
56456.520155 3.39232261882741 0.727794506693336 1.473389 7.555624582 0.156913130720818 -0.739555766293309 -2.7418835444819 0.46599392954546 -4.17943995641294 0.62733687137753 -4.13247928939801 2.55729419267229 -0.44029918156064 0.26112110977536 -4.953315802257 2.67367772537978 -2.48099203315664 -4.14299054562095 4.68472397504359 1.44399325235028 -8.40606359154061
56467.478298 3.75776628112902 1.12346698000334 0.710748 7.560826271 0.156938875075419 0.167057271247137 -4.41041817270128 -0.03034436542832 -0.95738125064082 -7.30490566321887 5.71533823839282 0.296224234357729 -6.87162654636071 -5.00715778249624 -2.08717869145818 -8.90185005521198 8.02968103333881 1.74144222282646 -0.4867941806229 -6.1303519925437 -0.584705771026002
56474.469757 -0.536849506196893 0.699290795505209 -0.31493 7.561214014 0.157883354180282 -0.915073340563457 0.372634194255751 -0.447637401155134 5.04710067688653 -2.17666941776562 2.0965844578297 0.648947284427987 -5.03398717222461 5.72835370537752 5.29064362480472 -2.30319314465399 -3.40478709934645 5.02313080421725 0.24651375782809 -2.17005202346036 -9.83683957986217
56475.481723 -3.58087985202427 0.708283259092162 1.66981 7.561228409 0.156925728008706 0.0892217109746923 -0.4561939335464 -2.87080518488932 -1.79594032278245 1.48572147388729 -2.64846020806035 1.45485780040577 -7.75563745088242 -1.96996271195417 -0.90580181535417 1.46911414145248 0.0586802305490999 -3.66167068080353 1.73548555926138 -0.21087735655814 -12.5460908073682
56480.459321 5.88994743020509 0.972755124273184 2.261454 7.564782702 0.157385597343546 2.03570479538583 -0.85304771568785 -2.64187659913962 0.55867912528154 -1.20543728172164 0.37201697132709 0.34491468651857 -7.59916075003562 -0.95473469699792 0.210191507129119 -2.02180583591292 2.04663231324858 -0.56340422526097 -0.61588222114279 -6.21224043163278 4.83874516240763
