Time RV eRV Halpha NaD1 NaD2 BIS FWHM S-index C3AP2-1 3AP2-1 3AP3-2 6AP2-1 6AP3-2 6AP4-3 6AP5-4 6AP6-5 9AP2-1 9AP3-2 9AP4-3 9AP5-4 9AP6-5 9AP7-6 9AP8-7 9AP9-8
53017.837315 3.42514382806799 0.667604821511656 0.993455229206221 0.622136350464418 0.427873689968088 -40.49479 6.621614032 0.165705289853876 -1.51171143960251 -2.6896981925391 1.13414394639803 4.55999524683251 -3.41824567963602 -1.26030790462213 -1.92068528042659 8.59412840761813 2.7331770411565 0.55695225975103 -2.62500346064857 -0.24039136660774 -1.83511871636691 0.016269212338938 1.99637503574965 7.02788120424052
53053.754399 0.541620324539395 0.873733051678127 0.997941212989375 0.622880175437791 0.426498778514039 -41.1971 6.62405156 0.169042443699011 -1.77213377200644 -1.10265855832661 1.25539208103736 1.80017555286755 -0.05701829125712 -3.07288683814859 3.74886291959256 -2.24967454856716 1.91395420604709 -0.780537429659149 1.81899687020762 -4.49582438292829 0.22447042437515 1.56650087909062 4.55417456750129 -6.31289296185454
53759.748807 1.6371204664318 0.357583767237215 0.99692648758764 0.62166964165752 0.42437081335753 -40.03198 6.627123433 0.174106431420199 1.69538923193719 1.54799607942785 -0.0683094457459799 -3.51714699939895 2.33952517100918 0.56878750997733 0.07686127214635 -1.041470474891 0.54091375175931 -1.97818128580272 2.29913307342691 0.2282940049794 0.00730621773096019 0.12567875094157 -1.52834247085773 2.78017300702879
54194.648354 -0.921626014181666 0.417628596667923 0.997539931397672 0.628921629429134 0.43057295318612 -41.95083 6.628181712 0.170643945589101 0.724417297790485 -0.48213884956708 3.12475504550528 0.347203762928707 -0.770861244751537 0.37586416592403 3.70271223841268 -1.83041831290151 -6.47001781765652 3.18932339702641 -2.16448826688359 2.42303626047016 -1.54293065739427 3.87724541946986 -0.42257269967767 -2.11756479319913
54521.702754 1.72729572244492 0.424449754506583 1.00474074846597 0.625971151796434 0.425318914109452 -41.34701 6.630487534 0.170230755719968 0.232132843203531 0.94918358465384 1.13395069890253 2.00038470400754 0.83967635735843 -1.01101445833761 3.8683171901465 -5.41933381571513 1.01967116631613 0.918284366934731 1.12819538993429 -2.6419584983612 2.78135207337614 2.24497620523976 -2.71200448890971 -3.42761182965113
54522.765694 1.03357753150721 0.465520460999195 1.00493167723523 0.628740018946856 0.422038989113851 -40.93086 6.631867434 0.169775826567268 -0.483075452140673 -1.64570263108987 0.491623579932656 -1.87432408021588 -1.13539190534608 0.044395995233237 0.939138477997075 -1.11031267732954 4.09576076019277 -2.51126095452317 -0.28622196978209 -1.81079909930228 1.35508450892126 -0.572829952735897 3.76145410332765 -6.24950708999154
54522.771168 2.19689939371804 0.472906316009607 1.00550020551113 0.627687320716944 0.419703392564289 -42.12863 6.631828142 0.16883981752511 1.42786259756722 1.30339135363609 -3.6058648417972 -1.73287939670059 2.11916486062906 -0.6595738372559 -2.88301524631739 -0.925310705662188 -3.44155843248641 0.22550708527273 1.76085919775194 -0.0250070858238898 -0.3564384818789 -3.60238920310332 0.123166488546515 0.973811939007862
54523.753514 1.95470397216664 0.646817605574502 1.00309959493777 0.629312509386989 0.423526761168874 -39.86059 6.632017867 0.170203796728617 -0.745303958714134 -0.37290205605849 -1.41085063379132 0.6138434921201 -0.66476647059281 0.2392538083291 -0.0864356915069 -3.35073560009117 6.43864996962663 -3.04385236436012 0.0208157918776599 1.09179868948303 -1.47935618054328 0.000716261687849995 -1.0128733828563 -1.29203766640344
54524.73322 -0.0296506337972441 0.331859618636458 1.00639916634264 0.629260086724475 0.420167492532425 -42.03689 6.630568574 0.169557788960301 -0.126779414433652 0.271123945950149 -2.22351099064675 0.229849819829603 0.034095503423406 0.359815447236345 -3.55017787570181 2.81903986982691 -1.65656453739255 0.977372925229573 0.218763190971771 -0.100199305874302 -0.473118567447107 -4.03164378500243 5.79490085024896 -4.29020524088604
54525.762312 -1.24014742286318 0.47445386705436 1.00865607517453 0.632118716605706 0.412817737786726 -41.40187 6.629546718 0.169437654736587 0.333860196470581 0.536659395676087 -0.629685850115927 2.33627628371441 -1.50786106049114 2.82741007216018 -0.822260511232573 -3.01044783970619 1.75065465657717 0.04409951168505 -1.13749344187854 1.83799473091623 0.967890950576722 -1.88458390659128 1.5177131251728 -4.95641146283926
54526.689491 -5.02322139912059 0.326769711760278 1.00122389465709 0.624899445664453 0.417329044112098 -41.77755 6.627944049 0.169929910643376 -0.0276358173850605 2.01077585762904 2.66331666862384 2.49743092426597 1.31742414188866 -0.1278361225422 2.35911162058603 0.91876090689585 2.62713025299334 1.06947181818072 0.160011092801319 1.43532927434514 0.46944474019612 0.22971788248357 3.11714081466116 -0.51312744157876
54527.725339 -4.61862512625678 0.296332895514299 1.01040033883348 0.632726535417292 0.41436497352874 -42.53352 6.629051047 0.169982358161269 1.0620521273352 0.20836503172353 -0.70547434117101 -1.74921882762711 0.87746055558819 -0.3056929320172 -0.46715948491919 -0.16907563537139 0.36892900908461 -1.62327694749121 0.99124517757415 -0.46662130725177 0.85064103229314 -1.66053851292208 3.56113843395746 -7.73752165365689
54528.67799 -2.62163005523088 0.347947196372486 1.00604621489954 0.629093852656953 0.420358749590299 -40.54194 6.629974696 0.169837193358292 0.293616648779757 0.72998713828328 -1.0887535319061 0.80647538072946 -0.36269515562254 1.82551659126045 -1.10539154642553 -2.37771972558035 -3.86691325193602 1.27658882207972 -0.43427913165663 0.46857471010012 2.80045885042079 -2.57829826572946 -1.01731338528661 -1.06557337325426
54529.682088 -4.64287760309094 0.321645205022143 1.00664025648747 0.629281621550765 0.418267975565746 -41.16783 6.629681938 0.169435263855587 0.569675125369878 1.77375273311521 -0.11152793063919 4.13615161543531 0.71729363460594 -0.40622935681044 0.30163975939698 -0.47220686837379 0.62634977990764 3.14322463262368 1.04591260369058 -3.4198940147824 3.93497766487327 -1.80207362880402 3.25285422595068 -7.87693116843333
54530.726462 -3.52155815679735 0.302051663521605 1.00969289731752 0.633932723164032 0.412728614387602 -40.96364 6.631173724 0.169963597548425 1.71714891603862 0.56775418507012 0.18393051460704 0.64158350437409 -0.26399451248678 1.4201826245 -0.14729494681241 -1.125874634844 3.7934589275926 -0.47114522343044 -0.42347929747939 0.34685764119967 1.75872676559498 -0.38411571431077 -0.2675497797953 -4.30017062323252
54547.681794 -0.0185660729105278 0.325455718783725 1.00195134410756 0.632625649168106 0.423130311045027 -42.0984 6.630821234 0.169958878451758 -0.0329888426353186 -1.10938344163053 -1.35903468687051 2.04520496132485 -1.47162906608045 -0.540739428757229 -0.932458562738605 -0.33893819444425 1.54417392993025 -0.535313933701451 -0.88873958875352 -2.15604292760597 3.7775203592116 -2.37827125471543 -1.04137986390948 -1.55226285387235
54549.642818 3.06695738839975 0.691624925447248 0.997998242336445 0.628639344109369 0.419375303755939 -45.54904 6.63139135 0.169996603824218 1.61878049898511 2.72053463533477 0.00462737636996025 3.39310576110449 0.86513490437916 1.76671897844102 -1.25598097464594 0.93401349365711 1.65544243749883 -0.28342532499406 1.63992076027117 1.3629161280933 0.434064722346021 0.34281729447043 -2.72438078322415 1.58650976672413
54551.698996 -0.507283922190369 0.368393049572136 1.0005471462502 0.634498931264429 0.424790751871661 -41.88681 6.630374501 0.169500851170817 0.0178078488953381 -0.573013376406099 -1.16445240212119 0.723463846167731 -1.02642398770333 0.49715685411706 -1.46222409562319 0.10579330445962 0.00133071157041897 0.94662746216317 -1.07874717593319 0.54113645790941 -0.928857548390037 -0.72192316736646 -1.60442103195028 4.72162523054406
54552.65003 2.27259637440003 0.576876234469096 0.997766977604158 0.629799038176769 0.429519862899616 -41.85133 6.632826843 0.169289911371565 0.308466304007909 2.50192592830185 -0.13164452258067 3.54591052830382 2.0219096866614 -0.85786001796412 -1.89371278071648 5.2349504697185 7.26290822606724 -0.59905271191407 2.40399263797637 0.10441683644339 -1.59123941278451 -2.41730062161158 5.89903861192216 1.37010918833792
54553.643736 0.779707958455248 0.366748841695285 0.99785627966948 0.631184535642387 0.42732298546767 -41.19683 6.630961474 0.16901482830671 -1.04826044843771 -1.11446384638265 1.10011806360064 -2.41016137833447 -0.638907563815455 0.476975568850224 0.276337946790063 1.48327899519151 0.21610473209294 -1.78261478738402 -1.14338254389017 1.99213088643063 -1.22922104268251 0.893645180264753 0.159607789920053 1.28294351925619
54554.696941 1.59537162877607 0.311453163665061 0.995145000406484 0.625880179932929 0.429389419003499 -41.1596 6.630586385 0.170332376872782 1.29292309130836 0.55429603078115 -1.80360720877508 0.2458704741228 -0.55234567166986 2.14588432360804 -3.33432373063165 1.11011487319127 0.11180693784599 -0.0925438960224598 -0.16521901507576 0.9681578592431 0.53219230615332 -3.36290514302461 1.05588244351154 1.92616376162066
54555.679464 2.08833555367091 0.352292690685233 0.996491048722266 0.626579802061058 0.429384546609927 -40.16743 6.630562513 0.16928497785966 1.41133692711276 0.99065419546316 0.39697343925355 1.10641431865704 0.27513483457309 0.78102502253684 -0.59714065318225 1.53669441700474 1.85973764351158 0.0886783424855599 0.22010367955583 0.61635090459143 0.29354287584864 -1.08707407950072 1.50056934711274 1.91656648556843
54556.61348 5.19452929824227 0.444258795028104 0.99372251400008 0.625997553563605 0.430212571649484 -41.48943 6.625065462 0.170888153129144 -0.189383486016031 -2.54749812190363 -0.45319752676835 -0.90358825544157 -4.107636379011 3.69667020152859 -1.1756639712652 -2.87514367813722 0.41940726081862 -0.79335585717101 -4.1618882049938 3.31245063067765 -0.3641765481907 1.42614754895227 -6.83570277951939 3.09477472593423
54557.618315 3.61693484404815 0.470990453703422 0.996664417098885 0.627636738464435 0.428297314767702 -40.79246 6.630203654 0.17033812732169 0.503789702199778 -0.62970694396759 1.57083118830994 1.93754864803771 0.67886027738653 -3.99154536953413 4.24463513827537 -1.34728798339921 0.13913067788892 2.00998077771922 0.0361274330297503 -2.69770798505902 -0.14106907154867 3.00502306039608 0.42784846171376 -2.65609854646733
54562.585063 1.4821091403028 0.317058855054903 1.00312110369744 0.630476707671168 0.427196192616294 -40.93289 6.628788712 0.170540865002962 0.532070283650123 0.72535207354209 0.56542380435251 -0.759348402290175 1.08566525801004 -0.27558027642 1.56788969644351 -2.02439407441034 -1.6494057869309 -0.873368646134308 1.47373824277064 -1.09818249295859 2.08067161202837 0.21646596012748 -0.48180307371233 -2.45816558187678
54563.57621 1.47070297064317 0.320165523437488 0.998615146111135 0.634937139028567 0.423124706897011 -39.21133 6.628772838 0.170391554491553 0.781903048301872 0.15450753338116 0.88880165268801 0.502961212832913 0.18278834768616 -0.4385220144949 2.18172942932165 -2.47157117752639 -2.57106960939166 1.95933738385714 -0.36321766981565 -0.751307462473067 1.16924462423439 0.13497275264515 2.11884436491712 -4.27248948525426
54566.549979 3.12656436529756 0.534972949791577 0.996714484047879 0.631958526132207 0.429021270156526 -39.40051 6.630032527 0.17053059221061 0.123129222941033 0.474519349984 -0.33475731988774 0.74567945235876 0.0787959471217898 0.35472424078861 -0.22571817964118 -0.68731710958965 4.05067963081277 -0.11736109226772 0.16436305766543 -1.15793443807889 1.69095304640597 -2.30866743831428 0.9978879849131 3.89591146415508
54566.554886 3.62013396483823 0.5459105395033 0.996066785350096 0.630154917547631 0.428477255473153 -40.48382 6.630266426 0.169794807956916 -0.17726633036917 -0.51014125260816 0.58889791816339 -2.25292273383112 0.27546638482313 -0.25017768855314 0.60324530977601 0.26714005546358 1.80867384095563 -2.89448708972622 1.05313014121938 -1.75963384734431 2.17915622353737 0.168290790090659 -1.56555632697604 2.29309824351548
54568.553326 2.98779931849446 0.499398106171675 0.997510290907397 0.628147710513244 0.42964307040905 -41.25638 6.629923691 0.169729363870898 0.991448675199191 0.27562158204269 -0.18451464917237 -0.21469890474233 -0.22165497488562 1.14689962106259 0.99339625494156 -4.08695086541166 2.29282043757077 -0.93966600433669 0.16226150716055 1.94526785479948 -3.03190610007677 1.87888287259658 -2.09528094322542 1.97981889496472
54568.558186 2.51417268602196 0.520140309642453 0.99511465013302 0.628176306239785 0.430108682045046 -39.63006 6.62824563 0.170026473885487 0.891078798647052 -0.52236854399978 -0.0605632148841599 0.22847433501891 -0.13958069559178 -0.9170708730335 -0.12231533735467 1.23527789746556 -0.19463461446711 -0.23511330564046 0.29314853972956 -0.2596092247593 -1.65504214709313 0.0414084305652 3.0788822254001 -2.45691310088203
54570.582546 5.03848726311943 0.550796427864813 0.999050642579029 0.634705332869517 0.427301672392123 -37.1025 6.629008104 0.16962206568024 1.10657824215143 -1.41313662741607 3.11319254510954 2.63044385765491 -1.77897826022033 -0.83189296916774 3.67339155266472 -0.31977021218891 2.28874086588762 1.553398862145 -3.03234606718502 2.05645907460468 -2.27043557008332 3.32484851373849 1.52813374901974 -1.20523215821712
54570.587454 3.49685395955705 0.572609194292999 0.996041492196582 0.634483697284965 0.426793492270506 -42.40018 6.631188082 0.169524304384703 -0.162967149551361 -0.87249796900639 0.34028646578972 0.64297306581142 -1.78749999029775 1.48370265817892 0.24015658979792 -1.53044664042417 3.50569280420745 0.80513451760206 -2.49034173180437 1.36086496578896 -0.18954567940562 -0.24965687705109 1.90944442413461 -4.15001604805871
54588.533738 -1.49715497003521 0.401439716964947 0.994929802660342 0.630509363318333 0.427978375091631 -40.59507 6.633737109 0.169249093267551 0.0483985346391835 -0.12895580604557 0.655585417272887 -0.25074995536153 0.28206854044606 -0.71925850069038 0.80764021213179 0.56419689973322 0.221134412611736 -1.3795872123541 0.58751333359409 0.16363552868895 -0.56839857870824 0.3265394100159 2.34172030112527 -2.76305228929168
54590.485457 -1.4398058538396 0.426729358100738 0.995621070213999 0.62724470094814 0.43076308699022 -38.91296 6.63449099 0.170279618577878 -0.0999120088931228 -0.73403522521388 1.41662329972693 -1.34985441625759 -1.01475172516068 1.46477060312612 0.175843585437359 1.1176166479785 -3.74378014846275 -0.38687502577116 -1.01481140412736 0.24442816158296 2.86568632612792 -1.9823837672589 1.82493039197806 1.75527352901679
54593.501423 -7.7866793064075 0.345021857656148 0.994007669709087 0.627699177285773 0.431606863506845 -38.87987 6.630035546 0.170878120884563 0.445520014357087 1.9964695606891 3.37193143304626 2.60530005928377 -1.04189428149243 4.96981874726696 -1.2166844332981 4.48522118257478 1.06876368017939 0.053454530830459 -1.07374674663795 4.30408820960921 1.39033930028937 -2.88374128632898 6.68110938930783 0.143321981508789
54610.633226 3.98766333713631 0.630242102518039 0.993708156769829 0.633170394551283 0.428544679466365 -41.1021 6.642591789 0.169840007517243 0.0702328773664394 0.1404463911428 -0.427026898953001 2.67622403535109 -1.90435677747383 2.53459248285565 -2.27169993418303 1.41730061484789 2.47160624211874 1.01439136993862 -1.67594623178377 1.85552950246802 -0.42794253011385 -1.11227641676377 0.10319828446732 1.28038725936406
54610.63818 3.92104422682844 0.608714198693625 0.995623598819746 0.633164176262906 0.428100521485812 -39.53846 6.635935659 0.169494508687874 -0.177249674732242 -1.61584596749066 -1.13658114833166 -3.97210470845502 -1.93454547982082 2.78989564652218 -3.40739738865025 2.09536931324498 -3.51882929928682 -1.37573874824948 -0.92164417082494 0.29869459372402 0.57477356595831 -4.25924514076004 6.6515416384362 -5.06790957151943
54617.556982 3.80873212425172 0.732398942267443 0.993779778233492 0.63266138737417 0.427170384909065 -39.51827 6.629899482 0.171213049843072 0.516900812038243 2.85428237922335 4.0964777937116 -5.70237233146548 3.07783667583923 2.6294757904141 4.97018011793896 -5.07515314306597 -6.79427260600149 1.71107598231113 2.29767688804296 2.71892570643455 -3.51362462865639 5.90217622994937 -4.08032157242557 9.16857881048861
54641.494105 -1.20667911167085 0.367352953973346 0.995620917201703 0.632224768867153 0.427565814577374 -40.12156 6.634497743 0.17064136981779 -0.489724791554699 -1.48732384395512 2.00153066641165 0.981146751967688 -2.65929294078574 1.92634722538898 1.00774815569491 -0.143124235044454 2.486837489165 -1.0575820484855 -2.77723646697249 3.65222186130198 -2.45657285349893 1.36432452465817 1.48147822616068 0.739460463053972
54644.487487 -0.605505403493281 0.455898124160227 0.994432991745798 0.630565719362147 0.427297854759885 -40.65426 6.637577453 0.169188999040134 0.0720630520595576 -2.04016080662354 3.98113455361575 -1.563474385514 -3.04354665001561 3.06257321813257 1.99777740607782 0.91309840255597 -2.93565074133117 -0.056714869442499 -3.41114568609448 4.0943920026211 -2.3418566658877 3.1328187493102 2.18673593598745 -1.50943662724016
54647.517236 0.035690973825107 0.415501227889792 0.995546452566018 0.628772555725299 0.430144449618303 -41.65618 6.632875916 0.170364028361405 0.0287418229952728 -1.29162129044879 -0.03835449914734 -0.708075196653057 -0.228924294906429 -1.78213857493858 0.826847895710516 0.146627070316541 0.604039463562593 0.263394857330844 -0.885098117078714 0.603086632856883 -3.28801031968845 0.88080403638142 2.40258225650468 -0.613226675496316
54851.834107 1.38340281580396 0.341838940339466 0.997670849198106 0.61841885170622 0.417330490321644 -41.50923 6.633224325 0.170493127229269 0.45020911760902 0.1915399580845 1.37549621355801 0.00935537350685012 0.17646760986839 0.0228000218948901 1.40518190573902 -0.13061656666804 -0.11202321791405 -0.53117763287057 0.94549144731616 0.0557326771323299 -1.48020375496311 2.32136906289404 0.90126175684103 -2.61531273592503
54880.745183 -4.46075697238706 0.357928280383388 1.00897977539795 0.625747726778978 0.417112742224705 -43.09777 6.632318325 0.171575566322745 1.10067154574864 -0.0872700989792596 3.60725706630873 -0.8814385268378 0.82499379247632 -1.16236458995555 5.15457616226516 -3.13209823037691 -0.98120951083653 0.87875805962096 -0.29290259373656 -0.94314448727619 1.52089041558655 3.5922342649806 -0.980751765349083 -1.95940492579444
54881.703128 -3.14705819680478 0.558017158511211 1.00828581740605 0.627092054416289 0.413381709643948 -42.94942 6.632438248 0.171889067815488 0.704751364334 2.4140549541599 -2.67388520472989 3.44582955776487 2.2915056821291 -1.76835954663099 -2.97327922945051 2.97378606129723 3.23426949040071 0.3296932418059 2.63052948474755 -2.73052965514655 2.80526594427944 -5.48149843677552 2.88435893321855 3.03087490523244
54881.707005 -3.86980107932596 0.540962564203449 1.00659189629577 0.628536459845916 0.413755667699795 -42.88347 6.633863374 0.17068145521697 0.65225054367474 0.65225054367474 -1.01479349586756 -0.78306471595634 0.156841431650999 1.40282381754377 -3.27017462448044 4.19920317139854 -0.74516316368432 0.37495729802684 -0.27679446440467 0.59328413000619 1.40424054967822 -4.58085457747876 3.72141215108488 3.87544609499245
54881.710813 -3.23788948785745 0.554044621919017 1.00628032353526 0.629098760883336 0.410799445787205 -42.95304 6.636355074 0.169966033209218 1.65804146374146 2.12226100808457 3.46369137184458 1.75975776153595 1.69712262525119 -0.20208314358014 3.46339749650519 0.25471978429992 -1.27263853945943 1.16199239728349 1.99064284480906 -1.6907966138776 2.49474706383344 0.71895075903664 1.53199732214566 5.68910670172245
54883.711204 -2.07288771197252 0.587143991262144 1.00210625366019 0.626056690726512 0.422854385944696 -41.77454 6.634437911 0.170215423105879 1.13993610784996 0.63441674441586 0.13559307124559 4.3360612924754 -0.42668462580157 -0.44252563321365 -0.86750834289673 3.1817776185442 -1.90541410065108 5.67616516193645 -1.83055696445991 1.06571564631486 -2.1521257671843 -0.47163500314178 2.22239182118679 3.48078567707951
54883.714815 0.768408064148243 0.638391535550844 1.00040650937119 0.625098869504691 0.419583472519435 -39.47723 6.634735402 0.170514268279388 4.66687276517689 4.66687276517689 -0.60233892111074 -3.39282175040696 4.78715272146721 1.68775799343267 -0.5689093635114 -2.15019558755905 4.08238780278918 -3.97652285153213 5.39251717502091 -1.13221064697942 4.12653519937132 -2.60377461678927 0.57074943705999 -3.65799553944697
54883.718461 -0.807343269806119 0.619609386611283 1.00118556113401 0.625119657426976 0.42217640732276 -41.6328 6.631665136 0.170479085416192 1.0817980023699 -1.26821405865206 -2.82147272249082 -0.618092815615856 -0.596743899699847 -0.938754462200201 -1.02718277295865 -3.46075880236967 2.96402342956422 -2.12140835752919 -1.20712786560258 4.6076143595967 -7.22662963340519 0.85631476174641 0.12878159527715 -3.18567834694751
54886.743951 -2.54195018224555 0.510379794701342 0.993823219071163 0.623705361545973 0.426444031623314 -39.63318 6.632884085 0.170301222306373 0.863946120637456 1.37266987348649 0.0514517678147601 -0.21729969832585 3.06769740046004 -3.06550796396024 2.37703557014974 -2.40245893346283 -1.3159262608431 -0.0504597887544698 3.35643330566192 -2.02395695730974 -1.32097149439443 1.23994615355951 0.79223770348796 0.00428113923284013
54886.747181 -3.11183719692011 0.508032461940984 0.993539419799502 0.625169361825475 0.425494603001183 -38.8855 6.633831348 0.169556460413602 -2.15010877143866 -2.15010877143866 1.57451838029764 4.56534999469516 -2.22786606088548 -2.44603228356198 1.07562710441099 4.44709063778249 2.74329380499918 2.79464476474508 -2.18503949760434 -2.22342781180596 -0.732117517749041 0.40855695082545 4.10024823176948 2.91536190686114
54886.750375 -1.94239855511278 0.529019200202846 0.994937655875952 0.622620984093803 0.426371610704813 -42.0882 6.630694796 0.169973484277281 0.301745592838503 1.30962087308502 -2.80819804392374 -3.72265768862837 4.28348157539518 -3.50168159507628 -1.3479611595595 0.49512138715543 0.50097439128266 -1.00643197674097 4.1806762964462 -2.92411064443292 -1.58026681893783 -2.72752633261679 2.83565352161625 3.7840341172675
54913.700797 2.41307572268042 0.337369822735342 1.00115922373169 0.631851688200581 0.421569517388703 -41.69225 6.635610856 0.170047685461226 -1.46075408246189 -2.23167748923417 -0.47437791662895 0.87774702690313 -3.22841487157887 1.3745544162698 -2.04047087476945 2.63195414116961 -0.37856634530188 0.0988017480206 -2.97199274917642 1.0580453571414 0.18106764432573 -1.61041860735507 1.18133020661589 0.89774766561198
54914.659509 2.9859439280187 0.370249790457181 1.00202160585322 0.634984359935666 0.420509800481756 -42.79445 6.631425235 0.169765735458404 0.39059825298115 -1.52705523604723 0.1252606844418 -0.99532298591666 -2.6621776422289 2.76164921157653 -0.66196155373493 -1.55798624470393 0.47177228807498 0.34691674248188 -2.98426340472941 2.31776919515506 -0.90778649749009 1.02897828666787 -4.3525810755739 5.61840239244618
54915.672814 2.29024008514005 0.390318366929227 1.00118138595197 0.633023634757257 0.418343827829337 -41.15184 6.631710628 0.170261039035797 -0.33213802312333 -1.82091257906391 -1.97633281249779 1.54380728546751 -2.62023243920371 0.58647688392876 -1.3408749404607 -2.67724469829153 5.21914865165741 -1.94313078689222 -2.03784589694904 1.68080132758006 -2.0368661290534 0.06064306724032 -2.32174324928568 -1.80596367434195
54916.640979 2.34535803359669 0.317692949438243 1.00591078322247 0.637835976405015 0.414685845372082 -42.68889 6.632858495 0.17099327893712 -0.116645368511411 -0.28061675498549 0.47706258998874 0.16375479820513 -1.78897239111631 2.76292314168938 -0.33257049757374 -1.58745827007381 1.39630612849891 -0.38203148037434 -2.0267699731025 3.22614573179779 -1.19798441288456 1.22902481913349 -1.66082257547099 -3.26226484001649
54917.638899 2.45660233384169 0.307009366962775 1.00209121226181 0.632203477513687 0.421348979374474 -41.73516 6.632702053 0.170642268018339 -0.255776040393977 -0.61756799334264 -2.14159860267628 -0.87747122966095 -0.69848039857924 0.68762801677799 -1.60642270865176 -2.77553781818459 -4.76977476002948 1.12550311529851 -0.41324883849645 -0.0047126039535903 -0.0468618284448299 -0.43557329302762 -3.87895292078336 -1.07670386577381
54918.659769 1.71425648784551 0.355648936177712 1.0004082368768 0.630802351846331 0.42060264651154 -42.48413 6.631221503 0.170492153153446 0.752415422757019 -1.29196624458438 -1.86006363701622 -0.29892860989894 -1.62656143036321 0.819919212553254 -0.53701718359912 -5.30450430266711 -0.15997137597113 -1.16536658700192 -1.09947419086429 0.294082093741546 0.71715191717756 -0.33939060000582 -4.49782397145486 -1.72162395430947
54919.638902 0.280046671251751 0.379399306595373 1.00198509214867 0.631598986085875 0.420392758125473 -41.70683 6.63275637 0.170160187618778 0.754174401076442 0.092202999434097 -0.401996854256771 0.991310665027471 -0.676467786419637 0.862402143417867 -0.674611920878504 -0.41022305294678 1.82088560575573 0.320411992079874 -0.285790223455506 -1.31650472543168 2.37693314955365 -0.33206676622689 -2.92023176866891 0.44322391849307
54946.613385 -1.24030935867374 0.506105200076924 0.999897353392694 0.626717163609527 0.4261266508476 -39.53533 6.624894335 0.169760905085107 -0.804652516184724 0.23236431541099 -0.00926498383955998 -1.0252616444016 1.71080779952712 -2.23053334156736 0.3458216403173 1.93271523498695 0.37268007293514 -0.51732741323103 1.65965547032153 -1.70347019022052 -0.35497258099291 0.57101462978683 1.63347620796941 -3.31274415784525
54946.617262 -1.06450467960649 0.536340530875208 0.999732656013423 0.627928158365095 0.425106046327483 -39.86184 6.630197999 0.168120724234846 -0.724381385712267 -0.724381385712267 1.12853192781157 -2.11639498599009 -0.81987764519414 1.37766939311435 2.0758349555858 -4.30823000984057 1.97142432680147 -2.55271597979037 -0.36566719694944 0.54699707811815 0.743703737436961 1.81528445476952 -0.505140361206382 -7.17957805683021
54946.621116 -0.705032237561452 0.559982821799653 0.999172416759911 0.630418513819305 0.42331211703504 -38.14293 6.630672141 0.169987794537849 0.218818383720006 0.00859296369269102 -1.5897171024722 -1.59701369417215 2.04101608576294 -2.96830255036863 1.14364532323742 -3.52235922602441 1.98993680873864 -2.23555412462264 3.59909475345223 -5.8069735700625 3.02195330544881 1.74544609474537 -8.30836799929634 4.052713519113
54947.588007 1.78896263429589 0.543395608063331 1.00126597666522 0.625380353569967 0.424886123742445 -40.35726 6.62911003 0.169921026974534 -0.694091856826023 -0.39413952745994 -2.49666543955965 3.02806210874945 1.32438969415651 -4.89081678299853 1.93291447014101 -5.75792041486705 -3.52140850559599 6.39884899774132 1.20220124461935 -6.5058172533159 0.155964446237296 2.58818189652081 -4.88417612755508 -3.92592175020905
54947.591954 -0.233163472333133 0.523201607402778 0.998537700975023 0.626855929838125 0.425218382595356 -41.28378 6.63056996 0.170381326541214 1.53715644041054 1.53715644041054 -1.35333280735589 0.801615168442271 0.84155838417207 0.850561741899843 0.640616403772446 -6.57554131557393 3.63318671185289 1.50813476615302 -0.346930225281198 0.689542713179655 0.564437489276007 0.55252600233938 -3.8886607787318 -4.42661934770925
54947.595877 -0.240359339165928 0.519568306479399 0.997570387586124 0.627678419152131 0.42574479337701 -44.18465 6.628088899 0.169957128658956 0.7287909323445 2.41145416777271 -2.53128742477759 0.27728805202162 3.21226432790699 -1.69173688056515 0.616693661947952 -6.41811161419222 0.69017970712223 -0.30385427917092 3.83426976837179 -2.31348123354391 0.392431328123103 0.093743492686105 -0.00594685192761701 -13.0572646136111
54952.557073 3.31279901766272 0.373611200648162 1.00026362834023 0.627188507156093 0.425116567023337 -39.95749 6.631003925 0.170970440277795 0.572491810041003 -0.62147510928212 -3.0257638506961 -3.12993580417059 1.67766294074512 -2.45459845166073 -0.0235567016866098 -5.79187855460295 -0.944399955430271 -1.98183089984754 1.81426548130462 -1.34476622750857 -1.20266589782557 -0.0834680823730301 -2.86580453754291 -3.7264034743725
54954.595757 2.80720738947008 0.310659096957211 0.99817316091031 0.629263819335171 0.425415981151211 -39.91626 6.632914516 0.17109642427132 0.197477387450927 -0.0588149679512999 -1.17086004449378 -0.88372189951237 1.84355500301664 -3.00607305796046 1.69957527940433 -4.95774163307072 -1.94404992516968 0.44276740378652 1.78246783593022 -2.30394939769663 -0.6725108757558 1.9221893119031 -3.24244532843505 -5.16996743155134
54989.501678 -4.38389008628356 0.47497752906703 0.990394108198032 0.628448518306344 0.427058380101888 -41.95259 6.630079575 0.17155338904481 1.2634897623771 -1.19090126496429 2.65953695246024 -0.51571794643483 -1.19924888991323 0.37571400179512 1.59121789118137 2.24582049985338 -0.9626380267155 0.2604030628599 -2.30426960466624 4.05934403549824 -4.52572244393299 3.90400794560346 0.62090060525051 0.26570293359838
54991.529169 -1.34092431568812 0.421920145024895 0.991548682761753 0.629472217127401 0.42496537683813 -41.50732 6.632206951 0.171722114563855 0.867132691862891 -2.01813406795916 1.56690618002479 1.81001740388206 -2.71854892654676 0.26359514255296 0.7198628079072 1.87212097807021 2.1074475671839 0.791715727592241 -3.04381290216479 1.32005728822281 -1.7355785542868 2.35646914207348 -0.962121241679304 2.42989443805264
55021.448846 1.37234947998274 0.468614935337101 0.996251229907747 0.628124217879021 0.429881804586993 -39.97448 6.635101836 0.170801465810785 1.03905220691417 0.965364524150582 -0.901172231605151 -0.353415704670467 1.09242797115822 -0.04314285107093 0.11110778718629 -2.57472504579481 3.25941931329015 -1.13756645757405 0.84055267703096 0.70007552781848 -0.66186584574782 -0.47934815513799 0.85418248826837 -3.98859339825591
55021.452341 1.16577767349872 0.464532207577667 0.996838804585659 0.628193428287559 0.430609322469785 -41.26923 6.631670442 0.170364335943521 0.656453522102959 0.656453522102959 -1.46138483829984 3.38375998182487 -0.50734518734333 0.31318120898406 0.91254076241597 -6.56815379801657 1.09049691752212 2.31069080382278 -1.07942338224432 0.67861028679313 0.14472827090696 -0.33538244061661 -1.72207189586211 -3.86531442899324
55021.455836 1.07724278383763 0.482828016545247 0.99546738795023 0.628220378564997 0.430580862375553 -39.82661 6.631584854 0.169560356444486 1.20472257046098 0.13928101780168 -0.731496786436333 2.96414561739252 0.75044474005742 -2.86314051198523 1.93695538737075 -3.34759023743023 5.43708362074762 -0.0747531229052201 0.35758877615749 -0.01035031774411 -2.76163479480883 2.3008919166196 -2.59618250419803 0.636800951310861
55022.448856 0.0415329363432759 0.499703376531334 0.994596664018055 0.628524563043842 0.43060454621353 -40.49099 6.633260139 0.170907651065763 0.270699950647673 0.270699950647673 -0.00173345554607798 0.308818970903762 0.765948236941483 -1.11840392576082 3.13571612839156 -6.70976134304965 -2.13899420129644 1.82094400832042 0.0354182978688 -0.868986428298569 0.648912380613329 2.71279893349385 -2.16761681833737 -11.137326291528
55022.452247 -0.208679078906784 0.499066286497351 0.995846207716942 0.627350171123996 0.428878295051095 -41.51989 6.630163656 0.170157812580184 1.89933088633383 1.89933088633383 -0.689375528925416 0.0160466471017 2.23732525200725 -0.656885981336464 -0.148045084382898 -0.585795427296342 1.33925285785125 0.874639684591214 1.38106266386582 -0.576623607778654 0.905816243823109 -2.03232601406208 3.18732146783434 -3.90997042577152
55022.455777 -1.51446830159457 0.509527519526811 0.997344361547623 0.627611589294724 0.431133293618318 -42.53225 6.633631363 0.170493787388447 0.671405756403829 2.0823866406761 -1.52198490822297 2.12351280478558 3.38367886052593 -3.65104449328445 1.44673669212703 -3.16390985483092 6.37497341608572 -1.01840511205544 3.48166642289573 -0.583790379950277 -4.09716657097555 1.62230122315909 1.01654677121512 -4.53530531867396
55141.866016 0.96871795476422 0.415567173022222 0.994337361102695 0.621379391880305 0.424440014910366 -40.62625 6.637314426 0.169628832532991 1.48534848335683 0.077491572182085 1.31729011969964 0.166329226181457 -0.073579648777246 0.195957508110291 1.75415564179006 -1.25322699951363 0.598528772634222 0.457029815295855 -0.129924136284061 -0.285087116454684 0.282462267829553 1.46780504049385 1.12211428748678 -4.41457614581894
55219.788701 -0.762601505872044 0.462664416755977 0.994183806716906 0.621858899640527 0.41992734637087 -39.31247 6.632359563 0.171188892063855 2.31828767037492 3.532596265969 1.58510144865236 3.521356446441 1.60948268100138 1.70717009643665 1.00603220789215 -0.644364170992 -1.23175437063283 2.46809492422758 3.13370732550737 -2.04298186318077 2.0739505783908 1.34314632751603 -1.14698842589246 0.8853833492411
55219.793887 1.83327465328927 0.508897451874484 0.996530320428908 0.621872946964584 0.417968149987442 -41.13025 6.633355963 0.169785085959068 1.78991947827325 2.96615594707708 2.15609386270688 -0.326013246452234 2.7350851959344 0.63539497389653 1.1886816801584 1.60054798024636 3.33908776314718 -0.605190336247516 2.24604184264451 0.13466192727974 1.49851757255271 0.33728562290191 2.09587479901872 -1.73008108845469
55222.818046 -0.0218908008174494 0.66402355731615 0.997802700839047 0.619234275719928 0.415288398937395 -39.2012 6.630219815 0.172286647258253 0.581139564712637 2.55669914349721 2.60145725490997 -5.09737418286274 4.37532925138071 -0.608229294658774 2.97288992871633 -0.16734416157641 -2.61251441291816 -5.22461845554233 5.54782017326103 -0.840391514534958 1.32864386989141 2.02932861441477 -1.55217926118337 4.36829648984336
55222.821947 0.255255249414363 0.632858250116829 0.996533900526233 0.620062593049632 0.412411555656262 -43.61727 6.631102999 0.17043960341725 -2.65171602958919 -2.65171602958919 4.17476208860138 -1.17148776414676 -1.09766249240178 -2.36904526815955 2.78795576206972 6.21491551837622 1.81135133269415 -2.00668289064333 -1.46351579769718 0.016232558807301 -1.45412810165766 1.45236928914791 5.73762795681295 4.63490592134177
55222.825709 -1.81159240445967 0.645622120216422 1.00061283469974 0.620793076404778 0.410019495575643 -40.81684 6.631407587 0.170147891587694 1.14789632598426 -1.20443760572628 4.72467133693817 0.58146645664805 -1.32110172339237 -0.11231507517824 4.30125703608886 1.14662917364288 1.18114376764816 2.74962837517728 -1.786246980139 -3.48883781229221 4.07922391769028 2.21504371687784 1.79959646778734 0.50221167702886
55224.781375 -3.55518972220756 0.358400687143947 0.998738998697865 0.620625434545157 0.412304976933824 -40.56206 6.630520656 0.171483586592196 0.988782580913575 0.97519030985729 0.8826790214872 -0.0758793909455804 0.833476898950221 0.32906405644991 0.30801526880354 1.01037892534224 -2.4641284261137 0.86281807684224 -0.10066741655773 2.82317476030093 -2.53119407758476 1.24879058625472 -0.83190609887911 4.69836507185135
55226.796577 -4.29395857291623 0.753628521720326 1.00184815880579 0.624311893971733 0.413709533757974 -41.85753 6.630004876 0.170934935742872 -1.03756310988614 -0.81325684636372 5.15987552659792 -0.58719390361733 2.32467383674525 -5.79436036946351 8.20640177106194 -0.536968902130585 -2.017187429969 3.45417179319249 0.8477009530254 -4.24002964577244 -1.01673827240187 7.7232529328729 -1.12696833196928 1.28704022004915
55226.802839 -4.60473224909694 0.53756158884813 1.00070707113606 0.621891750437249 0.415344789777573 -42.37049 6.633384719 0.170349348809956 0.321164961940813 -0.0191083289655198 0.70812882061278 -0.64028893270846 0.89565719681596 -1.4214795821066 -1.98913151731485 8.25311042707797 2.92296181452682 -1.60084629355365 1.91943034518999 -3.00722796131301 1.10835004418138 -2.69009453938063 4.88386280183565 7.34533256802881
55234.784572 -2.49273162732361 0.504616454195658 1.00026185060091 0.621553790799924 0.425513563311265 -40.80291 6.637650736 0.169327821177166 0.0479032343099548 0.67229980552875 -0.99385091100283 -1.4863433467154 1.47136457832648 -0.68651078640729 -1.09475114151501 1.0205052542791 0.76192296029894 -1.76320522757759 1.63416317220973 1.33384088227892 -3.22751782653711 -0.47280941712798 1.78189607331448 1.24655344629214
55238.7879 -2.21386710270563 0.467289197213627 0.998268453636617 0.624469737762106 0.425958381311788 -39.7663 6.638315634 0.171260314584998 1.54772052921314 2.01015739671451 -1.45918994005534 -0.94100219732934 2.0059622682182 0.550412214695265 0.36536308191036 -5.16781719589216 2.79002568838109 -1.9310521357758 2.79715090730686 -0.507015556858713 0.28749686155068 1.82462722996936 -8.19151255402229 4.90473604019269
55238.7929 -1.40539112753674 0.462462978748145 0.998274230127944 0.624818968080132 0.423820079132564 -38.62461 6.635146204 0.169220382711365 1.44119341300912 1.05651128957988 2.24795283944286 -0.90072930566312 2.5498077147742 -2.36515440788204 5.9572500287435 -6.37379859434124 1.33133361562862 -1.56252255088245 3.15584082003721 -1.68200858132169 -1.3583344940547 7.26164787440524 -8.48463230043206 4.53732810662526
55272.647073 -1.76383208792828 0.350202126314577 1.00022010023736 0.629808721234451 0.424588964849406 -39.44083 6.63364275 0.171121380778068 0.662896969701317 -0.4339029835227 -1.31244676524053 -0.16886437914707 -0.12019234761446 -0.50479154740381 -1.79123896634765 1.7385593420387 -3.0117245208732 1.05666270534434 -0.80123734774156 0.0690812600128099 0.74370555664279 -2.96260587366967 1.20314146811997 2.86705964664048
55280.673437 -4.13378934207336 0.425802686546718 0.997799936745283 0.628323961253478 0.427325394317547 -39.58828 6.631581133 0.170116327848878 0.38985229668844 -1.87509371096886 -0.21991419953973 -0.40388346014367 -1.40771849653578 -0.66160856946878 0.33420727293355 -0.572123493069819 0.12496420338897 -0.64641717616627 -1.01998087350877 -1.09641983587122 0.46761074060748 0.06923110342772 -1.13591416430323 2.11803078019738
55283.611783 -3.52762670719029 0.389119574984712 0.997521588155119 0.626704892789678 0.428853483943101 -42.2622 6.633234667 0.1694656289461 0.317729780427008 1.03988149894125 -0.17971851562997 -0.59848683656722 0.87166841803301 0.68127918132333 -0.94761534129455 1.08196801042578 -2.33417672161073 1.66981572588596 -0.4750664586896 1.52331333567329 0.1572672383467 -1.40182888254795 0.11118599897728 2.98680174482179
55373.452964 -3.02739748938734 0.592959740172336 0.995356897919694 0.630217248816915 0.425618952637753 -40.89463 6.639209125 0.167655537800566 0.820406700420019 -0.39778776730566 2.23744560487225 -0.89019441246305 1.72229595037096 -3.50351568113799 4.91100317639755 -2.49396691490847 3.1760994611163 -1.67606796994168 2.54866198144862 -2.05871232079736 -3.45019035884585 5.67687652441373 0.0790285103151219 -2.8609301929661
55373.45801 -2.53433776595327 0.600693464407734 0.994320035493337 0.62906702159306 0.426865572065015 -40.45532 6.638941202 0.168843139235379 0.403090671485294 0.59314693335337 2.42647064277989 4.73483877164793 0.33070875869951 -1.8588430398568 5.47845150178153 -5.21186214352019 2.79042958952147 1.24954518475934 1.52776136577458 -3.25326597484906 0.93704209430694 4.19826828398728 -0.822105749174104 -4.67420785880681
55580.763839 0.490573407241414 0.36907173539455 0.992997285654756 0.623556669200187 0.426177606348889 -40.54146 6.641747246 0.16983748545651 1.14713422680376 -1.46072491946326 -2.19667351102394 -1.61852056479097 -0.984027968395855 -0.027113048729348 -1.08283118663321 -2.7026925107834 -3.5228657407523 -0.44446021349818 -0.627805812126007 -0.149178007605851 -0.196659731869259 -0.605106092028024 -2.23586788466131 -1.64780822362076
55585.835172 -1.27758690939137 0.4551936131877 0.998035214456832 0.619616551828207 0.42151895093226 -41.98179 6.637718518 0.168319056615895 0.648087862201029 0.886470515259886 -0.277108267091316 0.95727592538008 1.88160633989403 -2.38833339854501 1.38424380542557 -1.33278392653105 1.99039543619325 -2.27774963010864 2.43232371470247 -0.276347235448229 -1.66175621773907 2.11725405016311 -4.26836565193795 5.46364626914984
55585.840658 -2.38403435288192 0.449464118047624 0.997479231611087 0.622056762378253 0.42161326808163 -41.75297 6.635821981 0.168413741465478 0.8697803116745 -0.33512506980287 0.67204872927646 0.44536975720906 -1.1580636825916 1.31488388680452 0.14028611384736 -0.20749457931789 -2.82157641157448 1.34363184121841 -0.65297035958201 -2.35213933190402 4.73926159141629 -1.33909648597105 -3.69084537390045 8.94107578749054
55591.80624 -0.47869875384263 0.335979767333717 0.996371246808843 0.624443776433869 0.425830181357861 -41.09896 6.64007145 0.168588688309636 1.10770964312669 3.02828425770044 -1.38757172900124 1.38595593275347 2.55020181339496 0.172865866255431 -2.69356827886409 3.10351093510038 0.66543192955644 1.40909202714663 2.74023500706776 -1.23605083351286 1.09987324722317 -2.9652262120741 1.51883874853749 3.22073868767541
55611.700039 4.75936094405638 0.340604097346561 1.00481710194724 0.627484393021614 0.418877712942872 -41.21156 6.642660916 0.170502719051647 0.524096568766687 -1.6450940415773 -1.44064890642835 -4.81447662856452 0.22694672929475 -0.86772069562811 -1.06216984209186 0.0829900912896502 -4.48385417178682 -2.03771690042391 0.22854953019056 -0.71413352885091 0.551745058361909 -2.17349705167555 0.57159914109703 1.89783775989363
55617.733283 2.21629223201116 0.388624749558742 1.0018598869512 0.627856596978632 0.421344790517175 -40.98884 6.639991681 0.169653407336323 -0.810093003832692 -1.25196729603824 1.48249892538733 -0.11014720087884 -1.63026295391769 0.77143731046292 1.56956847090194 -1.07955184808881 -3.22619681488427 0.53462940891492 -1.53209635189837 0.23029690056664 0.86663662348829 0.31322526731149 0.45365257338636 1.54913241893433
55631.749631 -3.13813775228274 0.7283210210681 1.00049046134002 0.626729403113353 0.426274736294391 -40.61039 6.636418424 0.168693755862377 0.876658602777363 1.9147132665818 -1.21401107220971 1.61048550741 0.66214216950552 1.50426817153114 -1.19833212447156 -1.64227210497766 0.26050307162022 3.12714193439685 0.38928404444384 1.13250402803084 -1.88749244786264 -2.28513094895935 2.66445772752517 2.54962572776918
55635.679108 -0.622748182951201 0.382332342737444 0.996669817735217 0.627331393567416 0.428207971488652 -40.38136 6.640302829 0.169782898283585 0.147639371413017 -0.00950943202794907 -0.504732732081029 -4.85537721189103 0.65944414039065 1.27149821548528 -1.37192847367073 0.666531031004095 -6.57178884965337 -0.899425665185638 0.856920281605846 -0.108604468710356 1.26031901484134 -1.96690278474452 -0.15551337335669 4.16494158293856
55652.64903 2.70679056000881 0.375462536563169 0.99544067975641 0.626556811179602 0.427206213204337 -41.33772 6.64074553 0.169903455855 -0.760187727716197 -0.31783482437501 -1.61358903168257 0.25479200139615 -0.06221590797387 -0.62880209703269 0.3295753648456 -4.11476550902534 2.39749394996918 -1.35616456129846 0.67895617781339 -0.66220683382113 -0.67388412291265 0.80891993845345 -4.17627035071623 1.94812364012351
55660.616929 4.19249581905111 0.497319917009657 1.00053312671 0.634773221451271 0.420401593642471 -40.89357 6.638752177 0.170327304055578 0.532923360726723 0.87191813676399 -0.59805630202907 2.92490942393601 -1.06250461584474 2.04330764817985 0.648684007932959 -5.41492147195666 7.21383613343028 -0.43807528700294 -1.30685030327201 1.78041652694982 0.794374018835351 0.311054873490719 -2.67877575080008 -4.00788472596932
55678.53971 -2.90509254617954 0.363368084815838 0.995165168818755 0.628476889959771 0.428778054776702 -40.24565 6.638244296 0.170216766187929 1.37428255037889 -0.73241887519721 1.11656376768921 -0.94433914991572 -0.64110904193882 0.35424186290927 0.22805542129404 1.82640433792685 0.18195836956459 -0.91161889974541 -0.47458769309619 0.8009668775445 -1.09478503274476 1.88166083089939 -1.50200863271922 2.55964066149228
55682.566677 -1.53786096978186 0.451956246643805 0.995255349166395 0.62496583202163 0.43309640072295 -41.43666 6.641953151 0.168811259852796 0.573086924356733 -0.05948003238753 -0.08213568202874 4.97919649306865 -1.59302283277045 0.2494571464037 1.54333940532454 -4.3231463869285 -3.49432478194452 4.70734130398884 -2.10404872890731 -0.54103726352245 1.89394957623743 1.18147507982901 -4.41006220461809 -0.58188772129228
55682.572105 -2.87468956382593 0.439253888753353 0.99463669858161 0.62560036565041 0.431120600793282 -40.5495 6.64061366 0.170070435187629 0.397736640446949 -0.82304197726418 0.01126225373942 4.6556342996748 -2.54496214265059 0.7327687145626 -0.0484936645126197 -0.69818841155395 4.20376197193901 1.90118561301455 -2.69036129607335 0.11523088689208 1.10773284940733 -0.24085862179768 0.17149238496275 -3.47687165639858
55712.463031 0.876282398437197 0.348125368293908 0.99512297936698 0.628603779090473 0.43126545969417 -42.18838 6.640786747 0.169794676485217 0.223613203102446 -0.260572586987436 1.11111414057823 1.30794724624096 -0.546145173240638 -0.174877847580875 0.866658084913243 0.8162020341867 1.22139476618626 2.11173038169486 -1.66803772669136 -0.112887869527896 0.938992451699223 -0.285209221293475 2.95801861545492 -3.99022140484423
55900.845301 1.92144600011428 0.429017369790686 0.994305117142982 0.621652376087378 0.427917735494279 -41.21098 6.642515848 0.170082467011539 1.01327261976982 0.13001016594749 -1.4251262787096 -2.09591194225862 1.41067340243455 -1.31245109008445 0.33837849701638 -2.76530514944882 -0.56903160554168 -2.32406660607669 1.91328462827987 -0.60591602387079 -0.69450561776754 -0.11650086875524 -1.92687955551301 1.9183021747278
55923.823989 -1.49758915596674 0.324956119839121 0.993549879077917 0.621755533588032 0.419825873758031 -41.40256 6.643050822 0.169201676953945 0.525539175799567 -1.13810474248654 -0.68532156465851 -2.462135284418 -0.0205690512565 -0.85095028725766 0.00479216228646973 -0.69582163673106 -1.38033451062715 -2.85018050221128 1.01433429176862 -1.35692087886588 0.71161107467641 -1.1850348674595 -0.38550658569526 4.61865279105216
55925.854783 -3.34532553177276 0.45983100923775 0.993982274626794 0.623648648403496 0.425799439331801 -40.18039 6.642609961 0.168121883965692 1.20937546909331 2.76619942538746 1.039350004597 1.23736878240344 1.25444383168557 2.1900553160888 -0.31568338421448 0.85148387636373 -6.245515489252 4.01797629208431 0.8041896470411 1.31232734807064 -0.10598936162785 1.23107675832405 -2.46893273879689 3.84743190845501
55955.833111 1.16974135277026 0.337887733514268 0.995464409579866 0.623099398333895 0.423331685337862 -41.84964 6.640068095 0.169000099879177 1.73426048584109 0.774440283462282 0.76798189836961 -1.38340154683128 1.54702533318122 -0.747051959902814 2.22918276957553 -2.91538579269637 -4.45576169476707 1.17921941426401 1.74713538200077 -1.77137066258574 0.501085973642516 2.08308507085138 -1.37549342840714 -2.44767159476683
56013.67933 0.182904895223506 0.578797339485273 0.999918596821952 0.632613053775406 0.42194318912662 -40.48881 6.641479911 0.170545241690378 0.603055959890709 1.46450665810221 -2.93905711566205 -2.61978615333022 2.86779421066118 -1.33730713057004 0.677646649079112 -7.35407107934598 0.64238715664869 -3.5334696065139 3.35294085520567 -0.943774919870972 0.790980887926282 1.13593542502479 -6.25800349703528 -6.33381530902105
56013.684562 1.25786250109049 0.569254142626005 0.999190469206369 0.632723790059852 0.422551755278021 -41.92429 6.642654702 0.168749422694747 -1.35827298143807 -2.23918569693369 -0.361408487770717 -2.81160417794286 -0.80063040114968 -1.2916651025487 2.63057864747691 -5.88943273292685 3.55809004823202 -2.01444634613124 -1.48467025244734 -0.592560717670314 0.457922447828727 1.55621238293935 -1.83243147646705 -6.31803353978291
56024.639246 -3.51219043908589 0.322179443225789 0.995023040207802 0.62733969644648 0.426602139926096 -41.96481 6.640662127 0.168349324533809 1.15876272524281 0.04800431699435 0.0198659335120301 -1.59749290798001 0.64661173686822 -0.31311389475432 1.53330811789289 -3.53106793534828 -1.53496794048597 -1.45367103258458 1.35290931872533 -0.99967835889613 0.56189449704325 1.4787166337072 -3.95323258871417 2.62273767032816
56098.504394 1.61204388669346 0.485071389156702 0.996744207529076 0.629724655784677 0.428228555581398 -40.73239 6.651795699 0.167526987177973 0.886288078663507 0.54604995553808 -0.41304965865751 -0.19363601073647 1.0570526898441 -0.84055331803165 0.24727572629321 -0.6841006813849 1.01880725259178 -0.90956623687086 1.40380234561078 -0.46247577453056 -0.70683090960264 -0.448592568390421 2.09787150144783 -2.49386792906907
56259.860814 2.65629370016329 0.912869314659192 0.992349236077022 0.619672272003312 0.428895815700427 -39.03446 6.649281369 0.170228326863443 -1.92575887715167 1.78450628310949 -1.4269699738936 -2.52399694281513 0.7743649193346 2.98904269318796 -0.94564891183355 -4.15255471666583 -3.53160588494935 4.73513517261742 -0.0330583054019402 -1.85245868337872 3.67296471522859 -1.18613965545778 1.04965402817797 -12.6748268235043
56289.826387 0.839719026783579 0.386496306825859 0.992628767180288 0.621956875275131 0.430195189891196 -40.82587 6.642811568 0.169077814830933 -2.48807666388776 -3.95445200891769 -5.56592722318727 -2.35156272569466 -2.82549267551356 -0.844756099536279 -5.82370754371631 1.6393574379315 -0.7661859420979 -0.98920196369782 -2.34368221296316 -1.46450268806298 -0.238462166422027 -6.87252338300083 3.48136743557492 1.38580193077831
56322.806852 -1.97970306130917 0.364652285318413 0.996395669333312 0.622251833116423 0.426564582552548 -41.09302 6.644010387 0.169554387322601 -0.328526289095948 -2.10088531384962 -0.74098419967431 -2.64937739673018 -0.162336306491 -2.24971534043017 0.80078577711246 -1.21016315399418 -1.52675473121481 -1.70036944381586 0.56878918204286 -3.40409831383473 1.63159844907495 0.13561189696284 -0.36342433253984 -3.72196119681357
56362.719303 0.151157829674784 0.424704994969478 0.998035831340121 0.626936754368822 0.425355968992695 -40.70084 6.646419231 0.169317118802663 -2.23868827304014 -2.56097791836982 -2.51635940192616 1.5464198044114 -2.4224894068968 -1.06459362099009 -0.718785621473818 -3.26132792109226 -0.48170521418009 1.44806436834038 -2.96916765379547 1.92534228729886 -4.40408346146027 0.95050359656114 -0.87986709891132 -4.35006751214597
56407.598569 2.29617975861585 0.497468423950353 0.997475993480376 0.626705786375238 0.428583765441432 -38.98701 6.648965154 0.167087412552546 -1.6579673324194 -3.53575710556659 -1.7098660619723 -1.88043553464163 -3.34272806725239 0.56032667742346 -4.12492495299855 5.3266252401798 2.64088174867753 -1.54657758610576 -3.63175811294282 0.659615462040678 0.18872506254211 -3.8668426939443 2.25374977622426 3.89171158134359
56407.60431 1.60049583766421 0.502156910237051 0.996730800501841 0.626171114690069 0.428387719189087 -43.37955 6.646929075 0.16880336031708 0.249817192330135 -0.15564318909931 -4.01351563968661 -1.02452702369306 -1.1316628981023 2.29511812423866 -4.37353531532982 -1.70030856633477 4.0133713222418 -1.73488066832481 -1.00570498649999 3.3100384448487 -2.90592705580038 -2.80842946003618 -1.64706130348326 2.50329267894051
56451.517452 2.94984223844648 0.398955319928039 0.996087982997368 0.628958154735372 0.426718516821632 -39.94757 6.650399146 0.168849974434117 -2.90439428259891 -2.17561840381255 1.64811939059195 -1.71823926914086 -0.21661336426739 -2.79053031472617 3.61426243610017 -1.71212032589943 -1.35035279413831 0.10139132983181 -0.34906392818761 -0.62022671525915 -3.78093684641771 5.10721234999593 -0.74223056203827 -2.62813326125786
