53578.459205 -321.973526824518 19.639609300073 -6.69111 2.928562554 0.61427142955738 -0.0167444017693926 -863.869131248422 331.550770381602 -1074.34519394042 -325.232235186946 -422.931719138884 391.994803681385 455.16937141633 138.932954309343 -641.348711952012 104.677914564099 -1005.73142359414 -276.06506436071 993.535827568564 -1198.80663173049 4390.13143018176
53814.75907 -623.965178696515 19.3932330623043 -7.25467 2.935377063 0.738601980380737 1.32629710343688 -29.3767296994649 1143.24475987816 462.136104194492 286.829834912032 -1122.27732428016 1444.19471700081 856.916925842265 2475.31291147539 -630.762902439832 904.498957496889 -1413.76475608258 -579.9734347524 1681.07948361047 -130.695985204997 3795.52398221351
53815.772088 -337.977408871119 19.1751792926665 -3.20467 2.931781289 0.955974675588313 1.29380523198745 -523.877780906452 1144.12953182074 -5.61743892088802 -181.444184783704 -809.488210705972 1217.70710413828 973.087654678632 2716.94317447096 -1436.1201752683 564.631222781189 -761.626771432485 -898.441794590713 1694.75520614643 -303.783730398117 3908.03808152335
53830.713844 -218.57128247733 19.3921982816787 -8.0185 2.936802358 0.848400211358312 1.25939463166292 -629.45204826978 1030.33077404489 178.380392223778 -340.251291912477 -831.371581583663 1677.47315321554 -407.920043731086 1423.55011094627 -165.364288754976 101.479458765641 -1499.13625406711 -102.48439421813 2271.08904646822 -1451.13893306214 1984.25997869386
54170.72218 -590.172542639308 19.0997361367179 -9.38591 2.940569654 0.893564257800882 1.02848099045592 -92.8388213506049 467.11287226623 1422.79962914318 -443.121764784796 -389.454835090106 734.605132318325 -105.545475669762 3399.49573298243 -361.98157846904 141.214350887512 -722.659320115526 -532.179997958001 1133.71633671656 -197.268577032346 962.832090389353
54196.763646 -377.986687755859 20.1289987551711 -7.91966 2.935066021 0.784274798909874 1.4066157260956 -831.221525089021 1354.93265978996 77.40790711476 -699.636689525499 -370.062865313097 2005.322047947 -1075.12833264257 -405.390619843503 -688.967559388863 88.1674446698599 -943.985219233702 122.12472554169 2491.82159429002 -1707.67558368177 822.852979032545
55233.790844 -379.100782399249 20.2612958933283 -6.82656 2.943895663 1.21551034867956 0.803099269282364 -536.368808518106 137.593352529295 442.086219280462 -236.295877991102 -1050.15123668052 1414.98899847509 -1678.3944574723 2423.77960184807 -175.079277760568 -34.573903399964 -1128.83367945756 -478.99994025311 1920.94617046446 -1999.98408955069 1032.81652716027
55963.836166 -500.972413109146 20.5735786045094 -8.30683 2.9445541 0.845129064397269 -0.700974250957864 -453.275200782473 -3.94583580690198 -149.014369019658 29.357910300975 -1014.33828626445 1144.91102011406 -1406.0306188614 1251.61259909779 -948.9478092294 740.699357470536 -1446.00492882423 -178.95817644222 1551.36463349442 -1582.87543130433 553.815576816601
56353.830518 -404.580833094226 21.0245374354968 -10.69026 2.945167449 1.08500785487483 -1.88538581099322 -271.709130014263 892.35849874002 -123.114022605504 82.571302474138 -722.532883272637 1267.0375185326 81.447902742044 1406.34074023783 -426.401679914865 395.159245475564 -1172.24676801612 55.1541192572001 1656.83660497038 -1661.28886401582 4113.42309828584
56356.786912 -525.619806717531 20.5428176192428 -11.77226 2.942941248 1.03721314159171 -1.60608670487631 -486.814100909188 916.417620580355 -1085.20666262566 -264.117090281408 297.012661501291 656.101941448457 228.743849685897 516.401150347792 -1342.59409504723 279.240821788991 -17.2217934697489 -330.115441916562 1300.99235297488 -1519.27173479727 4528.73815821431
56363.759284 -716.464187820351 21.3136931038928 -5.99904 2.946678886 0.795468991101129 -1.06528636292483 -557.766917203407 613.976438741799 -913.037789885827 -107.265555381198 -387.311012986456 987.471986923477 -383.2065982858 1570.95676841867 -2082.36220298883 845.080070663887 -980.775981489607 12.4054620107502 1114.71745689541 -436.763178463337 1029.33354849349
56373.666619 -418.658076393239 21.5451642497988 -8.76053 2.943488447 0.956882732048657 -1.35125112515337 206.14233872027 685.856618491208 852.812381692427 294.790359566374 -807.769581983885 591.983959651416 1342.69911528672 1357.78242230737 -278.341199530508 1072.31961395231 -1088.77587239359 -1020.93711056247 1192.19865270217 94.564015119247 4079.64362688713
56385.560103 -194.344142777245 22.3020337326092 -8.761 2.935687041 0.816656785593294 -0.498776773870223 -623.537180429709 1012.18435999974 -238.306852576063 -16.2456218064963 -1179.4507717523 1887.44073926723 -554.817415006373 823.233829096954 -102.565237896611 412.548044013302 -1775.92337662467 -283.17941839684 2520.84288080221 -1791.90152060756 2685.34406153521
56386.590515 -752.947733213529 21.2582729555941 -5.46532 2.938001199 0.90689266913515 -0.562435585923456 179.136394163923 1465.45931387616 1029.66378459298 244.556019689258 -887.764870867905 2091.06042112662 -307.398433355247 1439.78395175493 -70.322073198465 728.607509796309 -1075.60674218078 -376.1719727624 2657.71311459336 -1358.04809266121 1844.7526661587
56387.719406 -503.474866576228 20.8031993501634 -6.70997 2.941736899 0.672567562144372 -1.88345195148027 217.891272989034 750.25437599866 623.558580827288 527.0062087802 -1165.19413606325 1833.88854435808 -1038.19513902616 1574.4242840035 -1516.11431486426 1868.71671173629 -2247.17647281547 635.04509653769 1947.73558698592 -1315.39489455351 376.699677118612
56388.639447 -394.777392225859 21.4181533812514 -10.28171 2.937310982 0.811585588881958 0.677912516318486 -393.18982283607 1019.19102527519 268.185223810365 21.959267739675 -1144.57529559328 1916.69776106406 -616.197252368191 2157.56041809495 -1418.07585393693 1027.90874066448 -2037.28235816613 519.95015489421 2146.50605327947 -1014.78504810592 -327.799033184159
56389.629716 -456.163377792363 21.2693154309236 -9.46138 2.934010297 0.866334017994958 -0.764732681397696 -837.569599858336 1022.74170929601 -603.704394230641 -456.296302047929 -462.35885890232 1519.46566285273 -575.428459760132 919.307103636424 -1018.91465809963 81.811569657774 -1165.13181512349 450.68734808707 1700.06249283817 -1017.21066378689 458.456448476209
56390.632899 -200.55112588051 22.517110943349 -5.3271 2.940115111 0.88638775273702 -1.92840746976367 -1163.08515333234 597.69744006159 -604.074479653997 -518.754326145954 -1000.72463132911 1358.70067407138 -516.582260824581 -698.820027370701 -906.029290649493 335.924766171656 -1612.17905928525 14.3201255742299 2105.70607736443 -1850.85117801667 1119.548055224
56391.724678 -339.595852932262 21.9882031018244 -10.91044 2.937484879 0.931658652811539 0.140431520802794 -412.443485722531 528.690916343769 -374.709421558714 -153.052629901347 -326.61730941607 1045.50667142069 -822.406647535 961.388066996862 -1212.90775374725 630.940817470691 -865.589862459376 -244.726914875215 2028.80215694904 -2163.36975232185 1441.16843486335
56393.680865 -552.256742869986 22.5361981533923 -12.78479 2.942053096 0.807251569511504 -0.311726605935968 -1116.73776674677 401.720299148135 637.61603497206 -1176.27096298306 -312.972660269751 644.863753184637 -176.255859441485 1838.88788212221 -87.630360342324 -826.981423611603 -895.454829157346 -27.60328907095 1932.96527633969 -2903.8139565041 2994.53961267152
56394.638315 -746.735764635518 21.6765485735787 -10.36171 2.940939555 0.9183390387327 -0.676727902554792 7.20380759575698 636.894921863825 -281.32404759814 341.165968890105 -555.043828975883 1091.12717988119 -360.236902163818 1309.50208575885 -2303.42744002233 1697.77416073919 -1287.23866636585 128.40148359097 2228.61189789611 -2716.33826853062 2342.79176824365
56395.633389 -225.166348814892 21.1030339252382 -11.64468 2.941155132 1.06224008019363 0.0999311853903599 -550.101301018593 103.507920331266 -548.348194153784 -8.59296042479721 -851.132170992159 812.113107006948 -562.005871715185 2393.79830626712 -2611.73494565895 1316.09337501885 -1072.06062117447 -721.807091099891 2032.51470358058 -2288.98833654786 2002.47299157577
56396.628948 -498.334953800995 22.3201480855107 -8.09646 2.94107888 0.69409537262801 -2.67358941713808 -541.870868431304 435.971683169475 131.360541017744 -323.180332529749 -581.343560882332 1070.62082269498 -776.268533220865 -2250.09464497839 -137.649296705822 617.240712635461 -1051.98268574635 -483.29677653548 2052.84923819385 -1962.07293814868 1577.77207141652
56397.608592 -487.350854499988 22.4462148275241 -10.56657 2.936630723 1.04971492778143 -1.41923122580753 -823.379359623558 264.757297307125 -539.797395002973 -313.521136130184 -759.052339865664 952.37972749199 -668.254993228259 -615.517465849063 1519.32383922327 -810.952897212938 -1209.37045813109 0.0187397296699601 1415.40108117923 -1630.54180775367 1673.8107026187
56398.606879 -535.786710202285 21.5618576685598 -10.83675 2.939775231 0.795768013023046 -1.21448336842821 -898.719581463014 962.405720949812 542.769768930416 -644.757799279317 -960.415852866367 1493.74033184154 18.8814087705595 2328.78943070544 -893.174764816383 90.565916112243 -1550.24145534686 89.64329393241 2094.53608184337 -1886.32005541466 3326.43548909548
56399.601854 -659.853806411656 21.4957201815239 -8.32561 2.94279062 0.856436667966702 -1.66675860961347 -252.200796862644 467.743812300878 -684.220891731213 466.75303562841 -1153.3364011237 1474.26685820099 -892.508499824433 1304.81567534765 -93.74351312781 607.560155473332 -1842.53633262438 159.58375689122 2070.83236250017 -2150.10510406234 1711.19061991492
56400.586042 -239.08195381568 20.8886176532491 -11.14183 2.939007503 0.895783946963037 -0.491088022764889 -364.747632829477 471.570589006474 518.608554045111 41.2198326822747 -1318.20821243362 1848.01761743387 -1534.97953774845 1548.5777491008 -229.301411150809 703.601338526906 -1860.80422645708 -434.79313116278 2047.40224059296 -985.648171175857 634.493897581441
56401.563689 -720.522858210065 21.4976783686508 -10.09505 2.939708042 0.830517180421467 -0.486930900563431 -43.774649464679 830.571642950521 966.44964470585 -316.592091352593 -56.650811277234 1241.14429091293 -926.02213452009 1131.41706092782 288.38361328034 -19.2628628929821 -368.24497061223 -415.381442368587 1377.18793019828 -668.695821738803 1784.67561604954
56402.585338 -440.263416840515 22.1746237616889 -15.37625 2.939035477 0.949583601437221 -0.863247219371957 -351.859932647168 852.810490727089 1129.58128323146 -478.15623652444 -498.342949334702 1612.70651073953 -1186.62869980098 150.765857372775 890.153863733059 -229.666567225859 -757.470950979049 -547.478464022323 1706.96143840087 -942.629883077807 2387.57839584619
56408.621117 -776.069160991567 21.9946515691523 -10.97157 2.937888145 0.693211074895791 0.633888708006506 -655.809396787209 1201.9325269628 266.238169060854 -378.812556527298 -807.603873152438 1454.42743621686 483.68834656181 840.058115253586 -193.871682622035 96.007419815635 -1087.6213205863 -514.89197429722 1733.72763817284 -703.328452231826 4573.36384403513
56409.620951 -756.790322964301 28.7946828579027 -3.09621 2.943865061 0.724902277260983 -3.17262768744747 -887.630318374041 1014.91338102655 -757.208950866855 382.017479979129 -1605.65566836926 2070.35167532595 -905.227888398189 -763.852412401348 511.034109691238 -115.346442956612 -554.376860696346 -1214.91568933666 1995.86094845478 -1183.37171924901 3302.52941669079
56410.604605 -588.982000131724 22.6579157089851 -7.96695 2.940361409 0.654067897780991 0.123219120297298 -1065.77843324012 1138.16556215871 178.391579058539 -665.582472022021 -1009.32557732859 1749.81950076774 -142.610610097155 -84.1976700168275 111.50251856376 -194.559311526503 -1268.59008281398 -611.30952908647 2021.57207087216 -948.901531439188 4042.29681209875
56414.606088 -674.974915087095 22.5045434368853 -5.18983 2.941920209 0.764287458914177 -0.984859782651828 -65.135771746443 650.282276176404 -79.232657519949 286.869083380091 -726.368519025652 783.798879396663 657.884858108315 168.195039378425 429.991537594312 549.391290471939 -1265.97125923786 -412.72019122313 1227.18367722123 -745.227894862463 4384.29627059814
56415.537112 -35.8659598706093 26.1525891123106 -0.91609 2.940387749 0.318692732692542 -4.07665022859647 -1533.83175550418 1187.51415089766 1591.30472373979 -2146.63506419808 -70.0152587977509 947.07307448707 662.705861352348 506.650590130542 1470.91549991181 -2129.98265942409 372.393929588206 -1724.80128053305 2105.67936619141 -884.154315168726 3520.38342728224
56415.629409 -860.678115980648 23.7390785627645 -11.5049 2.936865063 0.742052824529807 -4.07665022859647 367.675679852067 331.334559990699 -990.504600338533 826.515952078811 -282.931600993261 78.8942065453659 988.475885316679 -2756.58413989733 663.36763228061 1736.4618041954 -2366.9905399512 602.44302099238 339.45249482704 -236.53281406111 4432.24192477766
56416.65951 -542.672141773035 22.3214349273521 -7.86108 2.93836438 0.899796349225054 -2.37179287906486 -1029.77749878371 700.961532835583 932.166355077707 -794.93586124746 -1153.12745640124 1015.92131235092 800.757599238894 592.630046696542 -69.3905176800994 57.2749909501134 -2335.30550737654 681.45050010304 962.815271259257 -751.348562986147 4561.44001244816
56451.481081 -276.66551614763 20.8530412237763 -10.77952 2.943311852 0.830319875815426 -3.23402638669984 -770.545468608223 1125.95263665656 -251.204345616251 -195.039361013529 -1143.817135887 1649.7772439722 307.538758527476 -349.002788328344 -802.421562404774 697.316528784613 -1845.06234944648 108.38728127344 1372.27528032561 -483.264827681433 5386.10763449638
56452.498147 -447.253811692909 21.1981410742127 -6.70076 2.937978118 1.35662046484298 -1.58459446343981 -250.029544614067 1249.343629433 -713.482131994039 247.800898763233 -639.811117754263 1540.83480044673 176.714092064423 1448.87708060002 -1992.69636927797 1102.92004873237 -863.808862089902 -74.7289671245101 1293.87316947292 -707.877924449549 5520.01695757854
56454.504932 -496.812840756986 20.1366258385071 -8.63849 2.940579548 0.944657282688425 -0.490422038331843 -379.837115890676 1686.89866271365 325.598398199546 -227.753285898224 -607.199565676052 1681.24552411878 896.136163864288 1589.31361551767 -277.854278445634 233.59717796913 -1162.97157622352 -138.28697888104 1633.79671262617 5.7155726444837 4744.73476765936
56455.500043 -335.180274746525 22.6991882342372 -9.30722 2.942660196 0.822535077478621 -0.998602772441357 -612.511129976119 1733.33721958462 252.577910008664 -386.54958509857 -678.360049033451 1775.5940774377 831.188563438145 -1062.09914844109 1210.10564870548 -280.320862717891 -1456.2414838256 190.50109929375 1734.59674194861 -330.780414179532 4618.0847510147
56458.52395 -355.664256162465 21.0666479927615 -12.84749 2.938822633 0.87191852104037 -2.39438712954608 -413.634639858838 1391.37019702981 -833.646919858167 439.962400426418 -1391.0728940232 1863.50996023913 809.215316971546 -95.881514918432 -1002.36050826926 1201.12527587477 -2194.73187039285 463.0556003962 1405.88534946293 -70.1248186889841 4795.61174211614
56673.866608 -548.350595291255 22.0356355351744 -6.34508 2.95525482 0.896671633902383 -0.652733894707012 -562.316916554571 476.008597673116 837.084750907333 -344.236048972556 -1083.93229983459 759.058391733531 778.983824460095 1827.21608583897 -193.311167025731 231.100560028964 -1440.67245330822 -481.45885126655 1727.49006639107 -1710.13041203129 4180.07426911565
56691.786236 -547.15861044609 21.5515797623804 -8.86817 2.94252078 0.842969516312513 -0.652733894707012 304.540832819822 61.723923573921 626.041891364689 368.903488080545 -587.067067365723 527.047419432027 -334.4625726462 1219.34605868872 -299.87270918415 1001.71290684077 -1388.11418865983 225.842294113797 845.314251826871 -572.850533191496 -135.727319173292
56692.80428 -403.534225077016 21.8931585008433 -9.42942 2.943029851 0.916693096990116 -0.652733894707012 -220.678931261268 28.579449285597 -229.509606261323 207.909275666863 -804.93029993553 1049.90906218911 -1414.31475273803 516.659912000444 -1227.96118287404 1113.66912504108 -1351.37646552932 -55.2939291167399 1450.58728796931 -1441.51790787192 -68.79710560685
56693.813456 -577.950787262313 21.00403710664 -14.23723 2.942694754 1.16487962201046 -0.652733894707012 531.760621467106 -254.92297757534 -1463.14515963205 1194.90555449195 -466.482951564375 561.451339292169 -1370.8673915474 -2265.00049530241 232.72455123571 1334.85807352222 -838.245294878106 -500.132458240131 1220.95091578541 -1433.94980905704 210.94393243222
56694.854936 -605.349205016219 20.7388200453112 -13.45279 2.942438816 0.964572107840853 -0.652733894707012 -0.652733894707012 240.645675409461 518.111167437359 452.632813088272 -1418.4577585236 1345.74959132855 -738.517655150376 -504.15752325852 27.3772917947169 1157.90422012629 -2196.44913277204 394.71310338256 1444.12921960347 -1467.14181979847 1907.3479892683
56695.814952 -605.076665101205 21.4789395724595 -7.66541 2.942359 0.881944467790082 -0.652733894707012 -187.468724048885 239.180078668754 -1919.83124717017 570.188421227114 -374.720949511884 897.304246004462 -1105.17227983777 1802.90366672311 -2290.02922465596 1163.25792740106 -392.200117873166 -709.047937968796 1621.01451706681 -1594.23284035205 1038.85780235017
56696.774954 -507.989557459968 21.5687209156052 -7.07102 2.941721451 0.917742836591258 -0.652733894707012 -689.555599223319 747.863700339838 157.289207406383 -483.803822555936 -577.484718632576 1185.69834565948 -280.664008109505 1583.33297046898 -974.791455987724 107.80297078703 -820.751650092585 -187.82228643648 1644.71581672648 -1655.17647012047 3230.32170367311
56697.788917 -689.910411843452 25.5395048919958 -8.07396 2.937140574 0.964130867602208 -0.652733894707012 454.377528448214 -114.902422758069 -2114.85621381066 1995.8316181423 -1390.34880667286 683.402170407515 -298.462159114728 -790.301296348661 -696.408774606604 2235.94318114988 -1741.44929187082 -315.66070069006 946.707324581168 -1080.48145764204 2320.40370567206
56712.791363 -205.177047658633 21.3001288732259 -8.42258 2.948650047 1.11596149532843 -1.34594252343673 -175.920555303981 745.586726034717 390.034281593201 17.666454990684 -730.450191626583 1385.9835934081 -559.030943574559 -199.906801517921 -485.809530382593 854.598896648438 -1003.09525034963 -649.616579209048 2349.89698198285 -2390.69447332341 3847.79213245164
56713.781551 -292.257379932021 21.5891342647539 -9.91203 2.94734477 1.0001111646871 -1.34594252343673 -1173.5908018445 1343.27997744847 263.406104505928 -918.110128531884 -767.560700349079 1823.92174249588 -122.146235837735 -519.754599336214 -1033.68504497177 -9.44485746777099 -707.693911921229 -563.33172308993 2498.65006087018 -2043.36916408971 4167.08660297643
56714.770625 -348.340947025734 26.8818161479222 -0.59826 2.948045778 1.01588898132088 -1.34594252343673 -1333.25152609262 799.743262872131 709.599010993792 -1262.35304056051 -695.459787558701 1258.77798822685 -343.78643154443 1774.64722443053 -2115.2955695369 338.183089653089 -1595.1883264718 463.87817675337 1544.58815011748 -2015.93896437787 3565.79431670477
56716.764372 -211.941451419612 22.0697687143076 -12.02424 2.940266344 0.77502357644536 -1.34594252343673 -1860.99634551076 868.546591712829 -719.398224768767 -1524.7776950868 -260.602102570062 915.227222104561 242.121337858947 2171.53626232192 -1795.54240140242 -766.11660527821 -1250.87312061593 638.31154427979 1086.63831074737 -1355.96885606406 3912.66539021527
56717.787019 -556.401920668597 23.1017511262086 -10.47016 2.946449102 1.02397337643818 -1.34594252343673 -326.878041474759 737.03106175616 243.352502958342 -455.40050333079 98.659034967189 938.85817014885 -620.956495025095 1828.69995841954 -822.176080880638 146.424803257016 -909.249087110504 517.549612473699 1167.77794440241 -1761.47805383685 3514.69141121395
56718.737567 -699.508173902479 22.5650905989864 -2.88175 2.941996377 0.911122423073942 -1.34594252343673 -1083.33970349527 1196.69583335874 188.040149608783 -1060.32750363213 -180.55589773087 1092.36352598533 500.534142390601 1440.06074644973 -1015.20830170783 -282.770616205973 -1528.15270990663 1221.67157091323 1004.05110115858 -1235.55325961485 4370.68282743803
56719.746495 -365.00081919379 21.2406276991711 -10.71618 2.939936851 0.887326048823662 -1.34594252343673 -811.27890847506 726.758162622023 1623.83396783801 -1253.16101713467 -134.660051963565 717.825943204845 212.003375102281 2880.17453614598 -44.35151369694 -786.114243429552 -918.689391396688 420.929830722878 943.191159202181 -1405.3312688185 4373.35438784622
56720.776348 -477.883241955576 22.0362220645425 -11.99427 2.947925088 1.00576045854309 -1.34594252343673 -358.869112625119 701.799042958904 307.304591667437 -358.378348930978 -215.541618468735 351.900537468714 1170.0451844868 4467.05047726326 -3664.20724011599 1278.05204031851 -831.614462977939 169.539926730324 555.215397246788 -400.624745863627 3959.20325398317
56721.840783 -366.61869369272 22.4161402420954 -5.80804 2.941539034 0.925139334886571 -1.34594252343673 -603.743547451048 637.678506708326 631.122320649335 -427.985894118159 -844.287599158898 902.598506505679 500.415156876754 1982.68515469681 -561.316230430283 182.259844171582 -1405.56777598051 -24.24559809215 1067.26906285241 -847.899304438826 4237.08339562179
56722.767771 -566.683892371368 21.6239297346552 -9.69017 2.94338922 0.908776536735195 1.505871559014 -451.977522819621 743.078242517429 1148.10746578101 -652.861298050505 -359.680822304601 645.687851683591 739.826580294202 3080.84180223033 -2012.19439146647 877.188039005689 -1445.72782130533 332.51397013876 773.484697224739 -433.099284396561 3912.73588984368
56723.831797 -684.604349188981 22.2675493672572 -7.59262 2.942069566 1.08442492620628 -2.33419772401865 -255.992810769393 752.967728852521 -479.13328037063 79.3132812725399 -417.007326577141 879.043412392447 260.605315092641 2625.9899814435 -2142.1654096181 812.887818016699 -492.737789298429 -405.87549601679 1217.53376101333 -778.972069824227 2947.24046423828
56724.664996 -696.259937383572 22.287264602861 -9.86586 2.940559149 0.858935200776821 2.88136961018261 -637.74775736007 1139.49905703199 21.154436906117 -650.888832557953 14.39571562637 1110.19561743602 52.9215221955658 47.1653956781353 -1049.69592164066 216.014309524081 -533.687118315841 -79.22848473364 1219.60278150821 -339.955768889903 2495.16592878014
56724.819142 -703.11949773483 21.8962625043011 -6.66442 2.9411411 0.771050541978784 2.88136961018261 -223.653771622979 616.71558298707 477.120973239704 -2.92219292916593 -829.760937471108 1115.15198814804 -87.082768758067 2383.90247907452 -567.065275949414 486.901946243722 -1300.09313917537 -95.5030827237899 952.970798721335 -187.240868715637 2568.41004981998
56725.819715 -406.060433383163 22.1033230932841 -10.08371 2.94600315 0.848859031193087 -1.42835395955189 -705.859215505436 1240.02423800812 555.943917241624 -519.507090145385 -812.905382332075 2000.28908128595 -774.521575370245 -1053.75522521609 204.120421177093 49.963318730403 -1358.97643449745 241.91875947435 1974.25888834731 -937.335627530235 1206.31269600785
56726.705643 -651.727114085072 22.0740578640339 -7.7259 2.94298359 0.74128792446426 1.39054145269626 -643.498466127702 753.878141867787 343.610640081506 -449.859551130324 -677.748120787611 1183.09221455412 -133.652910164548 1595.04167437617 -1795.34369666595 633.681666643948 -893.282162292148 -324.13935957134 1282.52762528103 -191.47244332983 1182.95936168714
56726.808723 -624.098412846289 21.2668685982329 -12.82766 2.944845286 0.951059161482164 1.39054145269626 -253.321688937327 704.939610328047 16.7858873795969 90.207226944124 -797.652277000484 1493.99686311472 -841.723457869844 -498.331954640255 -326.442625302027 726.920957727972 -1069.09019345963 -495.83037492385 1744.75415593046 -767.507857232531 1272.63458919796
56727.745772 -296.912750556105 21.3604361484485 -10.44974 2.947708188 1.18047720995949 1.375688413815 -493.153643134441 857.996058469445 105.21102192405 -169.383824137914 -814.328101443356 2005.32680635801 -1725.68254084619 2821.91202386073 -1552.34751383253 629.802509779617 -879.834495945768 -755.225628968957 2573.48874305938 -1682.87934123026 764.96214276491
56728.721606 -432.797721050605 21.1970586833549 -9.34433 2.94785148 0.964441910305586 0.522891421977794 -654.744747854118 319.732815598078 -871.948112833457 129.930507957687 -1170.4113854371 1299.19357936054 -790.327471995769 1930.68254272032 -2127.88217937527 1090.5706306345 -1485.38397683363 -257.74735089076 1397.58560529165 -763.765374180301 1142.7399891823
56729.72679 -575.995541072387 20.8598411878526 -9.21571 2.947542651 1.46209836241696 0.522891421977794 -271.767588034915 721.655286595938 -948.396420394789 220.461497178865 -452.826164869159 801.022180243545 436.51682065656 476.012464251463 -1021.27688875595 570.675571242459 135.944105772992 -1509.52795707016 1630.30412466778 -535.577031072321 2511.99754290488
56740.745134 -219.985100878331 20.7291437757829 -6.21631 2.954034195 0.928031128594642 0.774849371923361 -350.254114085083 860.306986592545 1334.82473128375 -215.668338368437 -1274.93866779673 1273.48480180197 770.973819767471 1756.32508909361 254.411606339649 331.890044100215 -1467.21967123231 -837.977671863985 1937.08409650918 -678.298685265749 3545.20556916185
56741.657045 -283.492527166205 20.8799652894273 -10.89482 2.948926809 1.34421551107403 0.774849371923361 -787.738762201276 1000.22354315989 -1177.78671614247 145.23057096457 -1305.18991566541 1412.62946102575 807.572927018832 1744.90005714595 -1463.35194934201 748.561398160557 -1495.35620548662 -574.53151980087 1660.59335018204 -229.370682299502 3463.52595298968
56742.695366 -640.353078268196 21.4473411745274 -8.24052 2.953008072 1.12050174921965 0.532048686783438 251.052236261386 808.905880568936 668.235677681807 474.040009852926 -987.828449085683 1130.84668984952 573.867816262837 -374.535160555121 334.336028063698 969.377966795864 -1253.14581052448 -472.28663281993 1544.42643140535 -596.125592088971 3050.03621843693
56745.614222 -430.987328406201 21.2161553465962 -9.10915 2.946120084 1.0296438066137 2.01753715724391 -176.576711391756 1264.30958635361 500.353659949491 124.883733027696 -1056.62628283273 1950.74718900072 -230.916168022534 -825.098742630625 1128.17403044266 235.403218502762 -1399.39994529731 -358.32739985156 2447.784156537 -1350.57301240065 2717.90729972292
56746.716007 -293.848859100925 21.2886402915262 -6.89493 2.952956136 1.19076316659236 0.78469208286991 25.428622887249 1028.41365046065 -87.777366512127 560.479574326423 -1155.641667286 1498.52273415872 436.46677463731 1965.42248264608 -880.219290312056 1332.02687288089 -1522.35018555606 -837.530430254685 2336.11331329897 -737.617208320977 2283.5650417598
56763.638265 -849.006503170992 21.5293518148494 -11.28738 2.950284922 1.07400318511415 5.68816131824781 335.730662695754 549.723755946749 981.207104638025 460.377337741468 -968.370937713663 1274.33317062358 -447.986085506644 -667.112582076378 571.671487033584 1019.62517080813 -1672.13001405265 192.67836047897 1868.33786502664 -1735.45799773618 1488.49475243748
56764.608497 -799.450393705092 20.8814896009216 -11.18327 2.950852072 0.987194397737838 -2.45480121396622 -261.958978884697 966.970619397229 350.046790853773 -262.986387499772 -248.758406924151 1678.96350709303 -1406.109375452 -1674.33800250476 788.95044471223 -114.058853585132 -352.225917977488 -500.73888551817 1894.34053787311 -1004.8449189173 871.646350714656
56765.530894 -401.976235379357 22.6362627303894 -8.73402 2.942679849 0.88472732989859 -0.598568171448466 -1487.02153310981 986.279787959938 -1636.84099232781 -674.487942551477 -663.288850967036 1701.27650556461 -872.077624078437 -635.171740955328 -1353.33389299942 -152.738241001034 -753.97246368253 -361.16605622806 2414.94480869511 -1893.95604684547 1127.77996602391
56766.534987 -701.331340508185 22.3098594404416 -12.45556 2.944149796 1.57213957997235 -0.305014413959618 -273.643010619285 1029.04654930088 -192.48389009255 219.521078775237 -968.959229095333 2101.83519389746 -1317.13937680723 2016.65060153052 -1619.05326940512 898.849387540483 -955.154925626513 -336.17604388293 1898.36498139563 -496.969868053021 302.299941134432
56767.6197 -657.824874618899 22.3336682008601 -12.54049 2.948460399 1.22998142145255 -0.594209904791212 560.234539360835 511.493676133345 -2228.14411587181 1841.91778319577 -1300.75227841101 1513.182884342 -684.772503381855 -1044.20882623357 -753.046510935854 2067.43392622658 -1209.56617550422 -924.823950787079 1782.06204436107 -780.70939549761 2113.3392466653
56768.627806 -405.109399619082 20.6304155726098 -9.70805 2.947386402 1.23060632054918 -1.10426473543263 -1029.2073173908 1180.10251554272 1418.95645615068 -1149.36351997389 -764.097632373606 1722.47239324411 -265.817550610929 2962.8505446336 -1147.60935198372 -166.104358621092 -1142.58518486616 1.20521246571002 1583.46654569054 -1061.68325172332 4553.14456769489
56778.54091 -452.922969116307 20.8432071152752 -12.0259 2.94550356 1.2518101043535 0.64594002284801 -681.981313982857 596.346655237937 -364.124167996691 -323.598757757924 -563.939086443892 651.242058957025 652.677859046187 928.670348953745 -2227.70521166671 813.061353380614 -54.52749797399 -1433.43506009136 1296.5933464921 -578.678574147593 4483.64162953852
56779.600943 -684.61675236569 21.2259767531155 -12.44897 2.947909727 0.977814406518551 0.64594002284801 323.519004890858 172.489906362698 -739.021483751254 961.838723646558 -944.092528071108 432.947268425137 678.335789094097 -152.331707726395 -602.796697489699 1448.69789830936 -769.287577316039 -1240.67386342104 1018.62380204348 -608.140167980658 4820.32975475637
56781.530809 -508.420394534764 21.8730012626992 -11.03025 2.938558206 0.872738104258855 0.456177074599536 -56.426469557313 351.554807245273 944.532196541327 127.481113503181 -1085.68174593187 609.236744070405 866.465592557081 1182.35850259294 -358.651630413103 826.867229160411 -1090.88577601911 -844.301027330066 988.880335376085 -301.5319624341 4100.73614283803
56782.51155 -545.4894223273 21.5976945950251 -11.13874 2.94373236 0.767427326086566 0.456177074599536 221.726627712333 538.556013551368 -2216.66039205783 1354.97132349655 -1009.10374296632 739.107288978837 910.597280134183 -1587.88496543219 -594.382967229595 1696.63894830966 -1424.78032488118 -495.11310043278 1155.61547263081 -554.789717625843 4546.77508255497
56783.631955 -766.515345614353 22.6603330647075 -9.31384 2.951298288 1.13384209261969 -1.25006179318634 37.7962306729549 909.397128267309 -771.459180667704 547.967441605765 -584.296325991025 1133.59764453665 239.49472448782 -2609.08954194032 1566.38858589411 201.960411011923 -982.025854687948 -46.96001491986 1434.01641757478 -1308.53138236972 4318.04294291277
56784.587602 -510.977116958043 21.4389533648392 -6.92009 2.94859627 0.977317389603611 5.73454002926269 1.50589414805108 188.709926851537 1095.53955804905 163.121834709481 -1161.20537441172 653.086255831648 467.460827903757 2048.50768530592 -1569.78093786866 1550.83181246774 -1438.56085666352 -687.603290436234 1211.85484601044 -979.9382160159 4290.86339970954
56822.454912 -354.016119130001 24.831787150223 -1.32161 2.946106301 0.877291069605959 -0.776536579546653 378.999028081066 849.275673121815 853.810123065019 500.29931038053 -869.122217645068 982.265799182084 765.043890698984 97.0946256452501 811.896181228006 737.578956013494 -1031.11571960451 -495.613278240492 886.013787013186 -28.907353791814 4768.06089379789
56823.454293 -243.125696937909 23.4727113020275 -8.99984 2.943666834 1.05903632639124 1.09821190559512 -746.243758207523 1779.63415136493 -2453.32212399304 423.010809493415 -751.382218652003 2035.98075106805 365.695260681007 -465.781259891004 -1505.34033146476 919.167172813531 -1386.54666120339 91.9812149802201 1901.47144380674 -510.059080308752 4510.88335288315
56826.493163 -59.0714303549139 23.064510548129 -3.53805 2.948442686 1.36047467787962 1.65176708496206 -282.710656675681 987.355372351799 807.050661262013 -461.563916521547 -173.570983059607 797.331362351551 716.961047887411 1071.58435329308 -635.149767875482 218.902433512107 -543.962859352728 -105.170701064562 677.645437051123 -123.279376933743 4732.86533920727
56827.493656 -337.59557226043 21.7326127747557 -13.0818 2.948211812 0.848590941324901 -0.858113247711364 -637.727767265201 2027.92345682191 -1156.36275336147 -239.093638058305 -98.9330410981071 1929.31554596101 394.616823356924 1236.4955811296 -753.244839076569 -160.017988616558 -110.566040147769 -662.830062224415 2304.86412291471 -748.30727357409 4541.42809208811
56828.501242 -215.252151886506 21.1369177757525 -11.72951 2.941130662 0.980180646426871 0.166429501734874 -572.207648899825 1395.45793184377 543.813667278536 -238.870175561137 -1151.27640296165 1652.16865799533 1006.59611404787 1619.6235566823 255.589908491011 26.19162672926 -1632.59542804739 -116.21911915598 1505.79571937829 68.3796416448542 4684.60028714361
56837.492926 -153.972156467006 22.7372098138028 -14.58231 2.950260985 0.877129481042885 0.499254462004257 53.65095698613 958.619365480194 -2117.98977232528 1389.10431154672 -1496.12294652359 1882.35238509288 -260.720332139549 -317.625113745415 -1750.0266701122 2351.14983818032 -2208.64285810879 -302.23967280915 1961.17920259563 -1126.06480894443 5280.71977438164
56838.47407 -219.308352073525 21.5846219735827 -6.1973 2.940358389 0.960905198821331 -0.221419746054535 -1047.4985251272 894.292137617637 -1249.50681001389 -318.793493863441 -784.551576155052 1231.51444935958 258.50593980973 -1150.75919766387 -911.965238153931 309.999976709119 -1176.13183919397 -250.17246276764 1098.5000719242 -581.723478734223 5735.36685827657
56839.478407 -380.201966200615 22.6812927065553 -11.40307 2.944703009 1.03749177376375 -0.423144944798597 -478.635474648929 934.856272717198 341.074164337738 -333.740055334825 -560.332209967109 1050.5634533605 485.211934022642 -372.094130572895 55.4439755053421 239.605825557481 -1320.79913944826 235.93384120481 739.537837466753 -370.967989842156 5558.64715611577
56857.460518 -500.818743949445 23.1799697366955 -2.40455 2.95183449 1.18794528675372 -2.08441927038892 -2154.2369608923 1157.53829725155 -352.150014929071 -2159.44921232763 258.561766401 964.40202476418 134.509583317355 2183.99383892664 -572.997676680052 -2282.71192400063 469.11715768065 -670.97229837303 2061.55052030455 -2392.50400304456 4681.49477975118
56858.47755 -471.486934251544 22.2274537447084 -8.65063 2.948910223 1.09788076799314 -0.670395243577495 -1333.01228888282 674.907367706639 658.332768199507 -1121.83840056942 -929.201358735919 1035.32111585771 377.054788153469 583.466503500677 549.449894011683 -908.177803281126 -1421.16785402107 83.5656091876299 1574.56550271323 -1804.92680023141 4433.05709760499
57018.844391 -373.505681006896 21.5873696682155 -8.86075 2.953224198 0.923306092123617 -0.642840355009776 -608.986088979768 718.959336182287 -696.324405354869 -71.713105466899 -735.524196092374 1320.09153944733 -459.007576871763 294.426632474137 -1349.33411468652 762.2382723914 -1264.68460608915 -1.71371272299007 1688.84222282555 -1372.52708927107 2208.17672355045
57019.868509 -105.969287602528 21.0324927549657 -9.12686 2.947654098 1.01047271092055 0.115043506393308 -480.269947785133 290.016348344796 -1142.61050847345 197.489222753972 -724.436545873797 655.851922984971 106.066998933924 481.810892266351 -1933.20254911646 1241.99568929693 -957.795080703411 -767.731136122534 1308.50498938404 -540.671568299446 1550.96991057686
57020.84378 -585.13797793086 21.2519798075898 -11.17915 2.950051142 1.14205449154845 1.09271808616607 57.406930829971 946.571069959103 -1459.69906440111 578.701099209098 -158.36534772688 939.13624024079 237.371295368628 3593.47573766909 -2546.83743391471 1134.59686346078 97.490008927854 -985.010593516948 2040.24822407346 -1759.1175704291 3439.81840035751
57021.844886 -745.974103606875 21.8677581458717 -12.20161 2.952144881 1.16000329482891 -0.531448049398371 -500.925724748833 921.599824930495 -2354.29233029242 332.93869829005 -202.26602795401 1121.49861358152 -211.826803935364 745.212808293536 -1712.84293438192 500.27396515252 -144.28879867993 -472.60202672624 1794.94243252779 -1669.98265218154 2817.28264516627
57022.874432 -481.227218226812 20.812449279626 -4.32894 2.955391025 0.964999473009198 0.370765654770185 -253.193063860021 980.592354926178 214.831945278506 289.605937482863 -1412.05566171443 2151.84595616201 -901.315140626876 840.972898452907 -117.839538451443 725.633965062245 -1788.31506417871 -104.32956859855 2690.55178792126 -2165.83681228551 2198.79449382198
57045.860911 -255.51285771499 19.7454431093452 -7.01057 2.948957087 0.840356570282861 1.17825248129554 -673.191737533728 299.477509916149 26.0224616557016 -184.275397544839 -1170.92195145783 1187.12404378971 -526.651171865253 1924.63446660253 -1120.79804062494 692.791364158988 -2007.7927976605 352.32058270091 1185.45467337404 -918.558772027525 1782.19976511264
57046.82849 -479.428500933335 20.6877643849365 -7.1346 2.945920081 0.881874270750732 1.17825248129554 -822.341017457514 575.726335109525 -130.072338369742 -513.212892785625 -624.356040494009 1289.92967552862 -885.855914120369 -845.813228037091 -279.42473779224 -53.252649920746 -1176.01412755818 499.17727635921 1196.99993587744 -1386.76312851251 2001.97171198541
57047.803082 -516.133259321603 20.9429449302894 -14.3138 2.944547643 0.990772508643401 -0.801097595128826 -526.126668979014 361.640583540093 447.732515209643 -130.534747704537 -1235.5305020269 1340.61904356034 -681.704189715053 2695.24415926082 -2046.6530694572 1156.00675299883 -1714.16203019007 -46.5308831416501 1478.94477976053 -1000.60957353855 1469.23469393599
57048.829182 -607.658464256457 21.7838625939404 -11.26627 2.951523278 0.938191484538199 -0.801097595128826 -1109.62491384296 232.789003948126 -678.566548813461 -681.306827966411 -483.379672065239 872.690038394889 -902.412981935729 -666.850312105845 -9.47962916081406 -571.766468955126 -1081.82379806988 592.62842486578 670.59044503529 -1339.26463750331 2263.57534375685
57049.837861 -338.984477837348 21.7094628735376 -13.92949 2.94664042 1.35291926391307 1.79155164217778 -470.44331590211 381.484562246841 -1892.4205535514 287.220290908513 -363.133439162312 1013.13038737643 -1058.56495850046 60.37541389974 -1241.86299246511 681.605525600148 -742.791776945694 -291.296560379051 1587.02242764724 -1728.98902176112 1726.16170742343
57050.823874 -635.059250291981 20.7360889364098 -9.67687 2.948011146 0.94780442231499 1.79155164217778 -82.157373582849 540.77607037241 1231.55348692877 -254.05351914687 -490.797713522869 1365.73762476335 -1348.03737647029 735.239880097295 -222.024362175104 512.720772761414 -1421.04743757798 745.698509275722 1306.52580159737 -1610.81767878684 1418.48643130565
57051.845202 -496.003584622944 20.3286071559261 -5.44364 2.955429042 0.74833882813594 1.22162069820082 -242.904244809033 152.953647686359 -277.015139903563 106.527940007248 -609.381107736742 1222.12440246271 -1797.18770923234 1421.46740547216 -1899.73233836597 1288.34249853085 -1435.2715195997 357.70378208754 1389.35976910085 -1868.44469443521 1116.45362118943
57052.837984 -659.720600445572 20.728056158765 -8.1158 2.956432661 1.16116815304076 -2.16877097029991 307.522724910673 376.5563598591 -385.120912803543 784.597071686285 -820.518554257765 1322.56090076872 -1185.57324215663 683.112765502395 -1010.7655092861 1567.55201219085 -1953.42117522488 939.433813721021 1178.98206446778 -1307.51166106985 755.538644399886
57053.822872 -476.717554896625 21.523455190291 -10.40044 2.952970016 0.754360612500029 0.946901307452413 -798.153979523779 554.488222948689 2120.71620837264 -1236.91041052685 -562.99748742865 1468.66463740968 -1468.71146382096 -12.967661819547 549.034688448954 -407.249368910627 -1507.0426038284 586.65739212881 1609.81690385998 -1772.74272396351 1017.84930274395
57055.827529 -398.653305223721 21.7112433151297 -9.8161 2.951008005 1.04314332259593 2.6080558421805 -351.081629671636 428.003700968497 -1111.84104872456 322.205792721957 -732.502009671676 1163.33742201419 -802.863489010643 1453.84821668317 -1480.82999779683 808.538330535533 -1104.317571932 95.0869402870501 1394.95009190465 -1035.83249105398 102.953405733007
57056.823768 -419.630784425125 20.4017804701599 -5.75334 2.948649992 1.16188659005581 1.50616381027545 -286.866899908315 174.223901868714 -467.501268558799 2.54705300159696 -325.747971229735 913.901391554578 -1370.80865912424 651.856516566173 -1368.09745568123 829.88562932263 -705.15626367769 -246.65394256823 1439.16321589624 -1478.7069129411 234.959887087921
57057.817621 -305.387849565645 21.6602045237909 -9.10419 2.951456476 1.190051496496 -0.285324057160025 -737.440341322534 134.284041757153 143.585713676988 -322.402243253637 -1040.70392919154 1243.97769661644 -1294.98450654795 295.667445923669 166.822228235629 -165.13093423656 -961.147627742209 -522.834249146792 1690.9621122808 -1508.29409973126 362.001675329905
57063.818028 -925.36702445587 21.3747177489214 -10.00999 2.949025675 1.01265982282743 -3.12344955884993 -333.028253714489 828.960713889178 -517.07777530159 143.999253521813 -718.814825849163 1449.5430503902 -530.684655418566 14.442890347869 -1128.93465032622 766.520100444248 -788.703272585718 -238.57257730067 1821.44007256919 -1461.05121835568 2135.68208616982
57064.868448 -511.146156064949 20.9277321331647 -8.13205 2.948307575 1.11386771714317 2.3657002917305 -548.901662444282 239.128882320473 366.777410031355 -363.591320093986 -695.96878611514 651.872372551055 -49.143566929279 10.074801922407 -78.499323252696 102.714369238957 -706.005548136605 -738.67694249781 1280.92621710731 -1209.00588193015 2965.33264496798
57065.836178 -495.330792798044 21.0050245341068 -5.94331 2.951856704 1.09493929548287 2.3657002917305 -233.210774238616 655.941896419055 266.575279400461 341.524809559617 -1502.95746447779 1742.59139834282 -597.572118562245 2772.58091844011 -600.057266698832 769.557500103833 -1707.202605731 -351.08200120876 2282.20929751533 -2000.20674182194 3058.52792924698
57066.729781 -717.897758003734 23.4362452724596 -7.70275 2.945575513 0.876487608907597 2.3657002917305 -794.086688757695 889.593128712288 447.967950250998 -598.278353028905 -732.249619621309 1112.19570148704 408.075189863941 2143.8688190536 -1130.42688555717 48.8447504654761 -817.373683014112 -424.71921810513 1571.74626804395 -1376.6106120326 4442.40996301664
57075.795269 -688.252272945942 21.0383761896026 -9.79462 2.94939013 0.943547099684681 -1.12560045192838 -24.127335666915 711.748978080842 45.601599115023 391.006627740826 -991.951840096322 1239.23001389727 85.5856890816849 2344.47537860933 -2475.42732155324 1686.06851421154 -614.252428969205 -1320.17390659229 3219.68021602292 -4001.91135930732 5648.34122739209
57076.810866 -584.258283678608 20.3619555040098 -10.14639 2.952938656 1.03458254800848 -1.12560045192838 -113.057659720817 218.823431498298 -859.151003144458 739.838752334788 -1365.97783321299 914.567022681807 215.288756853684 2115.74893293708 -1406.90144035633 1299.17844022474 -1291.61087876161 -779.00028991195 2526.53424693405 -3924.71104033534 6190.86523513574
57077.795256 -507.020972916859 22.4886462866262 -7.86009 2.951310654 1.11252140901847 -1.12560045192838 -82.971796446624 1219.59192622712 -1003.9166855853 838.946271576892 -1346.1290860925 2035.86054109507 -175.304554740717 -43.63870579147 -1954.16934741179 1898.93930525971 -1464.11413173475 -457.35514151346 2747.64906390665 -2233.94705410417 4061.90115528614
57078.810387 -158.381718830916 21.0233638041877 -11.16967 2.951630439 1.11432586082424 -1.12560045192838 -1230.03287444865 1083.5692238424 128.115314741054 -969.168953276691 -696.95981280126 1631.8741927401 -374.677833683543 1762.77080851984 -1729.08245742944 21.154070173316 -673.486808167029 -703.714692803664 2367.82011787135 -2148.21538775888 4380.46768488557
57079.752863 -212.41810845019 21.8756673172953 -9.29763 2.956827581 0.949415249208477 -1.12560045192838 -1373.46770988007 1243.5896497701 -444.713175388991 -1027.08659270323 -463.652774640346 1678.54651257478 -431.911505462614 1694.02750067292 -2589.27485921327 162.324575188184 -391.677005075417 -739.873689326419 2480.5415330944 -2183.28903138304 4129.05851432865
57080.788778 -595.771088919327 23.2250876812077 -9.88807 2.953223154 0.894525977169351 -1.12560045192838 -901.19838891291 873.811413181777 438.447163714702 -1027.46804113447 -40.9380762436599 1090.59418121932 -473.08697098085 333.666755706133 -1171.00584340514 -184.130903589413 -230.461758338322 -122.9381283691 1555.45886866082 -2250.71008877761 4608.99115741022
57082.794062 -246.233509245494 21.2077407984886 -12.79022 2.956961316 0.914354694528585 3.71666099013799 -901.265291855584 339.889609630588 -520.630520411105 -422.287592311732 -717.646690523194 678.37022628194 165.131708385049 1559.75405197418 -2088.11984548206 657.6131957834 -1200.43622948092 4.83815230496998 960.003989443627 -1373.49682830134 4248.79638737494
57085.791436 -336.316666358847 20.0664414652722 -8.95494 2.952701226 1.10517556067299 3.71666099013799 -139.102156052308 387.025489846396 -1201.53362225453 579.998649992299 -745.891153459511 634.953270883765 445.468495339346 -669.592196822175 -783.903196748605 1092.50411432516 -1203.17636716781 -147.782398309696 1045.38860852541 -1208.74282739216 4330.96437455965
57100.761528 -267.787782169275 21.4805644489327 -7.52779 2.954915012 1.01213298256341 2.42241139162054 -158.126595073678 887.383883943843 -1156.22565163281 968.153756092174 -1689.1666519867 1310.20244395162 1267.02212528091 562.25000344145 -1583.70532633568 1901.77690362849 -1917.35398949875 -692.24083105556 1589.08113451401 146.936201910406 3440.92789680456
57101.701955 -316.117656873262 24.0380231926096 -13.72727 2.953887527 1.12497269363001 -0.534775804630971 -177.819620415954 1023.83863490083 -810.911523920237 904.289733088365 -1697.211848638 1053.45074403845 2085.7906108081 2423.87462107202 -3440.71489072421 2443.84667618163 -1850.97679292549 -471.33504851874 970.198985833798 1128.68666966816 3047.25352279261
57117.697316 -649.549468554725 21.6687208201574 -11.36601 2.953219633 1.08442915859035 -1.67325785470101 -192.364485075596 948.685680800937 2483.60941321307 -715.358247078781 -598.591453941935 1524.05290776538 -588.949914237345 -921.872190154085 1958.59927449735 -386.619698309839 -1159.82739978366 -147.76155165833 2116.73931987857 -1628.73684722743 2144.30560033008
57135.656832 -409.725636349861 20.1745248603209 -6.56394 2.95347576 0.919896886474191 3.3988060796688 -408.883895437136 1116.06839593628 -736.798527090366 389.794304822541 -1316.43245168053 2025.09149414008 -383.523495055112 -423.251270052146 -318.860910522687 890.924004259194 -1649.86962075042 -562.01191415541 2315.94630941162 -1414.11315807509 4780.0962159923
57137.559269 -436.555766850043 21.3261053237504 -8.63038 2.945762975 0.946459457533502 3.3988060796688 -899.381098789365 1026.64619553006 875.953953487806 -709.600550596955 -1068.5807241292 1651.67598701734 -53.4852990995881 2966.70267363276 -1099.61376166476 104.593461737235 -1217.22306606824 -543.60671991768 1791.12125131055 -1000.35061861029 4756.86131109362
57138.658439 -581.251647508385 21.586026850556 -9.62961 2.947885246 0.771507736532988 3.3988060796688 -826.954552906199 843.55685247551 434.433697330297 -661.829284199433 -694.113739244015 1224.30158951729 22.249013611232 1043.52506607331 -934.37171815061 23.084196540805 -359.516922357197 -992.559113039238 1635.64389465833 -1190.72575903551 4811.64434390892
57139.662591 -708.003597516922 21.6494437006267 -9.42531 2.952209673 0.747399244959358 -4.30847093834424 -31.108911934728 844.642684863377 -1310.01509175154 562.831761544812 -414.806717822032 922.983456239236 380.675714298204 -831.142802174795 -1119.49267109632 1154.23945407771 -384.932650630828 -908.552671879888 1447.21954231073 -896.921602536947 4707.21133288114
