Time RV eRV Sindex Halpha PhotonCount ObservationTimes
2451755.04627 2.72 1.21 0.1856 -1 110518 14
2451755.04921 4.03 1.27 0.1863 -1 109283 16
2451756.05946 1.22 1.29 0.1799 -1 106370 12
2451757.05676 1.59 1.33 0.1726 -1 109403 11
2451757.05875 -3.46 1.22 0.18 -1 101560 10
2451792.95272 -0.87 1.42 0.1934 -1 78722 5
2451793.93293 -2.25 1.32 0.1927 -1 90225 6
2451882.7638 2.42 1.48 0.1599 -1 89633 4
2451883.79832 2.27 1.51 0.1574 -1 89809 5
2451883.79942 3.22 1.46 0.1563 -1 95088 5
2451897.94462 3.58 1.58 0.17 -1 42647 5
2451897.94566 5.59 1.28 0.1555 -1 108989 10
2451899.82582 4.68 1.21 0.1636 -1 115388 7
2451899.82691 2.5 1.27 0.1642 -1 90785 6
2451900.76957 4.7 1.41 0.1648 -1 121239 5
2451900.77073 0.05 1.38 0.1668 -1 99369 5
2452096.12824 -2.07 1.68 0.1361 -1 66861 3
2452096.12936 -3.28 1.38 0.1325 -1 81872 4
2452096.13081 -0.6 1.51 0.1423 -1 77803 3
2452097.13097 -4.18 1.54 0.1425 -1 83847 14
2452097.13218 -7.06 1.66 0.136 -1 82101 17
2452098.13161 -0.58 1.43 0.1383 -1 88963 4
2452098.13274 2.69 1.65 0.1384 -1 85581 3
2452099.10578 1.31 1.48 0.142 -1 110161 4
2452099.13215 0.37 1.39 0.1405 -1 117435 4
2452099.13327 -1.86 1.44 0.1431 -1 120734 4
2452100.1124 -2.83 1.44 0.1455 -1 103668 4
2452101.13267 3.42 1.61 0.1408 -1 113099 3
2452102.12998 -2.17 1.38 0.1314 -1 93390 9
2452102.1311 -2.42 1.48 0.1315 -1 101595 8
2452128.129 -0.55 1.41 0.1506 -1 106791 4
2452129.11191 -2.66 1.49 0.1598 -1 76519 2
2452129.11315 -7.89 1.56 0.1637 -1 106459 4
2452133.13896 -1.24 1.57 0.1549 -1 97840 3
2452134.02013 -5.7 1.61 0.1524 -1 93806 3
2452134.02125 -3.88 1.56 0.1567 -1 82529 2
2452162.92826 2.84 1.46 0.1558 -1 102305 7
2452162.92936 1.7 1.57 0.1514 -1 119029 4
2452187.99877 0.4 1.45 0.1418 -1 102431 6
2452188.9594 6.79 1.83 0.1747 -1 93471 4
2452189.89654 5.48 1.56 0.1624 -1 88990 5
2452218.94089 4.32 1.48 0.1427 -1 112112 33
2452219.96014 -2.79 1.93 0.1513 -1 121721 4
2452235.74579 0.04 1.45 0.1649 -1 102925 5
2452235.74688 4.13 1.45 0.1656 -1 129245 0
2452236.77602 4.74 1.28 0.1527 -1 135166 5
2452236.77711 1.28 1.4 0.1621 -1 108798 5
2452237.71928 2.49 1.54 0.1435 -1 109308 5
2452237.72044 3.78 1.44 0.1542 -1 115681 6
2452238.75668 4.22 1.61 0.1443 -1 110853 4
2452238.75777 10.94 1.57 0.1672 -1 100421 4
2452242.78276 2.12 1.33 0.1534 -1 114161 4
2452242.78382 -0.98 1.45 0.1455 -1 107348 5
2452307.71141 -3.62 1.58 0.1505 -1 110886 3
2452307.71258 -2.14 1.47 0.1575 -1 95855 3
2452487.09166 2.36 1.4 0.1562 -1 112105 3
2452488.10725 -2.2 1.73 0.1523 -1 92679 2
2452488.10868 3.09 1.48 0.1535 -1 101582 3
2452489.04627 -2.93 1.41 0.1585 -1 98262 3
2452514.98612 1.12 1.57 0.1513 -1 143520 4
2452516.00767 2.36 1.51 0.1662 -1 109594 6
2452516.00881 5.63 1.46 0.1569 -1 120889 7
2452535.90858 1.74 1.56 0.159 -1 122707 3
2452535.90965 2.48 1.39 0.163 -1 119504 3
2452536.99377 -3.47 1.78 0.1437 -1 112884 3
2452536.99483 0.37 1.78 0.1403 -1 98864 3
2452538.02823 -2.59 1.75 0.137 -1 120419 3
2452538.02929 2.92 1.78 0.1426 -1 113597 3
2452538.92534 -1.39 1.48 0.1534 -1 123125 3
2452538.92642 -3.63 1.66 0.1511 -1 143416 4
2452539.92566 0.37 1.57 0.1476 -1 129150 3
2452539.92673 3.29 1.55 0.1532 -1 129057 3
2452572.93754 1.85 1.41 0.1516 -1 112792 10
2452573.8386 3.91 1.53 0.1504 -1 131290 5
2452573.83971 6.41 1.57 0.1511 -1 115312 4
2452574.91475 10.47 1.52 0.1521 -1 111809 4
2452600.71925 1.7 1.46 0.1559 -1 114664 3
2452600.72037 -1.41 1.46 0.1594 -1 128960 4
2452601.87753 -0.11 1.37 0.1582 -1 124594 5
2452601.87867 5.29 1.54 0.1598 -1 102000 6
2452602.81862 5.79 1.58 0.1599 -1 123605 5
2452602.81969 0.36 1.52 0.1672 -1 114915 5
2452651.75723 2.63 1.63 0.166 -1 63497 3
2452651.75845 -1.65 1.54 0.1592 -1 129343 5
2452651.75955 1.05 1.27 0.159 -1 129216 5
2452830.12934 -0.18 1.42 0.1454 -1 141976 4
2452830.13051 -0.26 1.55 0.1517 -1 152197 4
2452832.11972 -3.25 1.6 0.153 -1 117971 5
2452832.12083 -1.37 1.6 0.1523 -1 99440 4
2452833.09512 1.87 1.65 0.1397 -1 128794 4
2452833.09623 2.64 1.71 0.135 -1 96347 3
2452834.12522 2.65 1.67 0.1524 -1 124776 4
2452834.12632 2.88 1.64 0.1462 -1 113652 3
2452835.11917 1.72 1.75 0.1509 -1 109072 2
2452835.12028 -1.17 1.67 0.154 -1 129414 3
2452836.07697 2.63 1.5 0.1284 -1 111871 9
2452836.07887 1.48 1.68 0.1435 -1 111427 7
2452849.08461 -2.06 1.54 0.1431 -1 116037 5
2452850.04004 -0.44 1.39 0.1485 -1 113696 5
2452850.04118 1.88 1.38 0.1458 -1 116827 5
2452851.13313 1.86 1.46 0.1712 -1 136692 6
2452851.1346 3.97 1.59 0.1716 -1 134341 5
2452854.13395 -2.52 1.48 0.1417 -1 101945 7
2452854.13506 -0.56 1.45 0.1406 -1 110874 5
2452855.13514 3.35 1.43 0.1457 -1 94416 5
2452855.13623 4.06 1.29 0.1454 -1 103170 7
2452856.12273 3.7 1.62 0.1484 -1 99188 7
2452856.1317 -0.1 1.46 0.1433 -1 99768 8
2452897.91817 3.41 1.35 0.1479 -1 124175 5
2452897.91926 3.71 1.45 0.1471 -1 120290 4
2452899.034 1.04 1.4 0.1361 -1 130394 4
2452924.9299 3.96 1.43 0.1545 -1 126901 6
2452924.93101 1.52 1.55 0.1387 -1 107060 5
2452926.05981 1.19 1.55 0.1497 -1 120423 6
2452926.06105 0.8 1.63 0.1493 -1 120267 5
2452987.74191 -2.78 1.61 0.1513 -1 104933 24
2452987.74321 -3.13 1.55 0.1488 -1 103414 21
2452988.75823 -1.61 1.52 0.1495 -1 126230 5
2452988.76032 -4.49 1.5 0.1458 -1 112835 6
2452989.76521 -4.85 1.48 0.1353 -1 129821 10
2452989.7799 -0.77 1.5 0.143 -1 123507 3
2453014.73765 1.89 1.67 0.1481 -1 106318 3
2453014.73883 0.52 1.68 0.1491 -1 108359 3
2453014.73991 1.51 1.68 0.1487 -1 123008 3
2453015.74166 3.59 1.52 0.1559 -1 113932 5
2453015.74274 3.1 1.51 0.1575 -1 115982 5
2453015.74385 -3.06 1.63 0.1595 -1 151061 5
2453016.7435 -0.53 1.79 0.1502 -1 41883 1
2453016.74462 4.86 1.59 0.151 -1 80897 2
2453016.74571 3.62 1.44 0.1502 -1 144974 4
2453016.74678 2.38 1.4 0.152 -1 132479 4
2453016.74787 1.81 1.38 0.1522 -1 155811 4
2453017.76021 -1.59 1.65 0.1504 -1 84905 4
2453017.76139 2.26 1.55 0.1501 -1 116462 9
2453017.76254 -1.34 1.46 0.1538 -1 127595 8
2453045.70397 -0.56 1.59 0.1422 -1 107321 8
2453180.12752 4.97 1.39 0.1527 -1 120308 4
2453181.12623 -10.35 1.94 0.1546 -1 124338 4
2453182.12184 1.9 1.6 0.1534 -1 123558 4
2453190.10623 -0.87 1.35 0.1535 -1 131659 4
2453190.10734 1.14 1.43 0.154 -1 108286 3
2453191.12328 6.26 1.39 0.1499 -1 126943 4
2453191.12441 0.5 1.51 0.1499 -1 141267 4
2453196.10753 -9.32 2.07 0.1555 -1 43370 1
2453197.12807 -7.01 1.5 0.1538 -1 104311 4
2453197.12926 -7.47 1.69 0.1495 -1 87476 4
2453197.13043 -6.01 1.49 0.1586 -1 100621 3
2453199.12914 0.48 1.55 0.1412 -1 122398 4
2453199.13024 1.71 1.43 0.1477 -1 88735 2
2453199.13133 2.3 1.38 0.1467 -1 101409 4
2453200.132 0.7 1.52 0.1477 -1 111685 3
2453200.13308 -1.68 1.44 0.1454 -1 124561 3
2453200.13418 2.49 1.57 0.1505 -1 122940 3
2453200.13524 1.73 1.72 0.147 -1 128511 3
2453207.1025 1.69 1.67 0.1508 -1 81908 2
2453207.10358 -3.23 1.53 0.1512 -1 106230 3
2453207.10465 -1.26 1.47 0.1557 -1 101297 3
2453208.07749 -1.4 1.92 0.1506 -1 44435 1
2453208.08163 -4.2 1.42 0.1487 -1 101205 3
2453208.08272 0.3 1.52 0.1492 -1 134136 4
2453238.07598 -4.79 1.33 0.1645 0.03251 67217 2
2453238.08946 -2.14 1.39 0.1618 0.03248 65623 2
2453238.0992 0.24 1.2 0.1625 0.03247 75931 3
2453239.13673 -0.89 1.34 0.1611 -1 86332 3
2453239.13878 -0.61 1.29 0.1654 -1 96766 3
2453239.14121 0.97 1.38 0.1643 -1 89148 3
2453239.96598 -3.93 1.53 0.1618 0.03261 83070 3
2453239.98213 -0.91 1.18 0.166 0.03255 94563 3
2453239.98799 -0.48 1.22 0.1659 -1 92844 3
2453241.02 -1.4 1.16 0.1704 0.03248 81910 5
2453241.03186 -0.56 1.16 0.1645 0.03243 78013 3
2453301.80189 -0.2 1.33 0.1646 0.03272 114055 4
2453301.80259 0.4 1.19 0.1616 0.03261 123066 4
2453301.80316 0.21 1.29 0.1616 0.03265 122112 5
2453301.8038 1.46 1.23 0.1646 0.03282 147076 5
2453301.8044 -0.01 1.34 0.1666 0.03267 97956 9
2453302.83546 -0.99 1.21 0.1522 -1 147627 4
2453302.83602 -0.71 1.31 0.1528 -1 142946 4
2453302.83656 -0.86 1.26 0.1551 0.03265 127502 4
2453303.8958 -0.53 1.3 0.153 0.03253 127502 7
2453303.89639 1.09 1.32 0.1515 0.03253 111507 7
2453338.75751 -1.35 1.14 0.1621 0.03257 114764 4
2453338.75892 1.72 1.06 0.1653 0.03259 132125 5
2453338.75958 0.21 1.18 0.1632 0.03259 116065 4
2453338.76032 -0.05 1.17 0.1623 0.0325 115013 5
2453339.76968 3.9 1.31 0.1633 0.03265 123649 6
2453339.77024 1.67 1.2 0.162 0.03258 99975 5
2453339.77083 0.15 1.35 0.159 0.03249 95747 6
2453368.83534 -3.92 1.14 0.1658 0.03242 114619 7
2453368.83591 -3.06 1.29 0.162 0.03249 115360 6
2453368.83649 0.72 1.29 0.1643 0.03245 100425 5
2453369.75667 3.06 1.05 0.1588 0.03256 123972 5
2453369.75724 1.91 1.18 0.1649 0.03254 126258 4
2453369.7578 1.62 1.12 0.1636 0.03251 126524 5
2453398.7391 -0.03 1.15 0.1641 0.03257 115326 4
2453398.73963 0.09 1.22 0.1638 0.03252 120138 5
2453398.74019 2.53 1.06 0.1647 0.03255 122072 4
2453399.70391 1.27 1.12 0.1585 0.03253 112528 7
2453399.70451 1.66 1.11 0.1556 0.0325 110550 7
2453399.7051 3.22 1.2 0.16 0.03245 98852 9
2453400.71557 1.76 1.29 0.1633 0.03237 100430 9
2453400.71613 -0.67 1.16 0.1645 0.03239 92151 6
2453400.71675 -2.89 1.25 0.1593 0.03243 116905 9
2453425.74665 1.31 1.12 0.1738 0.03243 91392 11
2453425.7473 -0.86 1.25 0.1732 0.03246 99231 12
2453426.70866 -1.84 1.22 0.1705 0.03241 95210 5
2453426.70927 -0.99 1.32 0.1679 0.03252 109975 6
2453426.71 -0.22 1.2 0.1758 0.03247 99409 5
2453427.70759 2.04 1.14 0.1614 0.03245 113941 5
2453427.70815 0.89 1.13 0.1578 0.03234 95239 5
2453427.70876 -0.24 1.12 0.16 -1 103415 10
2453550.12938 -0.72 1.25 0.1517 0.03246 110047 4
2453550.12994 1.89 1.19 0.1545 0.03239 111204 4
2453550.13049 1.91 1.09 0.15 0.03255 115080 4
2453550.13103 1.57 1.13 0.1561 0.03252 116726 4
2453550.13159 -0.4 1.22 0.1542 0.03242 105255 4
2453551.1329 1.59 1.24 0.1541 0.03261 123619 4
2453551.13345 1.15 1.12 0.1551 0.03248 111682 4
2453551.13402 2.16 1.24 0.1523 0.03251 123915 4
2453551.13457 2.55 1.08 0.1549 -1 125861 4
2453552.13026 1.87 1.41 0.1526 0.03243 107875 4
2453552.13143 -3.57 1.27 0.1458 0.03235 98702 3
2453552.13215 -8.49 1.31 0.1508 0.03236 93219 3
2453571.12352 -2.22 1.21 0.1576 0.03271 126357 6
2453571.12411 -0.47 1.16 0.1541 0.03269 116367 7
2453571.12473 1.88 1.2 0.1534 0.03255 104463 12
2453603.09514 -0.31 1.25 0.1584 0.03247 109816 3
2453603.09569 0.49 1.14 0.1554 0.03248 127188 4
2453603.09624 2.27 1.28 0.1587 0.0325 111780 3
2453604.0949 -3.25 1.66 0.1457 -1 132037 4
2453604.09545 -5 1.71 0.1464 0.03247 121559 4
2453604.096 -5.48 1.79 0.1335 -1 126705 4
2453605.10599 5.02 1.17 0.1567 0.03253 141042 5
2453605.10655 1.49 1.08 0.1602 0.03243 127185 5
2453605.10713 -1.57 1.09 0.1521 0.03249 114196 4
2453692.89903 -3.22 1.15 0.148 0.03245 135632 5
2453692.89966 -3.34 1.18 0.1555 0.0324 131216 5
2453692.90027 -4.02 1.2 0.152 0.03244 111435 5
2453692.90089 -1.09 1.27 0.1464 0.03243 121929 5
2453692.9015 -2.62 1.07 0.1495 0.03239 125189 5
2453693.84098 -3.61 1.13 0.1566 0.03256 105276 3
2453693.84164 -5.3 1.33 0.1518 0.03249 129262 4
2453693.84228 -3.08 1.23 0.1493 -1 161863 5
2453693.98656 1.1 1.04 0.1401 0.0324 132547 6
2453693.98764 -1.3 1.12 0.1523 0.03237 101718 4
2453693.98831 -1.84 1.22 0.1489 0.03236 122029 5
2453694.78204 -0.46 1.12 0.1522 0.03247 139460 4
2453694.78273 -1.51 1.17 0.15 0.03245 133123 4
2453694.78326 -1.6 1.11 0.154 0.03246 132274 4
2453695.73538 -1.89 1.23 0.1573 0.03243 121805 4
2453695.73591 -2.21 1.11 0.1537 -1 147802 4
2453695.73648 -2.83 1.1 0.1582 0.03236 132000 4
2453695.73701 -0.51 1.2 0.1503 0.03241 115899 3
2453695.73756 -2.89 1.22 0.1526 0.03242 125956 4
2453695.8241 -2.77 1.14 0.1503 0.03253 136198 4
2453695.82464 -2.98 1.16 0.1565 0.03243 107066 3
2453695.82517 -0.87 1.14 0.1508 0.0325 130221 4
2453696.88801 -3.53 1.09 0.1552 0.03252 144004 5
2453696.88869 -4.42 1.27 0.1587 0.03242 125261 4
2453696.88926 -2.66 1.17 0.1595 0.03248 127296 4
2453696.88995 -3.34 1.16 0.155 0.03244 117991 4
2453696.89062 -6.65 1.12 0.1573 0.03239 112180 4
2453723.8364 4.04 1.08 0.1364 0.03248 137581 6
2453723.83697 4.73 1.16 0.1436 0.03242 108845 5
2453723.83756 0.58 1.18 0.1478 0.03243 122926 6
2453724.7815 2.11 1.1 0.1499 0.03249 133101 4
2453724.78206 2.23 1.13 0.1499 0.03257 138498 4
2453724.78263 2.84 1.2 0.1552 0.0324 103683 3
2453724.78318 3.58 1.16 0.1514 0.03247 120430 4
2453724.78374 1.52 1.14 0.1491 0.03254 128235 4
2453746.86175 0.05 1.28 0.1536 0.03236 98634 64
2453746.86273 -2.88 1.18 0.1577 0.03237 102454 32
2453746.86371 -4.42 1.26 0.1646 0.03238 104225 27
2453746.86451 0.82 1.26 0.1583 0.03236 96932 38
2453747.77881 -0.99 1.1 0.158 0.03242 120288 9
2453747.77941 1.65 1.35 0.1553 0.03242 106656 7
2453747.78002 -2.67 1.26 0.155 0.03242 104911 8
2453748.71797 -0.09 1.58 0.1512 0.0324 30736 2
2453748.71852 -6.23 1.65 0.1486 0.03236 37999 1
2453748.71906 -2.38 1.39 0.1515 0.03235 54697 2
2453748.72938 -3.33 1.1 0.1586 0.03237 108349 5
2453749.72311 -1.84 1.19 0.1531 0.0324 124711 4
2453749.72367 -0.26 1.13 0.1518 0.03242 110900 5
2453749.72425 -1.11 1.16 0.1544 -1 115845 4
2453750.70843 0.47 1.38 0.1576 0.03241 56213 2
2453750.70898 0.44 1.29 0.1584 0.03232 69463 2
2453750.71012 -1.62 1.15 0.1545 0.03234 103671 3
2453750.71066 0.89 1.13 0.157 0.03239 98435 3
2453750.71122 3.57 1.21 0.1559 0.03235 119551 4
2453751.71522 2.24 1.13 0.1505 -1 142957 4
2453751.71579 1.98 1.05 0.1507 0.03251 123894 4
2453751.71646 -0.13 1.11 0.1506 0.03259 134795 4
2453751.717 0.3 1.37 0.1496 0.03241 106401 4
2453751.71756 3.04 1.2 0.1518 0.03241 106432 4
2453752.72245 -1.3 1.21 0.1549 0.03237 114833 5
2453752.72302 -0.09 1.09 0.1554 0.03232 124625 6
2453752.72359 -1.74 1.23 0.1542 0.03235 119907 6
2453753.72352 0.86 1.15 0.1598 0.03235 104565 4
2453753.72407 -1.08 1.19 0.164 0.03241 122648 4
2453753.72461 -1.51 1.18 0.1547 0.03237 100733 3
2453775.71153 1.17 1.27 0.1508 0.03241 111589 6
2453775.71245 -2.34 1.37 0.1612 0.03242 109574 6
2453775.71302 1.41 1.22 0.1588 0.03245 117810 6
2453776.71829 -1.55 1.31 0.1514 0.03247 106960 4
2453776.71883 -1.44 1.19 0.1526 0.03256 123914 4
2453776.71937 -1.16 1.16 0.1497 0.03248 112346 4
2453777.71441 -3.05 1.32 0.1559 0.03252 126479 4
2453777.71495 -0.5 1.28 0.1503 0.03246 109986 3
2453777.71552 -0.89 1.27 0.1497 0.03262 143634 4
2453778.70743 1.16 1.31 0.154 0.0324 83858 3
2453778.70803 -1.14 1.16 0.1531 0.03254 153496 6
2453778.7086 -2.28 1.4 0.1526 0.03244 123082 4
2453779.73335 -1.3 1.36 0.1622 0.03242 113346 7
2453779.73392 -0.93 1.28 0.1624 0.0325 99490 7
2453926.11689 -3.51 1.09 0.1502 0.03265 129537 5
2453926.11744 0.82 1.39 0.149 0.03257 93870 4
2453926.11799 0.48 1.15 0.1458 0.03263 110221 4
2453927.10712 -0.01 1.23 0.1519 0.03253 103279 5
2453927.10767 -1.84 1.19 0.1513 0.03254 102055 5
2453927.10823 -0.69 1.06 0.1517 0.0326 121020 4
2453928.11418 -1.06 1.44 0.1534 0.03244 49580 1
2453928.11472 -0.27 1.36 0.1535 0.03251 47867 1
2453928.11538 1.68 1.32 0.1499 0.03239 59143 2
2453933.08822 -3.92 1.18 0.1518 0.0325 124858 4
2453933.08877 -1.01 1.16 0.1536 0.03238 109553 4
2453933.08946 -0.07 1.08 0.1479 0.0326 128465 4
2453959.14088 -1.64 1.27 0.15 0.03264 108901 3
2453959.14144 -0.83 1.1 0.1509 -1 116391 3
2453959.14199 -0.48 1.26 0.1505 -1 110775 3
2453961.12525 2.4 1.03 0.1545 0.03267 121881 4
2453961.12582 0 1.01 0.1547 0.03267 127450 4
2453961.12638 -0.87 1.2 0.1556 0.03258 121356 4
2453962.12107 0.81 1.09 0.1497 0.0326 128915 4
2453962.12163 -4.15 1.28 0.1513 0.03259 134851 4
2453962.1222 0.67 1.16 0.1563 0.03262 113674 4
2453969.11731 0.4 1.3 0.1453 0.03257 105527 4
2453969.11788 -1.94 1.16 0.1488 0.03255 117958 4
2453969.11843 -2.86 1.19 0.1396 0.03251 94302 3
2453981.98479 -1.79 1.14 0.1538 0.03245 87062 2
2453981.98535 -0.34 1.27 0.1491 -1 113983 3
2453981.98603 -0.07 1.18 0.1495 -1 114510 3
2453983.03271 -0.59 1.18 0.1517 -1 145657 4
2453983.03325 -2.13 1.16 0.1462 -1 124234 4
2453983.03381 -0.46 1.24 0.1484 0.03268 112048 3
2453984.03242 -1.76 1.25 0.1536 0.03239 106855 4
2453984.03297 -0.54 1.23 0.1603 0.03252 108540 4
2453984.03355 -0.3 1.06 0.1551 0.03253 132067 5
2453984.98249 -0.39 1.22 0.1561 0.03242 97508 4
2453984.98306 3.18 1.27 0.153 0.03263 132032 5
2453984.98362 -0.04 1.13 0.1565 0.03254 122303 4
2454023.8489 -1.28 1.31 0.159 0.03243 69353 71
2454023.8615 -1.86 1.29 0.1526 0.03244 72840 11
2454023.86234 0.17 1.35 0.1623 0.03244 70081 62
2454023.86345 -0.77 1.38 0.1642 0.03243 72164 17
2454023.86443 -2.94 1.42 0.1597 0.0324 80193 13
2454083.83812 -0.09 1.23 0.1609 0.03244 77733 6
2454083.83872 -2.07 1.32 0.1589 0.03241 73181 8
2454083.83933 -1.67 1.33 0.1602 0.0324 80813 7
2454083.83991 0.8 1.23 0.1611 0.03243 78623 7
2454083.8405 -0.85 1.32 0.1642 0.03241 86878 7
2454084.79699 -1.27 1.25 0.1583 0.03245 80344 7
2454084.79759 -1.32 1.27 0.167 0.03246 78343 5
2454085.9151 -1.89 1.27 0.1789 0.03239 82979 7
2454085.91583 -0.92 1.21 0.1762 0.03237 72703 11
2454085.91651 3.62 1.33 0.1779 0.03239 73083 13
2454085.91714 0.76 1.41 0.179 0.03241 73819 10
2454085.91778 1.32 1.37 0.1814 0.03239 75502 9
2454129.7101 1.22 1.37 0.1558 0.03244 73587 4
2454129.71066 1.53 1.29 0.1572 0.03255 75237 4
2454129.71123 2.03 1.36 0.159 0.03252 76516 6
2454129.71179 -2.14 1.35 0.1584 0.03247 88690 5
2454129.71236 -0.89 1.3 0.157 0.03251 70102 4
2454130.80487 2.61 1.23 0.1719 0.03248 83100 6
2454130.80545 0.32 1.4 0.1676 0.03245 79343 7
2454130.80607 2.55 1.25 0.169 0.03247 81452 8
2454130.80667 2.9 1.33 0.1665 0.03243 81828 7
2454130.80726 1.19 1.25 0.1739 0.03244 66051 6
2454131.70659 0.31 1.34 0.157 0.0324 72329 10
2454131.70721 1.27 1.46 0.1599 0.03244 78671 10
2454131.70781 0.66 1.49 0.162 0.03242 73924 10
2454138.71241 -1.95 1.22 0.158 0.03251 90162 4
2454343.98648 -0.09 1.3 0.1663 0.03248 77192 0
2454343.98719 -0.01 1.1 0.1649 0.03262 109131 0
2454343.98867 -0.53 1.22 0.167 0.0324 72860 0
2454396.79684 -1.52 1.32 0.1615 0.03247 103270 0
2454396.79742 -1.09 1.25 0.1641 0.03246 103379 0
2454396.79799 -3.73 1.29 0.1641 0.03241 92869 0
2454397.81477 0.81 1.17 0.162 0.0325 105053 0
2454397.81532 -0.84 1.27 0.1625 0.03246 84625 0
2454397.81589 -2.48 1.15 0.1571 0.03245 86940 0
2454398.87069 -0.87 1.3 0.1546 0.03242 88927 0
2454398.8713 2.14 1.38 0.1524 0.03245 84176 0
2454398.8719 -4.17 1.4 0.1535 0.03251 84061 0
2454429.79343 -0.55 1.37 0.16 0.03237 75268 3
2454429.79401 -1.42 1.25 0.1594 0.03235 96744 4
2454429.79455 -0.46 1.32 0.1544 0.03236 84961 3
2454430.79023 1.86 1.37 0.1521 0.0324 79781 6
2454430.79081 1.92 1.3 0.1582 0.03244 101202 0
2454430.79148 0.01 1.33 0.1566 0.03245 87585 4
2454454.81254 -1.17 1.56 0.1551 0.03238 74781 8
2454454.81318 0.04 1.43 0.1618 0.03238 81083 14
2454455.80621 1.75 1.4 0.1546 0.0324 88025 3
2454455.80678 2.27 1.23 0.1518 0.03251 115056 5
2454455.80735 0.34 1.37 0.1515 0.03244 81332 0
2454456.83694 1.13 1.42 0.1612 0.0324 83142 5
2454456.83752 2.56 1.34 0.1638 0.0324 81200 4
2454456.83817 0.1 1.41 0.1641 0.03242 94338 0
2454458.81345 -2.97 1.31 0.1494 0.03246 61849 0
2454458.81401 0.27 1.56 0.1586 0.0324 52316 2
2454458.81457 -0.51 1.43 0.1583 0.03249 53139 2
2454460.79017 -1.89 1.49 0.1557 0.03239 60667 0
2454460.79075 1.64 1.32 0.1607 0.03238 56334 0
2454460.79133 -1.3 1.45 0.1595 0.03241 50821 0
2454461.80207 0.87 1.51 0.1507 0.03237 51648 0
2454461.80267 -0.82 1.53 0.1487 0.03236 52350 0
2454461.80327 6.91 1.59 0.1486 0.03237 43300 0
2454464.81845 -4.13 1.26 0.168 0.03237 97666 0
2454492.71056 1.97 1.28 0.1581 0.03239 58197 0
2454492.71111 2.07 1.31 0.1609 0.03237 48848 0
2454492.71168 5.53 1.38 0.1583 0.03237 52450 0
2454672.13351 -3.22 1.29 0.1585 0.03237 76906 10
2454672.13414 3.13 1.38 0.1581 0.03239 74409 12
2454672.13502 -0.81 1.43 0.157 0.03243 80629 7
2454675.04434 -5.01 1.24 0.1586 0.03251 65248 2
2454675.04487 -4.47 1.31 0.1556 0.03253 69911 2
2454675.0454 -0.09 1.34 0.1573 0.03256 76321 2
2454689.01035 -3.08 1.18 0.158 0.03256 64433 2
2454689.01088 -4.31 1.54 0.1562 0.03249 48383 2
2454689.01141 0.12 1.47 0.1603 0.03246 60390 3
2454690.06653 -3.17 1.35 0.1545 0.03242 52651 3
2454690.06707 -4.97 1.5 0.1552 0.03242 52291 3
2454690.06763 -0.84 1.4 0.1536 0.03239 61497 3
2454704.06868 1.25 1.27 0.1595 0.0324 84162 3
2454704.0692 -0.58 1.34 0.1537 0.0325 86627 3
2454704.06988 0.42 1.22 0.1607 0.03251 109355 3
2454717.9581 -4.4 1.71 0.1596 0.03255 62216 2
2454717.95865 -9.41 1.65 0.1575 0.03254 54241 2
2454717.95918 -3.5 1.47 0.1571 0.03252 68286 3
2454719.00918 -0.32 1.33 0.1564 0.03237 59901 2
2454719.00972 2 1.35 0.1567 0.0324 52484 2
2454719.01026 2.05 1.41 0.1547 0.03239 63611 2
2454721.90961 3.62 1.45 0.158 0.03252 70399 3
2454721.91014 1.69 1.5 0.1601 0.03243 48873 2
2454721.91069 0.4 1.56 0.1647 0.03247 61798 4
2454721.91159 -2.57 1.36 0.1666 0.03246 48109 6
2454721.91222 3.4 1.31 0.1781 0.03242 57123 6
2454721.91291 -1.16 1.39 0.1663 0.03244 45781 5
2454721.91355 2.28 1.38 0.162 0.03244 43806 8
2454721.9142 -0.39 1.34 0.1594 0.0325 41957 9
2454721.91485 0.93 1.32 0.1624 0.03248 45137 5
2454721.91545 -1.56 1.27 0.1644 0.03244 48809 5
2454721.9161 1.9 1.2 0.1777 0.03247 50934 7
2454721.91671 0.38 1.24 0.1633 0.03248 50839 9
2454721.91793 -2.13 1.57 0.1671 0.03246 46692 2
2454721.91846 -1.41 1.58 0.1648 0.03248 49411 3
2454721.91902 -0.34 1.5 0.1603 0.03255 47533 3
2454721.92034 -0.75 1.12 0.1522 0.03247 44247 3
2454721.92162 0.49 1.25 0.168 0.0324 46422 6
2454721.92222 -0.16 1.18 0.1668 0.03243 43804 8
2454721.92292 -1.94 1.28 0.1608 0.03246 46623 8
2454721.92397 3.39 1.36 0.1637 0.03249 56441 4
2454721.92458 1 1.4 0.1626 0.03245 52427 6
2454721.92516 1.86 1.51 0.1677 0.03249 61559 5
2454721.92579 0.31 1.38 0.1564 0.03246 57303 3
2454721.92637 1.61 1.53 0.1643 0.03247 51494 3
2454721.92697 -0.03 1.52 0.1575 0.03245 48583 2
2454721.92767 3.53 1.67 0.1601 0.03249 41976 3
2454721.92834 3.57 1.38 0.1572 0.03246 54577 4
2454721.9289 2.05 1.29 0.1583 0.03241 55525 3
2454722.97671 3.22 1.37 0.1571 0.03248 54032 2
2454722.97725 0.88 1.56 0.1625 0.03249 63856 2
2454722.97777 0.81 1.44 0.1604 0.03241 58630 2
2454723.97147 1.57 1.41 0.1617 0.03241 77493 2
2454723.97201 0.24 1.49 0.1539 0.03246 67149 2
2454723.97254 4.68 1.34 0.1604 0.03242 64048 2
2454724.97523 2.34 1.48 0.1596 0.03243 57512 2
2454724.97578 0.89 1.27 0.162 0.03242 54946 1
2454724.97631 1.74 1.42 0.1581 0.03238 54455 2
2454779.86118 1.4 1.22 0.162 0.03236 88754 3
2454779.86171 2.33 1.67 0.1664 0.03231 43522 1
2454779.86226 -0.46 1.55 0.1633 0.03232 49286 2
2454805.76828 2.88 1.21 0.1537 0.03239 73929 2
2454805.76881 -0.25 1.4 0.1581 0.03236 52703 2
2454805.76934 -0.58 1.34 0.1501 0.03241 50531 1
2454806.8253 -2.36 1.6 0.1635 0.03245 50502 4
2454806.82584 0.62 1.54 0.1594 0.03238 42420 2
2454806.82641 2.45 1.43 0.1702 0.03236 52733 4
2454807.84508 -1.76 1.39 0.1542 0.03237 62135 2
2454807.84561 0.27 1.5 0.152 0.03232 64418 2
2454807.84616 -1.58 1.32 0.154 0.03236 57381 2
2454808.86333 -2.52 1.51 0.1525 0.03238 60887 2
2454808.86389 -0.8 1.26 0.1549 0.03254 65527 2
2454808.86442 -0.34 1.28 0.1566 0.03234 68795 2
2454809.89819 1.63 1.46 0.158 0.03233 44107 3
2454809.89875 2.77 1.27 0.158 0.0324 62204 3
2454809.89929 -0.38 1.19 0.1684 0.03235 63834 4
2454867.73089 -3.04 1.54 0.1575 0.03235 45066 75
2455074.09526 1.2 1.28 0.1631 0.0325 63982 2
2455074.09745 -0.77 1.18 0.1681 0.03245 74969 3
2455074.098 0.3 1.43 0.1639 0.03246 63594 2
2455075.09859 4.15 1.2 0.1715 0.03274 58693 3
2455075.09913 0.53 1.27 0.1595 0.03247 58557 1
2455075.0998 -4.15 1.31 0.1619 0.03248 62494 2
2455076.09376 -5.69 1.39 0.1477 0.03241 77734 2
2455076.09429 1.74 1.42 0.1612 0.03244 66052 2
2455076.0948 3.65 1.19 0.1611 0.03251 63036 2
2455077.04716 0.44 1.44 0.153 0.03244 51601 1
2455077.04771 1.03 1.43 0.1533 0.03242 52299 2
2455077.04836 1.54 1.19 0.1555 0.03246 80043 3
2455078.07081 0.28 1.49 0.1599 0.03252 47865 1
2455078.07135 0.69 1.41 0.1638 0.03248 56780 2
2455078.07189 1.19 1.42 0.1611 0.03239 61540 2
2455079.07409 -3.25 1.44 0.1561 0.03245 68079 2
2455079.07474 -1.96 1.47 0.1578 0.03244 57092 2
2455079.07529 0.29 1.37 0.1541 0.03252 59734 2
2455080.07113 0.91 1.29 0.163 0.03257 67581 3
2455080.07168 4.3 1.46 0.1626 0.03246 64059 2
2455080.07221 5.14 1.26 0.173 0.03245 79949 3
2455081.08248 -0.04 1.32 0.1816 0.03264 48781 6
2455081.08303 1.17 1.36 0.1658 0.03246 61131 3
2455081.08358 3.71 1.28 0.1533 0.03258 74148 3
2455082.03705 1.29 1.45 0.1625 0.03245 63829 4
2455082.0376 1.69 1.31 0.1584 0.03246 60620 4
2455082.03815 1.03 1.55 0.157 0.0324 49128 3
2455083.04356 -0.55 1.33 0.1594 0.03248 78940 2
2455083.04411 3 1.4 0.1644 0.03248 69021 2
2455083.04465 1.87 1.41 0.165 0.03248 68331 2
2455084.14829 2.87 1.24 0.1631 0.03245 62664 2
2455084.14883 -0.15 1.24 0.1597 0.03245 81427 3
2455084.14951 1.2 1.2 0.1621 0.0325 91053 1
2455085.03169 4.3 1.27 0.1589 0.0325 63786 2
2455085.03222 1.44 1.35 0.1561 0.03246 75003 2
2455085.03277 1.14 1.28 0.1547 0.03248 77534 1
2455109.9525 3.73 1.57 0.1536 0.0324 52862 1
2455109.95306 2.53 1.43 0.154 0.03256 74772 2
2455109.95359 4.01 1.3 0.1478 0.03252 71828 2
2455110.97027 -0.92 1.68 0.1631 0.03245 45834 71
2455133.98994 -5.81 1.38 0.1735 0.03233 76693 3
2455133.99047 -4.42 1.5 0.1617 0.03234 51945 2
2455133.99102 -1.56 1.55 0.1666 0.03246 60429 2
2455134.97274 0.67 1.3 0.1623 0.03246 68465 3
2455134.9734 -0.19 1.38 0.161 0.03246 63871 3
2455134.97395 -1.38 1.36 0.1623 0.03235 60783 2
2455135.91789 -1.15 1.45 0.1671 0.03245 58059 2
2455135.91843 -1.88 1.35 0.1668 0.03238 48828 1
2455135.91896 -0.3 1.36 0.1683 0.03241 72691 3
2455143.91771 5.26 1.19 0.1614 0.0324 97119 4
2455143.9184 2.75 1.18 0.1582 0.03242 94839 4
2455143.91896 2.19 1.24 0.1618 0.03247 90251 4
2455143.91951 0.48 1.36 0.1634 0.03248 85728 4
2455143.92008 2.26 1.24 0.1603 0.03248 97206 4
2455143.92078 3.86 1.26 0.1623 0.03249 81958 3
2455166.93483 -0.99 1.33 0.1616 0.0325 98088 4
2455166.93538 0.27 1.36 0.1567 0.03243 78539 4
2455166.93594 1.11 1.41 0.1634 0.03243 87260 4
2455166.93649 -0.57 1.37 0.1607 0.03243 94257 4
2455166.93705 1.26 1.26 0.1612 0.03249 100107 4
2455166.93762 -0.9 1.36 0.1611 0.03242 88054 4
2455166.93817 -0.68 1.38 0.1607 0.03242 90166 4
2455166.93874 -1.27 1.59 0.1541 0.03246 76385 3
2455166.93928 -1.5 1.3 0.1536 0.03247 90315 5
2455171.89441 -2.9 1.32 0.1654 0.03235 58899 2
2455171.89493 -1.38 1.23 0.1688 0.03238 53677 1
2455171.89546 1.81 1.11 0.167 0.03257 75924 2
2455172.87743 1.54 1.28 0.1593 0.0325 75420 2
2455172.87798 -1.9 1.3 0.1603 0.03246 72956 2
2455172.87865 1.24 1.39 0.1614 0.03252 80716 2
2455187.87852 2.72 1.6 0.1568 0.03239 50040 4
2455187.87909 1.78 1.53 0.1623 0.03238 59442 5
2455187.87966 0.17 1.43 0.1624 0.03244 60257 4
2455188.78086 0.71 1.26 0.1501 0.03239 62965 3
2455188.78139 -0.87 1.31 0.1492 0.0325 64808 3
2455188.78191 -2.19 1.4 0.1497 0.03246 51062 3
2455189.80398 -1.02 1.54 0.1589 0.03251 63673 2
2455189.80463 3.1 1.43 0.1598 0.03253 54685 1
2455189.80516 -0.04 1.31 0.1579 0.03245 58917 1
2455190.85339 1.31 1.29 0.1625 0.03237 66020 4
2455190.85403 0.22 1.43 0.1552 0.03236 61065 3
2455190.85459 -1.76 1.45 0.1579 0.03241 48675 3
2455196.78601 1.06 1.54 0.1715 0.03248 46770 2
2455196.78655 1.96 1.32 0.1641 0.03237 74666 3
2455196.78711 0.82 1.43 0.1628 0.03248 59877 2
2455196.78764 -1.37 1.29 0.1607 0.03253 70580 3
2455197.78904 0.01 1.24 0.1587 0.03243 60597 4
2455197.78959 4.3 1.45 0.1627 0.03245 47731 2
2455197.79027 -1.18 1.56 0.1685 0.03238 46740 2
2455198.79561 -1.09 1.39 0.1621 0.03241 64518 3
2455198.79613 -1.74 1.3 0.158 0.0324 52223 2
2455198.79668 -1.62 1.26 0.1607 0.03244 79227 3
2455200.86647 0.65 1.12 0.1648 0.0324 93344 5
2455200.86701 1.98 1.11 0.1639 0.03236 79307 5
2455200.8676 -1.11 1.07 0.1541 0.03245 99369 5
2455200.86817 0.84 1.24 0.154 0.03245 96746 5
2455200.86876 3.47 1.12 0.1663 0.03231 83527 5
2455200.86931 1.18 1.27 0.1568 0.03247 93980 5
2455200.87015 2.21 1.21 0.1555 0.03242 92706 5
2455231.7025 -2.01 1.39 0.1504 0.03227 67520 4
2455231.70304 -1.57 1.34 0.1535 0.03234 59465 4
2455231.70361 -3.88 1.12 0.1561 0.03233 62244 3
2455427.04898 -1.88 1.26 0.1568 0.03252 77259 2
2455427.04951 -2.33 1.18 0.1586 0.03248 76732 2
2455427.05003 -0.47 1.26 0.1599 0.03246 77852 2
2455433.98776 -0.66 1.04 0.1582 0.03237 66002 2
2455437.12909 -0.31 1.32 0.1584 0.03243 48190 1
2455437.12973 0.71 1.14 0.1625 0.0324 61715 2
2455437.13027 1.48 1.23 0.163 0.03247 63995 3
2455440.04931 -2.21 1.38 0.16 0.03251 55526 5
2455440.04984 1.78 1.41 0.1433 0.0325 55245 2
2455440.05035 -2.28 1.28 0.1611 0.03246 52226 2
2455441.14596 1.25 1.13 0.1489 0.03247 84562 3
2455441.14652 -0.87 1.37 0.1459 0.03243 67337 3
2455441.14706 3.44 1.2 0.1505 0.03236 76719 3
2455455.97465 2.23 1.4 0.1585 0.03242 62870 2
2455455.97518 2.54 1.26 0.1588 0.03242 69398 2
2455455.97574 2.52 1.31 0.1583 0.03251 76262 2
2455470.04091 0.47 1.29 0.1601 0.03233 73899 2
2455470.04146 3.53 1.17 0.1571 0.03243 74863 2
2455470.04211 -1.1 1.38 0.1664 0.03232 56847 2
2455487.00267 0.15 1.32 0.1602 0.03241 67469 2
2455487.00322 1.7 1.38 0.1647 0.03234 67131 2
2455487.00375 1.32 1.61 0.1604 0.0323 42631 1
2455489.95758 -1.14 1.24 0.1585 0.03243 69949 3
2455489.9581 -1.62 1.53 0.1607 0.0325 56460 3
2455489.95865 0.83 1.56 0.1599 0.03246 53090 2
2455490.93247 1.26 1.59 0.1586 0.03247 49674 1
2455490.933 -2.51 1.37 0.1572 0.03242 72322 2
2455490.93352 -0.28 1.31 0.161 0.03242 70367 2
2455500.98732 -3.79 1.24 0.1619 0.03247 60442 2
2455500.98786 0.62 1.33 0.1608 0.03246 60499 2
2455500.98838 -1.16 1.26 0.1611 0.03242 85071 3
2455521.85818 -1.02 1.2 0.1464 0.03234 66911 3
2455521.85873 1.1 1.16 0.1556 0.03237 80689 3
2455521.85927 -1.09 1.27 0.1547 0.03241 67947 3
2455522.90829 -2.78 1.36 0.1596 0.03233 62311 2
2455522.90881 -0.06 1.34 0.1586 0.03228 74145 2
2455522.90935 2.32 1.44 0.1618 0.03241 79076 3
2455542.94956 1.85 1.42 0.1552 0.03234 58917 2
2455542.9501 1.34 1.21 0.1717 0.03234 80251 3
2455542.95066 1.11 1.35 0.1551 0.03239 76703 3
2455613.70597 -2.76 1.3 0.1392 0.0323 52545 2
2455613.70652 -0.5 1.38 0.1534 0.03231 81094 3
2455613.70707 -0.65 1.26 0.1538 0.03241 68681 3
2455789.14552 -3.41 1.41 0.1493 0.03236 62179 2
2455789.14606 -4.5 1.45 0.151 0.03232 68758 2
2455789.14661 -3.22 1.35 0.1496 0.03238 74419 2
2455870.98627 1.61 1.73 0.1583 0.03235 48720 12
2455870.98692 2.07 1.64 0.1611 0.0323 49260 10
2455870.98751 2.22 1.71 0.1566 0.03244 55006 5
2455877.97333 -0.02 1.39 0.1597 0.03233 59359 2
2455877.97389 0.81 1.52 0.1577 0.03237 76695 2
2455877.97442 1.19 1.34 0.1587 0.03237 73203 2
2455902.8629 -0.27 1.37 0.1573 0.03252 47145 51
2455902.86383 0.87 1.46 0.1581 0.03238 45781 27
2455902.86466 -3.95 1.47 0.1568 0.03238 47467 27
2455902.86553 -1.46 1.42 0.1556 0.0324 46921 34
2455902.86641 -0.62 1.49 0.1602 0.03245 47999 26
2455902.86774 2.27 1.45 0.1575 0.03241 47676 35
2455903.84846 1 1.24 0.1639 0.03244 46174 1
2455903.84899 -0.32 1.24 0.1615 0.03259 68605 2
2455903.84951 -0.97 1.3 0.158 0.0325 59860 2
2455960.70119 -2.65 1.29 0.1378 0.03231 55116 3
2455960.70174 -4.07 1.37 0.1424 0.03235 60727 3
2456114.12999 0.19 1.21 0.1585 0.03237 64722 3
2456114.13053 -2.91 1.62 0.1683 0.03239 52828 3
2456114.13111 -3.99 1.35 0.1616 0.03238 67686 4
2456115.13638 -1.3 1.32 0.1607 0.03242 74415 3
2456115.13693 0.66 1.2 0.1549 0.03241 75955 3
2456115.1375 -1.45 1.41 0.174 0.03236 53047 3
2456116.13771 -1.99 1.52 0.153 0.03235 57086 1
2456116.13825 2.78 1.15 0.1511 0.03239 65786 2
2456116.1388 1.93 1.19 0.1537 0.03238 67370 2
2456135.1424 -6.38 1.39 0.1596 0.03251 64947 2
2456135.14294 -0.69 1.18 0.159 0.03249 61119 2
2456135.14346 -3.93 1.21 0.1568 0.03248 66127 2
2456138.14243 0.39 1.16 0.1547 0.03247 61492 1
2456138.14296 -0.98 1.16 0.1619 0.03232 74518 2
2456138.14351 0.97 1.21 0.161 0.03238 73233 2
2456147.14762 1.9 1.23 0.1523 0.03244 58063 2
2456147.14816 1.28 1.26 0.1564 0.03242 86172 3
2456147.14869 -3 1.25 0.15 0.03244 81966 3
2456149.06655 -0.51 1.27 0.166 0.03244 64735 2
2456149.06708 -0.85 1.39 0.1634 0.0325 82474 3
2456149.06764 -3.68 1.41 0.166 0.03247 69293 3
2456149.06822 -5.73 1.45 0.1637 0.03235 50316 6
2456149.06877 -1.33 1.37 0.1607 0.03233 63019 2
2456151.14398 -1.09 1.25 0.163 0.03248 66066 2
2456151.14451 -0.63 1.28 0.1629 0.03257 71917 2
2456151.14505 -2.39 1.21 0.1607 0.03248 87601 2
2456168.1 -1.64 1.28 0.1603 0.03231 66511 3
2456168.10054 -0.45 1.25 0.1667 0.03238 69948 3
2456168.10109 2.09 1.39 0.1628 0.03233 66384 3
2456508.13968 2.24 1.26 0.16 0.03244 78946 2
2456508.14022 1.63 1.18 0.1529 0.03251 77763 2
2456508.14074 1.54 1.1 0.1563 0.03242 65471 2
2456513.12185 -0.57 1.2 0.1595 0.03249 88549 2
2456513.12319 -3.2 1.19 0.1768 0.03222 56433 3
2456513.12375 -1.4 1.29 0.1479 0.0325 67479 2
2456514.13792 0.81 1.48 0.1559 0.0325 68464 2
2456514.13844 -2.03 1.2 0.1552 0.03248 81785 2
2456514.13898 0.45 1.31 0.153 0.03249 68670 2
2456519.12516 -0.23 1.37 0.1619 0.03249 75533 4
2456519.12569 0.84 1.36 0.163 0.03242 56692 3
2456519.12623 -0.45 1.34 0.1564 0.03255 52046 3
2456520.13626 -4.22 1.34 0.1543 0.03251 81451 2
2456520.13679 -3.57 1.41 0.1565 0.03239 64023 4
2456520.1373 2.4 1.27 0.1599 0.03244 55913 2
2456523.14111 0.28 1.39 0.1494 0.03242 57540 2
2456523.14165 -1.16 1.24 0.1512 0.03239 58167 2
2456523.14219 -2.38 1.19 0.1501 0.03242 60297 2
2456530.04457 -3.27 1.53 0.1538 0.03242 47149 17
2456530.04524 1.45 1.39 0.1537 0.03251 51887 10
2456530.04586 0.71 1.54 0.1597 0.03241 49712 12
2456531.11492 -0.35 1.17 0.162 0.03246 52368 2
2456531.11545 -1.43 1.25 0.163 0.03244 60616 2
2456531.11598 -2.7 1.3 0.1637 0.03243 64817 2
2456532.1139 2.54 1.32 0.1561 0.03244 47767 1
2456532.11444 3.38 1.1 0.1578 0.03247 89108 2
2456532.11498 0.75 0.99 0.1543 0.03246 80546 3
2456533.15013 2.03 1.42 0.1591 0.03231 54316 2
2456533.15065 0.2 1.28 0.1537 0.03231 69713 2
2456533.15116 -2.71 1.21 0.1446 0.03231 72769 3
2456534.15215 -1.32 1.45 0.1564 0.03229 63294 2
2456534.15265 0.57 1.18 0.1629 0.03228 64562 2
2456534.15317 0.66 1.11 0.1544 0.03238 60219 2
2456548.12556 1.57 1.23 0.15 0.03254 84877 3
2456548.1261 4.96 1.31 0.1522 0.03261 73188 3
2456548.12665 4.46 1.33 0.1557 0.03253 65630 2
2456549.92612 3.2 1.37 0.1615 0.03242 99511 3
2456549.92663 -2.07 1.46 0.1654 0.03253 100501 3
2456549.92718 4.01 1.54 0.1594 0.03248 91630 3
2456549.92772 0.61 1.18 0.16 0.03247 105571 3
2456549.92824 3.66 1.16 0.1667 0.03246 106844 3
2456550.91599 2.38 1.23 0.1601 0.03248 110403 3
2456550.91652 2.89 1.2 0.1612 0.03245 78744 2
2456550.91706 1.5 1.41 0.1594 0.03247 89318 3
2456550.91762 3.82 1.4 0.1598 0.03252 93067 3
2456550.91817 1.28 1.3 0.1596 0.03248 95729 3
2456550.91872 3.68 1.39 0.1582 0.03246 98844 3
2456551.93454 3.43 1.31 0.157 0.03251 102095 4
2456551.93509 1.92 1.26 0.1674 0.03246 106114 5
2456551.93567 5.05 1.31 0.1561 0.03252 95721 5
2456551.93623 4.06 1.16 0.1606 0.03243 97029 3
2456551.93677 -0.73 1.29 0.1623 0.03242 93523 4
2456551.93734 1.62 1.46 0.1635 0.03232 82677 4
2456584.94916 -0.01 1.47 0.1634 0.03237 47650 0
2456675.73735 0.91 1.34 0.1612 0.03247 95068 3
2456675.73789 -3.54 1.24 0.1627 0.03245 87646 3
2456675.73845 1.29 1.14 0.1585 0.03249 106124 3
2456675.73898 1.72 1.34 0.1592 0.03243 80631 2
2456675.73953 -0.23 1.38 0.161 0.03247 85933 3
2456675.74007 0.17 1.22 0.1682 0.03256 94675 4
2456675.74061 1.77 1.17 0.1602 0.03243 100171 3
