Time RV eRV 3AP2-1 3AP3-2 6AP2-1 6AP3-2 6AP4-3 6AP5-4 6AP6-5 9AP2-1 9AP3-2 9AP4-3 9AP5-4 9AP6-5 9AP7-6 9AP8-7 9AP9-8 c3AP2-1
57590.472493 2837.08138336631 15.8243439227954 -291.7453688207 -6542.42199919477 -390.59947141232 333.41528757197 -738.53229225904 -6656.03909147649 884.301506937801 -906.379654817581 158.839733346141 -178.80499011972 691.480773120579 -982.9951587684 -5174.70708737574 -1689.32017987574 1710.37780518667 0
57590.476439 3013.29965467167 15.639048960362 -446.0298284261 -5972.87285944425 -459.64959768233 291.795827035459 -875.64197698019 -5873.3671481027 525.824799577784 -883.595885236359 38.2525804513098 -138.8354338123 623.90214848076 -1149.85428065172 -4023.86722284815 -2178.15408539143 1414.20636613372 0
57590.480061 2880.9194616599 15.3367506083626 -377.083826476141 -6208.55896953989 -227.86511676502 21.8989134043295 -487.03648648753 -6344.15423780243 689.374435793714 -730.52176877414 191.78976914013 -568.02927035646 1031.06766931248 -1012.97392530467 -4772.76134667291 -1963.8562765214 1883.57510241927 0
57590.484066 2962.9587905559 16.1753832492686 -243.482131100011 -6030.48820029052 -242.58454795802 192.50241129986 -540.974815576859 -6066.19119005699 536.222334025751 -845.510046692731 192.18372511493 -173.15926209334 579.92823195044 -797.13273990129 -4513.79522683345 -1955.64280366981 1716.91348233746 0
57590.487931 2971.28471981297 15.037855469625 -507.662989568899 -6017.28973666507 -228.45624468287 74.8392498128196 -784.370822293809 -5966.64108562246 567.558645288197 -740.17299612182 206.51449573579 -408.937464361309 539.620269039609 -888.61343490186 -4479.05575393545 -1830.97446024879 1347.12930300117 0
57595.477585 4338.52732694859 24.502015530742 -123.1193258269 -12122.4859127026 -754.321084408299 687.1110170101 -893.776468100201 -12226.7660624772 1027.18504673938 -844.8741195725 -171.152177039901 360.181910875001 550.619443978001 -1262.4792803978 -8737.84113675106 -3761.58301683948 2191.34590520833 0
57595.481277 4365.47859502552 24.4761667750175 -198.358335053801 -12369.187214026 -609.1777913516 575.8602592968 -915.321771667499 -12239.7552486985 526.345855608216 -1198.5538567985 335.881843928499 159.629622952902 567.578399156298 -1414.972313068 -7270.61448979633 -5608.3049245338 2549.47012454032 0
57601.463224 -504.010658408346 17.1287844511485 250.36961100146 1523.05506677435 -586.47519083594 502.37288661249 -8.47297678383006 1431.28750386251 203.109700728946 -968.4913825373 19.0750708146902 -24.0820492431703 778.17928937335 -78.0208604076799 234.63889582446 1063.43383267025 604.561134524572 0
57601.46702 -455.58783777002 17.0947839726918 -43.39331634514 1952.79101135116 -330.14637934231 424.0406428343 -531.39513241842 2430.78506474481 -600.877572442858 -578.10616306094 -114.90670809085 -48.5733326370998 928.17948759124 -972.99202841813 1336.24545758277 1184.31218940073 -580.783080610378 0
57601.470815 -355.231497549199 17.10385950923 340.69471083425 1972.79487288835 -251.4762050093 425.98223886667 30.1786301759398 2125.55169250323 -359.087827023183 -578.16539800657 151.44455598796 -55.4898422204701 700.70216437302 -97.6034932178 773.114588109164 1077.99033423995 370.347114358388 0
57601.474646 -439.012243889558 18.1407114879146 251.9709645726 2119.22673607902 -218.18298822719 573.36943486948 -374.22196080044 2450.51736792735 -406.609119211187 -668.86975583954 205.50673380389 143.82504147821 482.06906473668 -396.17814029283 427.05854965193 2040.48735497956 -249.316675384926 0
57601.478407 -522.602904764593 19.8527474580739 415.37681430562 1872.92144294758 -523.0747973483 519.56883591257 150.93995663351 2062.27346471674 -550.960813040896 -975.27309013682 74.8386639056098 17.8064101784403 1049.82820468762 -339.92322262351 -377.1757737398 2587.78768025997 -819.086023482967 0
57601.482238 -137.853570406968 19.2298670483713 203.30616342173 2500.6925153292 -620.33518734527 578.42320414392 -224.02815733914 2544.08679727428 90.7351804377629 -1191.43219085558 224.18281837694 160.68141791108 550.07231559108 -392.05897713152 815.68006065661 1848.40940592227 205.428944369512 0
57601.486381 -322.796642397744 17.3927491111264 344.71888306214 2116.17684041134 -513.34968039194 453.68351126131 152.73674862042 2048.32034464871 23.501376492362 -1018.4880712987 51.5560007261502 78.7868342464799 840.33442643291 -237.39207871467 692.26366207106 1439.57775519147 126.714078520812 0
57601.489795 -444.971335800937 17.3155847314381 440.08795208467 1885.89594671504 -264.39316860667 623.89831716624 -123.99751719494 2180.95820177725 -513.227826517478 -925.60134045415 237.79576953103 139.19267636024 711.13025670214 -248.18959864233 1243.93212653157 737.493095612033 -230.363362019883 0
57601.493591 -306.845405627352 18.1810693576257 274.85127003923 2474.94999617771 -224.31518653793 494.64906770536 -215.41008592104 2668.54187220643 -255.399504745797 -855.40929838611 299.06655280596 -31.49110889657 754.34791427159 -424.08062677786 1266.89690733687 1359.97560805007 4.34717857014198 0
57601.497422 -290.277825164566 21.5294960677821 217.54815010872 2691.22241539017 -721.53108734948 759.70161736132 -460.4512406435 3004.83208259748 -306.525455607225 -1181.59355116031 -114.72716892064 472.26304493156 704.30810460873 -915.93323817597 572.43203097898 2669.07494427495 -164.378871609564 0
57641.478498 -1904.60127541463 17.5775213440679 380.00043156787 4122.46414153237 -479.917887481641 300.22087121064 447.08328886488 3899.57948106941 113.042683390152 -1310.0267760298 335.012625564 -236.66078955298 993.04363085967 117.83396713873 2727.1191217572 1100.07435412119 289.130908361418 0
57641.481264 -1920.84531657933 17.681384219012 149.82768850266 4362.66602531662 -490.1663055011 505.8437535136 -258.7931435121 4277.96369839881 373.586666964218 -1098.95462097272 125.482130123611 69.3163727125802 546.25750773225 -250.02517640297 3397.99055020618 1028.46580095624 127.455897595712 0
57641.483891 -1857.60202774575 17.6631179573776 347.7181127789 4266.77900346996 -252.9810940926 301.692553587141 232.1268106241 3796.97145084717 806.981878803768 -889.23753003354 168.66035173493 -46.01349679547 695.91141917242 31.3180090717697 2056.77646377746 2069.26756548455 576.392866365929 0
57641.48668 -2217.73811652233 18.0065617844055 396.59716294087 3886.96515664049 -399.0373172879 470.35614200106 134.38767175767 3865.30255769531 -60.48259070355 -1081.93193037712 221.987951525761 44.6423762126797 693.5911678586 -1.25111767388989 2624.38668447733 1184.83018382979 59.072436240348 0
57641.48933 -2121.16270639705 17.2927969857052 138.542371320011 4296.40732251575 -240.75380806489 150.22744334308 142.6886544769 4025.27719373685 468.993645379053 -751.528010832099 119.68698023575 -212.069197462009 646.123454957979 25.7534734543706 3073.88447496485 1097.77311756365 224.7530914603 0
57641.491888 -1862.9337988037 17.5551872484572 111.680020308319 4590.18481741895 -519.6272537606 349.80414351123 -44.9293895027595 4544.68121856003 137.411019984244 -1037.11640325409 58.6742937057597 -57.1044684456101 813.21142651171 -399.615042765419 3271.87821668781 1509.98435783319 -149.769238665993 0
57641.494584 -1795.17649920252 17.6482614319881 420.42089194693 4563.72081223685 -541.56059353875 547.057853383641 144.47858404327 4586.46953880611 -173.762436006235 -1089.03712409812 146.71353003878 165.496746445921 449.8528655406 267.2001756047 2331.05470653362 2334.77907758518 -383.145161605701 0
57641.497304 -2208.01802665448 18.1241687259128 192.89226183389 4280.3408826087 -358.17105705051 420.98049145033 -134.67187577993 3953.91399918545 796.804888208659 -952.136917267039 165.271299026819 1.75338226198073 634.83571443796 -257.89288350665 2356.82530035463 2054.69050884308 189.828348311003 0
57641.499931 -2192.62705230421 18.109365731753 103.450251214091 4397.30306299354 -641.12623142907 358.45559030384 -11.0993165026903 4377.80236200079 50.0862658452639 -999.55737987879 53.1017056524997 -113.31677456818 770.421356888241 -265.86957985985 2618.30656557526 2129.18213307983 -628.142445236461 0
57669.474435 3203.91966807635 16.7732367652764 -248.247074201099 -9650.78813521558 -157.0305790279 327.213880475299 -822.869181857281 -9190.34975200967 -337.151280203999 -519.1966013853 78.9592024285994 -172.133700594 1019.5967790721 -1570.88129836975 -6364.53742021454 -3889.64941841748 2712.37253686479 0
57669.478231 3427.44757931499 16.3874691386673 -479.919786584429 -9213.992501356 -342.048739796801 364.626756007501 -1133.03700213546 -8449.23884799776 -733.132590302964 -655.823800394101 99.7915645192006 -189.034353232501 912.088702154701 -1825.49559294879 -5556.38037512328 -4088.64819614139 2350.78003022112 0
57669.482062 3106.06205661635 16.9151190144786 -441.523298449609 -9615.77430598602 -212.9796469716 318.952674136501 -1084.10257178128 -9098.5532615864 -240.766275238212 -844.1191831629 180.8762503246 -111.0079810888 614.8292343168 -1429.83709271745 -6382.43347302049 -3728.55994290654 2418.24960078707 0
57669.485824 3128.45694121075 17.2318101585379 -373.8669875951 -9486.02136262 -303.0673482041 245.385782089399 -794.04154268753 -8812.69474760837 -836.401632061772 -750.5465318226 197.2081657449 -162.361699099201 607.021467819701 -1218.53476233293 -5963.8671200266 -4098.65350408443 2192.63018840017 0
57669.489793 2874.32996597756 17.8229269203802 -103.03736525933 -9703.37156212974 -403.72932385143 460.130217090529 -657.61329490724 -9049.75331894722 -920.922820459523 -767.562990558639 118.45743196082 -53.2394272720994 890.501812922819 -1228.91185146539 -5325.41028865521 -5088.79416322385 2126.8727618415 0
57670.472761 487.615725402374 15.5250406275307 -583.80125528143 -2304.04001778376 -213.49704005861 167.98964453843 -1057.63163462516 -1585.43972497919 -695.412806334712 -570.94422683416 92.9614703218599 -178.31469862259 211.3898424952 -999.8167501627 -687.579275785478 -1929.73923467305 1891.8889586798 0
57670.476696 498.533304949631 15.7069570310251 -592.14475070398 -2406.24449087777 -302.87406427179 170.43333032764 -1028.69075506147 -1604.19024788259 -885.435329725608 -555.98209852591 -25.48992850277 -233.98205672627 500.50743276607 -1233.51072042863 -1305.65943647659 -1100.37097474539 1376.18956853857 0
57670.480492 591.479562082611 15.3943384310113 -564.22736388012 -2253.17050094601 -452.57927710205 123.71727128437 -805.92119900848 -1646.40765125154 -661.272764711297 -999.2336955786 113.62625191223 -253.56046924558 693.83484731582 -1351.01295834665 -668.62283215736 -1809.54516026829 1790.91907140555 0
57670.484427 620.174293025745 15.6830571365334 -507.86905440773 -2123.55134154709 -175.22903986559 66.2174568693799 -812.16726325843 -1496.16160079276 -704.092206190738 -671.57086891387 159.40856497014 -352.37184945195 778.37945334455 -1420.55181337735 -542.814811050398 -1775.61682091373 1737.92338730731 0
57670.488119 405.112322297918 15.7389023886685 -639.10042512808 -2189.41683880077 -187.50698697683 145.50227866471 -1129.60908663548 -1275.04405023858 -1096.06702541069 -794.84477231263 220.55009114437 -300.19251180482 398.05133054377 -1212.32194472439 -499.859898289065 -1769.21447808366 1266.27964303393 0
57768.813106 2853.27541433736 18.5095532874938 -998.752329673171 -9129.69107110736 -412.87480880779 330.86075831559 -2003.68458852819 -8167.7113318863 -276.9260738203 -891.47725028342 103.55961647951 -4.36142654777905 276.532020935489 -2519.13579589992 -4741.47107232275 -3433.7483667796 1139.73977741579 0
57768.817945 2808.148058608 16.9983452511319 -1076.74543773063 -9135.10324542923 -600.161391738751 242.47376949665 -1847.36536377919 -8232.27601854644 -293.295920097486 -1159.06174084063 93.2967546644395 -249.41377960064 656.307917085731 -2522.73265077614 -4957.61507362689 -3344.18520422113 1225.58783246959 0
57768.822934 2649.53567871624 16.5140096029232 -1008.69639730471 -9151.61849112177 -529.109804736661 330.78882902616 -1944.23650520256 -8230.41263795159 -212.050583788348 -1004.35133394943 62.6617458370292 -36.9698671670685 297.644357149069 -2371.77127285993 -5008.87961471661 -3258.048015303 1288.33704302557 0
57768.827922 2696.63072963557 15.3966352769116 -1254.50366496184 -8867.46886372492 -269.9170896368 14.767800932399 -2028.63819326443 -7928.58604667 -146.225918697958 -1043.02950002341 267.27319770071 -268.15097873537 241.82952453217 -2608.56093828766 -4805.07806336658 -3012.54435463998 1467.22475929439 0
57768.8329 2662.06743774481 13.9750316945181 -1209.35370717242 -8895.65844607762 -137.987686076 -114.4683345663 -1850.04732342296 -8037.14696941072 -104.041340321162 -794.579208599131 147.496435276429 -571.992888994959 592.104050935859 -2408.80475263434 -5083.75388733124 -2940.13784237248 1099.7909386501 0
57768.837842 2421.43037966179 13.17464766874 -1324.04293935638 -8848.19116371242 -257.6769877232 -27.6870523949001 -2114.20890295682 -7837.37716658499 -186.894945642769 -969.63972155304 165.52982418954 -507.574148682041 555.16127069594 -2752.58019000524 -4805.93684069317 -2896.16168418786 1154.0672279302 0
57768.842738 2657.33770243112 14.0623699064625 -1289.60857493118 -8837.40077568903 -396.034099270801 18.2945734933 -2015.66477839987 -7848.43042101904 -237.775497622288 -724.240042070929 -45.41332866005 -378.995207795921 487.5290248089 -2651.9451408929 -4815.62504179974 -2963.15062889616 1036.62736555465 0
57768.847901 2689.61975647082 14.6860901544494 -1212.93674351957 -8744.29889105876 -367.99190351502 189.16885843302 -2200.22404343206 -7686.67669924005 -232.125849950794 -1131.31359724635 284.33414378713 -330.37289133183 416.642938481051 -2640.58073512501 -4427.75916346474 -3283.6289798189 1386.2949493604 0
57768.852751 2837.69713720473 16.5464548039326 -1012.1480976359 -8666.73173538346 -546.54095030287 210.08284412313 -1736.0160822522 -7887.41498957073 -70.366597946961 -1092.01752853356 114.62038191664 -199.52208714293 671.302310604051 -2665.25536561601 -4599.49364750539 -3129.7376057319 1527.35958759067 0
57768.857971 2657.4249238988 15.6594277679097 -1149.60685792048 -8718.65609180652 -233.775642171649 30.4803882632186 -1874.69362245286 -7798.87921123476 -306.603028770402 -884.783156327139 109.81333082327 -370.92105602339 538.971077951639 -2449.27987513303 -4583.4254209927 -3245.36202692018 1150.94085206607 0
57768.862775 2896.74027894122 18.0455455692446 -896.563124384251 -8725.26538051706 -671.036905577739 414.046009086049 -1787.86621018695 -7882.3412345409 -215.86924103033 -1043.27441363223 -96.0033555928803 57.3969722024704 553.50129640004 -2486.2709439095 -4373.02942998191 -3563.70657771697 1692.97488157758 0
57768.867949 2941.61107921344 17.8254966741211 -1040.24043317607 -8529.98322944516 -487.280335010981 341.97517387175 -2064.2929057696 -7615.24935387454 -69.356771094559 -979.950977264169 67.9518670056896 -197.044706391551 613.30688747955 -2614.05176326943 -4433.12926749309 -3198.17904194904 1677.43630858173 0
57768.872834 2795.88100770897 15.0037447034623 -1162.04682853192 -8488.16432776902 -444.395503974709 54.3303917001795 -1801.87144184447 -7532.41573325836 -416.663227841637 -932.496642984119 158.497886504949 -414.415188086889 585.88439744793 -2563.72593783687 -4089.03939285898 -3445.76080059577 883.73689850152 0
57768.877591 2593.11022384355 14.4822489329535 -1189.06426734213 -8518.73417087691 -335.21214858299 137.430787404192 -2082.24802437534 -7554.96053954841 -137.185852220497 -698.106197718349 -53.7894356256202 -333.6236491973 611.45544235512 -2697.54556080341 -4573.67152359992 -2929.46062905942 1568.11939895612 0
57768.882904 3261.91206061369 18.59196438299 -1007.6981610522 -8200.83078055778 -374.510645320441 442.6046613856 -2239.85258681465 -7133.65707135364 -272.963890758633 -1068.13480379091 244.11595216891 -64.3618449371006 401.12874011999 -2656.96000913912 -3985.0533671815 -3314.59458210197 1765.92562162671 0
57769.826609 347.567744963333 12.2672068476814 -976.00241890583 -1635.1761654949 -367.77634880468 -219.40509983088 -1010.01690985959 -1010.16065100369 -477.110865143611 -1084.53668582572 220.49348268735 -645.86868921233 421.83680569161 -1062.55457659952 -918.086974370868 -273.489563205671 273.637074891234 0
57769.831632 427.815697097072 12.6294504238803 -809.53403220286 -1560.91545146487 16.0667473701501 -169.08197397522 -1116.20006295259 -934.642014230312 -397.775103994237 -504.95974883786 57.1700719406099 -485.72629816001 336.35082536993 -1069.50933112068 -821.752497995279 -288.254204433035 344.744049015613 0
57769.836575 347.873587213725 12.4881009109988 -887.23281235905 -1520.69801296254 -152.98556460943 -314.30641294056 -865.13522376795 -951.196639302501 -492.640698155408 -776.31926123329 134.93900881491 -644.4924882467 412.82840122776 -933.123268163173 -876.657541764522 -277.936888082302 292.924621547493 0
57769.866219 398.860691179804 12.2570958127618 -848.17116137805 -1309.37701735664 -337.07375861624 -153.84653967119 -938.569202112802 -780.958164923019 -330.34212199626 -897.96359250133 29.09554892703 -520.64038457973 464.95871834138 -999.440213875173 -730.104024971823 -173.646217130938 325.055299672598 0
57769.871161 326.526442485448 12.1368615328561 -776.58563258091 -1302.83737109419 -121.64853187568 -245.35019421214 -814.477614409757 -805.965984328674 -394.652386692164 -835.64985134452 174.2341052563 -556.54244501626 372.790150907 -816.025472702035 -828.546788394346 -144.817908978299 241.792583277541 0
57769.876243 328.015740472437 12.2487034049312 -669.29449524609 -1310.48443845685 -118.33757439342 -103.93944436248 -887.650856767336 -778.566357858518 -361.0073060659 -912.98259873236 268.17701362088 -522.55194361142 429.8353827067 -835.320909906425 -914.394528681582 -74.9567322031318 350.322111342447 0
57770.824034 -3053.43438072972 16.1758568350983 456.431594890651 6257.17302199629 -1340.60945715838 122.57002497935 1608.84009914098 5413.17175924196 332.188055830502 -2269.12273071161 86.8926309616891 -329.62951765644 673.61957895687 2297.69451693527 3434.78610381731 1443.29353703605 132.184193862745 0
57770.828826 -3201.35732865898 16.1462231048561 776.37291097286 6274.84654503715 -620.23043912798 119.477108443041 1595.76217707185 5411.48162122298 359.884028909545 -1259.10858740158 115.361507116819 -223.84970822691 281.927013310171 2677.1181624957 3222.15873661478 1600.83947911198 44.0721982389369 0
57770.833908 -3210.76546757088 16.7370177299244 872.89164425209 6313.04321580285 -534.56372841261 159.93025567181 1616.77027650116 5437.09716008708 395.101281173283 -1243.05224959424 261.0095601141 -396.853572691562 885.11269089778 2034.24599707573 3305.76096715401 1783.00815196483 97.180755938426 0
57770.838897 -3254.72030394392 16.6770583914783 936.2915874542 6352.40281995622 -720.44943574609 335.694359675321 1571.77551441919 5558.85661812813 281.750949284194 -1441.24031324611 184.89242893644 -95.3250610324903 446.418275404531 2486.28838787697 3372.72920950978 1607.25651639678 47.833280448407 0
57770.843781 -3110.53726591868 15.8754388840475 983.393931360551 6400.12254291396 -477.201652772879 224.21226851344 1669.18158580904 5520.20905203143 344.318388857611 -1323.36173828316 204.520078617161 -172.87630423293 651.759258315889 2353.18460745811 3406.92302393795 1577.8785368855 221.673576079277 0
57770.848955 -2988.56820467869 14.7318114624039 890.471736137501 6523.85779398276 -428.053030642011 -13.934360406809 1889.54320993951 5606.03870555644 245.26261246378 -989.268914656081 24.3783805065104 -315.13371853651 524.03378249012 2727.84399276838 3414.46130546602 1523.506990849 98.4198308572461 0
57770.85362 -3011.2652817036 15.0989354909016 915.985638815299 6571.95862112583 -419.998628517851 48.6978862743799 1809.54994915418 5659.89699423734 299.615483298192 -1158.51441471734 277.662476796559 -368.736650397559 541.09825115865 2606.4577995649 3505.48355778177 1571.90355560565 63.146253403116 0
57770.859118 -3062.50537160086 15.842008744626 905.338529468259 6653.78535460964 -644.331032654959 73.0231344213789 1893.89465079364 5771.71938195443 203.210455965254 -1395.20538311746 131.262537413812 -285.012885472321 469.24014970863 2839.96505598724 3449.84473845504 1616.10141586736 37.135770839536 0
57770.863829 -3011.8060565424 14.2981117650321 768.836784770091 6776.62139989254 -592.313535679739 11.1699024759891 1767.509876663 5885.99277553207 305.259133308609 -1280.21426400777 112.131122699291 -370.652357244051 370.99140115027 2927.50851114986 3525.65746707899 1618.47759493658 163.216233790336 0
57770.868807 -2994.47846195147 14.1334820220438 827.18885784443 6766.05723550915 -601.49589399159 107.29461360727 1729.80005966146 5851.09041324349 355.210540013066 -1384.43989511242 108.565192707931 -329.42460460499 565.214541978919 2789.04104404539 3246.62323311909 1941.16539230786 100.563515024079 0
57770.873703 -2983.34323408353 14.6210187541373 864.83270917436 6942.71643092926 -589.736592496349 144.99054998294 1705.19878626047 6082.89071016422 264.594919731187 -1499.87095356886 221.485067806019 -417.80634984716 852.732161350021 2429.91231298718 3735.02442576122 1731.87950514798 98.875525460611 0
57771.862182 -8575.17951623967 15.2372727845604 429.375559578901 22237.5068648461 -1554.2536455745 57.101523308098 1914.3238180573 21513.6825345314 -118.66224521611 -2613.5275348442 178.258976675501 -372.1983304801 774.806084583699 2456.007504081 13666.2320670696 8014.05496165124 -1405.79352813369 0
57771.867032 -8439.19825497353 15.3308509603765 851.361675701697 22136.3044382933 -1352.0267376958 312.962855334299 2003.5665911409 21356.6732019894 -90.93708880451 -2382.8619923282 146.007438876801 -105.0829812417 653.346901284898 2793.5452263598 13375.4363153223 7980.65398865327 -1115.51339150328 0
57771.872148 -8436.61915122383 15.7031744808246 617.022903131197 22430.8410386538 -1426.7297817894 145.419089949097 1912.0405519635 21765.0344318452 -244.57269881844 -2455.6609566651 19.3702773998011 -231.077489818301 613.413722825302 2744.7737062951 13581.6699488888 8131.11383716019 -1271.71599276473 0
57771.876998 -8761.61220963376 15.8880184277705 678.505601781599 22318.7836074543 -1644.6878361584 155.528415514 2216.3512637958 21463.1908276914 -85.3193461146002 -2801.0504688574 217.2394934935 -277.825613474 801.676015244899 2807.337570787 13351.115975332 8189.09810601821 -1510.21356103107 0
57771.882125 -8414.34945632841 17.2393577237209 627.410481664698 22648.4764061741 -1598.5578368138 16.7443017100013 2262.851458683 21880.6999159032 -324.2599333062 -2792.7427403333 220.412294442802 -341.039750245 907.8254403418 2494.2910227366 13246.3073042509 8777.21325818 -1868.39704844512 0
57772.807879 -16330.0925327105 15.9540010458797 1761.3909358315 35364.3055144904 -2315.691791938 349.458965530197 4652.4149640582 32350.5484891972 1726.64949817741 -3441.0986028805 -62.060606321902 -29.7823458442945 456.114408823894 7473.2198923394 21519.7474042987 10644.1003959582 -759.94979512231 0
57772.812961 -16335.4003438363 15.8943556429212 1521.571684177 35545.1102238446 -2515.6502592324 101.926842949499 4870.050122034 32338.1883509294 1872.44918705612 -3819.6535119867 90.4628934838038 -230.933296003401 484.900428268898 7450.7329201557 21525.9918919459 10824.6160813153 -639.40878886993 0
57772.81795 -16283.0082243821 15.451489748287 1730.0104623441 35276.4501270604 -2073.6531446689 14.1066831655044 5106.3247678614 31940.728774111 1841.44651598109 -3612.1502563479 248.773556501401 -366.158419120504 562.8962508193 7998.7238543163 20698.6254328739 11016.9473352066 -726.60425075938 0
57772.8228 -15550.3487080775 15.2604524518586 1351.9411619648 35875.2605746463 -2356.6793555084 43.4795097177994 4542.3228679262 33248.2823053129 1159.70538296513 -3923.7529290003 168.415341113097 -364.3111280265 473.517776594097 7420.7988937792 21747.6496639962 10898.6920339654 -1062.16271297298 0
57772.827881 -15728.9815339334 15.3069662799438 1776.9461799821 35576.0201822039 -2297.7010233927 238.507208266601 4975.3957712925 32382.6427274495 1696.8320903255 -3632.88401133109 77.8740096857 -193.302686393501 688.714820081295 7808.8410602316 21438.3314949732 10505.2302717917 -767.61755825371 0
57772.832812 -15450.2782527499 15.3688140302817 2239.7329030501 35245.1886005072 -2134.11205368221 153.214909385402 5724.2666824633 32006.908277433 1315.68484672831 -3619.9124541657 147.848972502594 -289.600785388895 793.359855072595 8615.3965964034 20117.2503544788 11109.1764133733 -1080.21893671438 0
57772.837847 -15703.0578109354 15.2382177893534 1419.9121993991 35824.6589801455 -2590.5655988612 212.418514220102 4583.8611632118 33161.3225126639 1211.87740984563 -3982.5278642418 66.2821391508987 -200.387096072998 519.099514594396 7354.9413546888 21958.501962639 10654.3572230663 -922.94630198067 0
57772.842836 -16049.5461751444 15.5199927755788 1655.74178774439 35666.8582337897 -2006.83949370901 104.392949808003 4682.9430374552 32554.6985898822 1860.87587299287 -3490.800306668 284.157390069406 -345.0522842438 545.055453238099 7484.9835644332 21503.9561217161 10907.9574243445 -588.69393871376 0
57772.847686 -16145.4434522416 15.7862471438652 1589.1664116428 35765.7182989798 -2238.7879696691 271.669865515403 4400.1861470202 33032.0396291576 1543.08126583832 -3433.6045474327 -2.44284563290421 -116.393109257893 401.747792731294 7207.9113560595 21437.2936678717 11446.8595579388 -1126.76065651877 0
57772.852987 -15950.8648473483 16.3979664197675 1885.8064885504 35694.5046670482 -2412.8191867022 220.842428133801 5180.5301564445 32987.9295531959 876.47706759918 -3795.8982581033 112.502694017297 -160.205377356702 682.770689069206 7631.7408444073 20513.3400689259 11914.2622636666 -1634.28572067868 0
57772.857745 -16272.1229070845 16.4654406993424 1777.0485488472 35672.5870389277 -2342.8580911797 262.344158070002 4889.0256110248 32739.629883268 1461.85173940666 -3680.69699823049 171.331125947596 -266.948518897698 769.855359819499 7400.0873671358 20516.1966816955 12023.0313381148 -1400.45404496838 0
57772.862768 -16228.7554484423 16.4665755987851 1616.2345180147 35703.264024875 -2604.0402075878 347.342069714599 4620.5095585602 32830.6813862625 1602.55819936955 -4118.4003860033 123.260602709699 -63.7958201935035 438.5602400239 7357.5363324328 20685.6314967331 12087.627988458 -1455.69880616552 0
57772.867757 -17164.38477355 17.1435798957105 1601.4951774562 35439.1971744175 -2481.1576163416 220.079657524293 4684.0028928637 32495.4162729613 1709.57742913675 -3943.4050921267 134.918388638602 -327.590423322799 964.847754704097 6828.93339266461 21025.6644957404 11740.2076979946 -1144.75947366074 0
57772.872792 -16286.4384817771 16.8957110282757 1619.0964520717 35788.1675898674 -2564.74554833789 289.6963520926 4625.1073176574 33032.8104124513 1440.14123506789 -4035.72460281759 209.541229536197 -119.706618393298 457.511648134699 7078.171380156 20941.2400076377 12099.8839435569 -1485.43093256557 0
57772.877642 -16303.735272666 17.0147107494175 1744.0097528181 35760.7815200465 -2398.4798454968 233.381845252297 4802.4358664956 32882.878353542 1520.01815875609 -3605.5932882061 37.0001245336971 -189.874341565097 579.389074009698 7246.879912221 20774.1600995796 12091.0781723 -1519.40328746711 0
57773.815134 34.047685252008 13.8070791273057 -539.210745870758 -1091.02800450324 -266.69088613066 -41.71564464533 -640.855239995254 -822.787311536699 -10.406678127213 -774.75571488037 55.8417893542999 -299.90888585969 300.63540070942 -619.13825636187 -793.60030430203 87.839991916088 -514.199966464346 0
57773.820076 102.912695817962 13.4556051606292 -731.22702978083 -1071.59110343224 -103.96187470667 -81.999913204 -1028.13371278979 -713.45226687298 147.614962716286 -722.54945026303 168.1824835176 -484.370323433586 398.003357602726 -990.670783909709 -574.213855233993 28.567427295915 -333.350285723653 0
57773.825054 161.704892502643 13.6056857995415 -694.55243667389 -1246.64866494576 -205.54498340995 39.6925520792199 -1093.4893885236 -816.907420854052 47.222247727936 -913.74657923578 177.55817256851 -283.69661545423 221.49836159266 -958.635408977385 -669.024829595059 -16.860294165466 -374.158115310992 0
57773.830135 194.627256510373 13.7740340976977 -644.20727698121 -1411.96608225507 -114.18452666602 7.23761607272991 -1018.81337110268 -1009.62401347942 36.747747458195 -930.97389675588 220.4594843649 -435.71238196393 517.47254487243 -1042.33582343135 -864.387474907839 -11.990756423488 -419.264269880477 0
57773.835124 247.777327899189 13.0871827641311 -920.69467732208 -1485.53875425203 -206.81011593363 -184.46821799377 -1089.22151059889 -1055.29899722893 39.179794806632 -753.55940654606 215.34678501165 -653.24943764787 404.87953341683 -1094.84428632932 -882.782139789153 4.25056185319299 -447.637814443232 0
57773.839963 332.626646007734 13.5948890150584 -1067.70340990016 -1522.70263976078 -287.90128891535 -278.3186600363 -1126.3261198443 -1081.39126099351 56.731327388659 -604.69138040975 -184.79461150185 -585.7494395556 317.57468350187 -998.125477503956 -983.859119337406 22.2702966287284 -375.525390388647 0
57773.845044 411.83167150807 14.1282588965272 -1033.70924206579 -1693.07902052396 -169.73238967288 -148.43646469363 -1380.22122758418 -1154.87299459648 76.124515742022 -580.92651092791 10.6879723756902 -411.95028612331 42.8363755586101 -1139.016874519 -974.426411280896 -2.5266831650234 -406.833471242804 0
57773.850079 466.209202713301 13.3332985705566 -1085.80722599043 -1945.14743360627 -490.17268367915 70.0219804488302 -1596.19026062392 -1336.745085683 128.860158050831 -1053.96944007981 -35.79546053796 -418.16239973359 492.25719424794 -1606.75812131269 -1073.02188110158 -41.9097618634866 -256.406521371159 0
57773.85501 527.950088459542 13.1938918583882 -1120.14079249582 -2036.32669198898 -168.47756171716 -183.52698979151 -1469.5875908587 -1475.41596699135 106.565683234242 -608.43687458658 66.61835265834 -627.79031763764 342.11916007945 -1402.20516838604 -1223.41853417916 -55.3155919928645 -304.615774895783 0
57773.859964 616.53488522766 13.1045296996956 -1198.99429222425 -2280.74113089346 -309.20037222533 -234.94980960039 -1403.55317657689 -1747.62177166344 114.053264303448 -782.61458404566 50.0591133476401 -595.66081885907 387.34249336494 -1597.45602587492 -1353.32386707566 -57.9833619286435 -335.35561360425 0
57773.865 651.329657887431 12.8767364113689 -1396.97205205036 -2336.26062376828 -400.29807135685 -380.35347283406 -1421.8199367509 -1830.24984807918 186.598273607595 -1090.53214213946 122.15143836922 -734.30539564276 377.4579830438 -1597.99056483391 -1425.74940252388 -70.0592163865233 -159.435081313207 0
57773.869988 748.143146478651 12.8254505452484 -1213.47912231275 -2667.19129603552 -381.67691207416 5.90556730771004 -1787.65842756708 -1975.60798248814 121.598801712483 -881.85588310489 -131.30108355314 -240.41532705757 197.22425503014 -1817.10723254366 -1547.61030023635 -80.4777174699657 -286.192790384655 0
57773.875024 797.250673437046 13.0085749282723 -1289.54434437505 -2833.24708079803 -464.305921663999 -31.58149511592 -1789.85559716089 -2135.62881172255 122.550419233962 -1126.30580283205 44.9926889953299 -378.53122681001 313.92901046227 -1949.30384049795 -1627.45697821993 -127.688441122532 -259.068912283157 0
57773.879908 872.314406846162 12.873632564221 -1289.03621412049 -3025.57724488229 -402.098410117251 -85.3427717177296 -1763.2963426391 -2323.95038461682 99.5859809673336 -1138.62584687646 48.4613523329003 -338.65269658419 313.44995322214 -2045.37588505344 -1675.73018710098 -229.662006558709 -244.140551419141 0
57774.862485 8805.74240565062 19.0196328803017 -874.509313162198 -19895.0157989362 -458.6432398535 350.812731711201 -1716.8628065229 -19224.2839876468 32.41918363333 -859.372251576398 4.53062207479888 -155.8800760134 802.870726164001 -2394.3669906295 -12358.896607819 -7625.17690530136 2531.48389212223 0
57774.867474 9077.02295962174 19.4401016073771 -857.0230055838 -19893.0087274953 -540.7527221747 316.716403771599 -1581.6487411981 -19302.0380252195 97.6221150711099 -954.2904556147 -5.91422622709797 -101.548351175701 702.320806324598 -2234.8962920647 -12591.2195257289 -7475.77426509804 2563.49328120536 0
57774.87251 9489.54929296569 20.056719231027 -663.956468463803 -19913.3081821655 -287.051720537598 403.399472826597 -1573.8828715746 -19251.5506768617 -61.8282636511599 -836.891599231101 201.4177675881 -0.320401949400548 422.216087340301 -1902.058433944 -12087.5153064866 -8175.43530319407 2655.49457382914 0
57774.877637 9726.79389101084 22.1566341742953 -739.4199576795 -20080.5041200434 -489.197230337999 343.0170855406 -1471.3520444683 -19434.0782039871 -96.2258291620501 -1027.0043010679 60.8929080046983 -62.3797673574009 835.643929207003 -2284.1173949761 -11904.3059354097 -8387.56233156644 2616.69129452701 0
57774.88258 9026.00082068076 19.1410336899503 -770.121521681198 -19920.8161835436 -313.350627403302 442.1150600447 -1808.2053117269 -19281.9805453971 182.49659526989 -594.416592711601 -76.1350583653984 72.6402037545013 487.0374691455 -2237.386770231 -12505.2978833894 -7550.02737625203 2754.14319430593 0
57778.881789 4835.16609103039 20.8639851861531 -891.87490839096 -5745.96324076241 -286.09575735352 276.81917539725 -1894.91634915638 -4182.19482182454 -1333.98916780524 -705.302004868659 26.0557826164895 -5.35329276778066 304.52431510104 -2341.60330061541 -3004.06766450826 -1785.56761742403 1593.34059608333 0
57778.887241 4669.61510744474 18.9828330196991 -851.24877930486 -6064.0311555227 -391.389050771329 266.526834918821 -1699.77728516275 -4581.48471146455 -1348.7074322903 -1105.2316487746 224.353051817781 -85.7051783224215 483.49559528439 -2355.47552823806 -3246.64556207741 -1824.38138132084 770.63519293608 0
57778.892276 4859.80971122546 19.3447472934449 -1020.70156966412 -5866.9085975365 -344.44718514243 39.0566781723792 -1648.63426078821 -4449.04147037539 -1242.40940942316 -1017.30873484042 204.990127555751 -401.298359274331 620.305975836871 -2254.71583792035 -3283.1671485951 -1739.18742481461 1017.67598377481 0
57778.89708 4715.63495592474 18.6841308408794 -1102.16804088883 -6066.49740202888 -417.78142912952 135.79978964759 -1910.81939793281 -4595.45386781568 -1148.82006862105 -1230.3717071186 373.38434462889 -364.164362113581 456.57727488053 -2375.41728420233 -3191.68038965997 -1921.65087159774 1304.03385213627 0
57779.885552 941.184591516837 15.7478314042741 -235.02610268969 -107.676066824078 -428.49697112335 205.46507544522 -425.132023637982 -117.437758391374 357.829974887166 -958.687242479414 57.8791521204359 -234.160078279388 701.622346765246 -597.564771621057 -141.218736462109 202.132556448478 -44.547190544336 0
57779.890402 968.926458174 17.1417033081713 -223.915351508551 55.850258109674 -299.124636892388 31.5338938951081 -215.792056495978 0.717679983830976 251.174721493187 -823.182331788502 62.794037290879 -397.000258228385 847.889577731048 -540.647991694614 -176.317266018926 323.122774789844 16.4526542904561 0
57779.895576 940.053562957891 14.1278712417387 -244.26707401145 -149.85344631346 -221.73600773365 76.14482269423 -362.25641475935 -185.916554376586 349.003434715456 -755.998832512388 191.879704928808 -390.732150512806 646.063976136596 -475.730684139925 -214.357911605101 194.81813428697 -90.634248134452 0
57785.829492 12942.7880876586 16.6155744373009 -1209.2499714433 -16741.6754208144 -283.745594827102 92.5862141118014 -1930.5292428629 -14022.3354980474 -2941.40995831358 -793.869004386299 -62.7442620251022 -235.179705745599 445.076842445298 -2320.2340359061 -9877.5337366316 -7974.41128387819 5315.70065573939 0
57785.834354 13180.219413716 17.0840922283372 -1140.2002886057 -16743.3615631633 -278.467731130899 12.1519504647003 -1702.6639762801 -14423.3218702726 -2578.95841921367 -709.372311056002 23.4430643015003 -404.953734498999 685.6208543373 -2383.2656575613 -9856.5772286591 -7999.02312584145 4708.05709044452 0
57785.839447 12868.9214489959 16.4674326365611 -1201.9882526853 -16715.4530875796 -199.991703007701 89.074914850702 -1981.8183485072 -13933.2155709316 -2974.36518499484 -650.298643083501 91.1187446660988 -463.060292276299 637.580336011 -2425.3443710805 -10172.7825037527 -7668.01261807198 5669.88592669993 0
