Time RV eRV Halpha NaD1 NaD2 BIS FWHM S-index C3AP2-1 3AP2-1 3AP3-2 6AP2-1 6AP3-2 6AP4-3 6AP5-4 6AP6-5 9AP2-1 9AP3-2 9AP4-3 9AP5-4 9AP6-5 9AP7-6 9AP8-7 9AP9-8
53577.539929 2.4435975278924 0.767997368213024 0.877095166871929 1.08905186193628 0.812264560816011 10.863338 6.295760957 0.211029106580151 -0.384227091448319 3.05442766577917 2.09455868509061 0.361700346569497 1.27330737518094 3.49636887677097 -0.11788959808055 0.96506859272404 6.04281263994659 0.0307955616001242 -0.45134310414369 5.37792126708565 -0.9765592882726 0.39513530617141 1.16648284891549 -0.885962711873001
53814.836698 7.00721650524878 0.475793044840158 0.876799458085177 1.08856899927549 0.814095297902383 10.594886 6.280995454 0.204956006908923 1.48490091544632 -0.3301220879577 4.87765040730441 -1.89205932943694 -2.07558682577361 4.48853182906287 0.799749169607601 4.03066546401087 -1.01604999936044 4.56817042807523 -3.45118204807508 -0.4610964365301 5.02848514435973 -1.38371351309119 2.83685732597127 6.4370049911414
54200.859022 6.02809141025092 0.726490339309988 0.87443096654707 1.08835751368823 0.8124859512427 4.816644 6.285355548 0.190492440204556 0.844384221507539 1.99462761488222 4.16702484991361 6.74839816252808 -0.84781082543739 3.11340658914753 3.22466131753591 -1.44393169161985 5.51057083910332 2.98750974784259 -1.49256453249601 1.05683494387543 4.04690576497472 1.98199018649745 -1.24043580968278 -1.18620694557949
54202.826494 5.72053280698077 0.538595462699228 0.878816227946102 1.0882302672886 0.814808992315956 8.156131 6.283889552 0.196491756325071 2.0219411216982 -0.30608143415559 4.96681265073879 0.52633249019875 -1.83843624315549 2.95436858944533 2.37736250228932 2.44587056005521 2.21843095120994 -0.21140098688606 -2.120924412522 2.16711052678977 1.20767019759474 3.66337440348772 -3.19268478693625 6.66016009423891
54562.834368 4.20523281325481 0.55143496966635 0.877360843873465 1.09100315586157 0.805763800226418 6.472595 6.27850534 0.191489608097782 0.532070283650123 2.80791644888753 2.0533934234031 2.51343699233651 1.1884490072885 2.22803456545536 -0.3181522473482 2.84563278624832 9.10784328641045 -3.6534576073323 3.08364539013972 0.29140396692961 1.33791395357183 0.56450903335538 2.0238100714218 -2.98852263991315
54563.808788 3.42718862699135 0.595990835270328 0.878554498614594 1.08640596958142 0.805288730706666 7.165327 6.277181619 0.187757545479906 0.954495940513434 0.39126878720435 4.78958794519262 4.82087564135478 -0.82834633521753 0.41508250807537 1.8606631973269 6.18883936718548 4.43831728914618 -0.65991861466271 0.04176276602167 0.59534989306152 -0.19068755179244 1.70240882233135 5.09257357490504 0.88959242325625
54564.802584 2.87739561211785 0.810497632967325 0.877909472337258 1.08919465643107 0.804078927166005 6.156533 6.279246603 0.198781581991645 -0.0447382081800694 -0.0758827226187497 3.04638204657198 -4.98582336973734 -1.40462751894158 4.62691695600728 -0.8104802680419 3.50643266055007 -2.91241047676478 -0.83925172747669 -3.91575115644699 6.13273146233658 1.18482853482521 -0.74249915697244 4.34138957968533 -7.25865440278708
54566.818579 0.653854104465465 0.642503008121201 0.876785170945634 1.09146877698408 0.809337197802652 4.222694 6.281610061 0.194367596511495 0.445911700875267 1.06027797091509 3.48758081275722 -1.17862297060026 -1.27936812221171 5.33964364713261 -1.23610033642601 4.51824815603418 2.03350099365881 -1.87764444771463 -0.70509200000018 0.50864413763841 6.63061240740468 -4.24451530379054 5.31452870520374 0.270619979894461
54570.772179 2.03955340702771 0.672321882761073 0.876275143251093 1.09196612768029 0.809199532586585 6.939101 6.281809342 0.194564213778417 -0.305456444474021 0.185693758830637 4.65973110185936 3.69380949200405 -2.78810067094193 4.41925634001547 1.59107621427819 1.9694594695596 0.49913566982455 2.28799167840719 -4.91271885604937 5.80682137956498 1.06017545189211 1.4634538185677 2.8654103672062 -5.11650399242021
54571.790058 1.75684881479149 0.920386607159791 0.876203078478071 1.09309763502707 0.810148162884262 5.478842 6.283876296 0.201046488949227 0.657925466244034 1.71959607394641 5.26088729257263 -0.127432146005863 0.716024098767429 2.03970182742932 5.3140169582195 -2.43576961403789 -10.3751872713233 1.03190703968269 1.61059704042691 1.32472551991142 -1.76816895370354 4.58527350343167 4.3905856235456 -4.67585377886623
54610.836893 -2.17347490323471 0.865534152758562 0.888214817933836 1.08920315260124 0.809308495986047 8.574877 6.286719278 0.183073822129952 0.109736511869716 -0.98918229384634 5.39351712848516 2.47659472038806 -3.27666299806256 3.63834110787648 1.16257388251153 5.38435963953539 -8.45533977102575 6.42625138302809 -3.39722611140438 -1.94725561590608 5.02234646966781 0.517510244178108 -0.240768083161218 10.2237209515706
54611.660331 -4.58110199340055 0.675091176979868 0.8876449487519 1.09143240614453 0.810508810209279 5.5977 6.286488695 0.190231645659265 -0.452582680786562 0.61814304602137 5.28269653993321 -3.26410081669006 0.26787030219658 2.00544610304617 6.09265626519159 -4.09196650579451 -1.99931601843843 -5.70061381695251 2.29565168500302 -1.29953543811273 4.84781402910742 3.52927435303188 -1.51776345348133 -0.942027897033616
54612.72229 0.325012234660015 1.01259713726048 0.892941638211086 1.08962228802451 0.80074022653689 8.283981 6.287873883 0.186044968315844 0.633473374165681 -2.14708471520748 6.38979939506287 -0.870168841159784 -1.73169315936781 -0.51132714607642 3.21818327191107 7.94985561533961 -22.180694361089 -0.025911339545215 -2.12965851868119 -0.53166786875258 4.60574758299204 -1.6786044833233 10.1849702320281 -1.48778481815338
54615.806944 -1.75145635768438 1.69857632720573 0.8804609851728 1.08541984866807 0.817719441582394 10.026795 6.291951318 0.159912405210544 -1.54931595340608 -2.9314520717958 8.30603745209041 1.98931337180669 -2.45325008186754 -1.546961331202 12.8003411454691 -8.37132692321213 -29.9681596590817 0.42960167209277 3.61332824600293 -15.3903952838782 13.7038305151121 8.59571243460168 -8.66285271776241 3.03631404266911
54616.654649 -2.86039889633487 0.810255396090618 0.881149969219635 1.08716848675011 0.814891508770705 6.557574 6.286167136 0.189379832997559 0.0544224957040909 2.31464904125286 2.75927538326655 1.1037393085517 0.53297400309931 3.12539842745292 -2.43337842644478 8.31221243663689 10.0693799920316 1.27627591899185 0.0703472645944299 -1.33195399384594 6.14961481687157 -4.07795968381146 1.68426411664551 10.0796107366861
54617.670943 -1.10770870402648 2.01650541896582 0.880635204417817 1.08799302768125 0.8029211182911 15.990644 6.282093 0.210281846993758 1.40639551438005 6.66916105613603 8.97677077196377 24.1439387350838 1.31469641035441 3.01143985015983 9.8643683008553 -5.2407530576775 -17.0061726530133 17.8735938982609 0.27964583376154 -2.93471560158718 8.43621522384131 4.11929806756936 -4.97901892728549 13.813934263222
54617.757506 -4.30698818673524 0.950804565432971 0.884453467469613 1.08743991925012 0.806861814956697 2.897882 6.286828009 0.203246313627737 0.669097457573352 3.38061348887052 0.87995377999597 2.90352184040561 1.75839166613893 2.1450177470426 0.11135419069532 -0.68537482883182 0.20898389536453 -1.61786642359992 5.60493235037666 -5.47131839890879 5.94649435552594 -2.51432493731141 2.83752881976691 -1.03672891064899
54638.784414 3.13971238060902 1.00003339775092 0.879140899922759 1.09028825085974 0.811263967024832 7.121025 6.289364492 0.171986828649409 0.0223068558846255 -0.22364087720061 7.59136810895948 -19.1523890728805 2.05614893322487 2.11152397421603 3.43227168490884 7.02672732762188 -32.8853675183183 0.497806315030717 -2.28873018536946 4.11935459614893 2.26347875742181 2.33509532812591 2.53968659361857 4.37501897967833
54639.71165 2.10782422125619 0.660397858605959 0.880211038675526 1.09575711863421 0.813410594489869 4.974429 6.286562824 0.191195077493534 -1.3941634110775 0.632522039943853 5.08099815658395 -0.743601416934545 0.236201612479309 1.09038669536785 4.04330768335781 1.13219297687611 -3.62112391046289 2.0217456299775 -1.15799675789305 2.49951498504442 -1.27412102412732 3.76813960656777 -0.72470094847822 7.80552918256878
54640.678179 1.79541661358046 0.910494426705832 0.880053105675764 1.09038210608292 0.816023346762645 7.448927 6.29449183 0.183762603252529 -0.276099445183217 3.34119972920602 3.99587656161103 -5.76515728813466 5.44501464023017 -2.07503922595987 4.95167898930443 0.13846714103345 -3.89619390252051 -1.15963050643727 4.83869622469374 -1.7827832935029 0.962311035171563 2.82618274229216 2.73383535048447 -1.60339180846299
54641.672786 2.80622218305578 0.853150831334254 0.883153780191511 1.09274218390674 0.810923003741232 7.992873 6.286010699 0.185112935907855 -0.774074556643257 1.64603721009958 5.59899808024804 4.40408724916534 1.08463233354354 -0.60739683307557 7.34173194498637 -3.32987917268001 -16.8367708097032 6.59890588419876 -0.86276067035793 1.29948490576551 0.0466419956915898 8.0680708412236 -7.62669176628501 5.35886979112739
54642.649405 0.694092099127503 0.69040154124323 0.88358854863435 1.09301066397772 0.815763566499227 5.982187 6.292091503 0.186489813149959 0.917318319395971 2.61641507530442 3.38019993980679 -12.2489076649303 4.55585482341163 0.969188317790975 1.6558776611852 2.84944685548946 -10.0972368357574 -9.10854594132394 5.54163280592144 1.378492939591 1.39703013280901 0.48873349508959 2.04834474372544 1.78716319814305
54643.669507 -0.598166936049894 0.856976208054253 0.885273510470809 1.09571505545351 0.811404689001579 7.039241 6.290717356 0.186437165174439 1.0002101339329 4.3306401696108 5.92634166331604 -0.975476096988101 3.79840003596861 1.43866772519105 2.08648367526746 7.15140187760724 3.45477503431177 -5.32305706486895 6.14533893943116 -2.84383345514938 5.93797634387002 -1.44791573445773 4.40295909902804 9.38929679663362
54644.676981 -1.22374732103266 0.723202749281103 0.880239383194032 1.09179611657974 0.816720681527176 8.165497 6.286546712 0.189872977484284 -0.414683579830656 1.23497673383094 6.9382554759209 3.50162301072214 2.00599156611415 -2.93336579585761 5.83173518590326 6.0152192571701 1.49127544049201 2.85349879977907 0.35145645334219 0.00754897589163006 -1.0702762746122 3.25770187218294 9.24760538911071 -2.4704546080018
54646.581443 -0.804629197984863 0.736699192788282 0.879432857810465 1.09585132641936 0.817537497587856 8.741421 6.287658193 0.188663845417818 0.297480765431842 4.76514918418064 3.98629521485613 8.64570792437749 2.8688691719856 0.403110354485117 4.80849879115217 -2.35961599581488 11.1150977242511 5.23510995271642 2.57269907552207 -3.82318755160886 5.78499890935253 2.47761595345545 -1.58531472211833 -0.94332066734154
54649.454078 -1.95896583423997 0.780788175132454 0.879836554601986 1.08835077498673 0.818577992029072 11.641811 6.28210597 0.188112840352831 -0.330857737832362 0.55582698453806 3.24604136782152 -2.71412693154206 0.60776168130265 0.96365547019909 1.5556654732262 2.78209607671324 -4.78320028498422 2.5884317893302 0.39229547079429 -1.93696871860994 2.04658217257579 -0.33333905151972 9.51871707814536 -10.6115108868523
54679.559972 4.64693752610456 1.10000431594848 0.881808491872308 1.10006226379928 0.813441100966408 0.922031 6.283742642 0.172008099481281 -0.633806124309603 -2.0585890895927 4.82867586475385 0.35304658100965 -1.63438633678337 -0.96628279680978 3.319991827586 4.5389258127733 12.7562630061034 2.54839969214579 -4.6165802952852 2.38873139664643 -1.73695506365941 2.10174643002068 2.0525818587706 9.10700756265258
54950.812894 1.56787737158474 0.639507698425959 0.876956366183916 1.08706475133947 0.813406446042678 8.549749 6.305645972 0.219503857674934 0.20965903844911 3.55241206915574 6.23816535675209 4.47265193230005 1.88014340287248 1.44729567320785 5.12942608315409 0.97898986531225 0.884811948738751 5.2813941291404 0.771390846483798 -0.942248095517368 3.41030008199299 2.70220142482964 2.9182229616452 0.31758337629957
54952.790298 2.60702066984875 0.705383499697751 0.88025085677236 1.08871234887188 0.81156638922682 4.883701 6.319762791 0.215752998347322 0.353562730066387 2.08301679219957 4.27237293952474 1.2741859201546 1.63190460345096 0.37672221656278 1.83865110782707 5.52760822211558 -12.2868268189562 6.6652137539338 0.68830779739403 -0.84868889658726 0.12960256453964 1.9664657129872 2.61626598928533 5.72632968780404
54953.76599 4.65873048188022 0.64827869639966 0.879037785024144 1.08604558173107 0.810309815565974 4.606957 6.319163704 0.226904725050962 0.525917575825565 0.638501337607551 2.88636613764922 11.2972684492679 -2.29618481361411 1.11306310807566 2.10928090813103 0.57315607403671 13.3319719736837 3.29916495031765 -2.59814727464844 0.24614303534698 2.42313883416139 1.91574119900232 -1.83649414626063 1.15400117420277
54954.778985 5.80345415850904 0.498640519671152 0.877081503245374 1.08609365776011 0.810028602928628 7.884363 6.317616061 0.225533969139645 -0.0755072697017878 4.54789861757351 3.11505809161277 0.51224531782004 3.23336374338522 2.40414388177754 1.03871980365435 2.26535299436218 7.37568588326549 -3.10477083235778 4.53298937016845 -0.428388014495479 3.17537487599001 -0.44811199091814 2.81106949310074 0.9867780357764
54988.659616 7.80196151021485 0.652780274987249 0.884596210693908 1.08921437621667 0.8172831512577 9.199986 6.308000188 0.214996498430436 1.32946176511272 4.682420985622 1.14206299064007 3.77593637673486 3.17781870631024 1.47136405258452 2.38730406349856 -4.9396203412215 2.23118826600157 3.75396110836294 2.30555837472396 1.17632181180587 -0.28390288452481 1.93184761937282 -1.23850777590844 -2.03833081334658
54991.695074 8.1713224759408 0.778857187234364 0.880798874795054 1.08634137008055 0.813519357759213 10.751467 6.316668769 0.217085067143677 0.898405547351209 3.62770059260696 1.6461738164732 -4.70991642695978 3.55282137064883 2.09484374516013 0.65328513650597 -0.1760087687825 -6.25036945758748 -2.33733405572034 4.97661334520718 -0.33784120715697 0.62955752881758 1.30075437985453 1.345060772441 -3.27941476803601
55025.535743 9.24270779503869 1.19521221912464 0.876690249168915 1.08694355625913 0.813684428804906 7.235731 6.320327124 0.206294492509162 0.452884175140943 -1.25425000652721 2.73247989350965 3.99433029771923 -5.19176211451744 6.27001229049184 -2.83860947775598 5.82674088376918 19.661996514335 -1.5259137366678 -5.6276776439829 4.43077797138976 3.21550723621994 -3.19757120592401 7.03674007926001 -7.1442044743592
55038.508121 11.2451305376656 0.745246740090129 0.880435427061129 1.08612448328663 0.814394695485332 9.924616 6.315602788 0.217201400337144 0.546470300530996 0.587193420199601 1.9885905072017 -3.81094557283726 0.18766024620002 2.32538439879084 1.754048987904 -2.1881415800239 -6.8923670168296 -3.19340748464127 0.0832934425231695 3.6530929590044 -0.4052910311208 1.9214802602389 -3.2989650927022 4.04302803528
55039.5841 11.1648942889232 0.602084781213685 0.874277416510849 1.0903595860178 0.817232570200234 9.580913 6.310607873 0.220674618067073 0.672948628786052 3.49326672476947 4.1723830649332 -1.40940130598801 2.67169414931649 2.18763855731636 3.0043734037018 0.226382934594001 -13.1147244773404 3.83742611111891 1.74106512679296 0.98006205200163 1.2331553427695 3.5029480508563 -1.9042993052456 2.4839589192347
55224.884547 13.5533581278992 0.578106654920022 0.898361583357932 1.08640249135467 0.783390675255837 12.28623 6.309492003 0.219089239202116 0.891616774983409 3.5941222886382 3.0004743163255 2.80448619781649 1.8442120129581 2.3084468853132 2.6238479021363 -1.8298417400819 8.20823459446204 -0.0022028163978991 1.3853034947311 3.750864682845 -2.4410547549897 3.050176164472 2.5141991750252 -5.1535171401833
55227.878442 11.4933708084375 0.570940067802127 0.883858778569945 1.08489510258063 0.802748529097899 12.27729 6.305477327 0.22095255008327 0.174396644665322 2.37886071216687 2.457512890056 -0.26269817091217 1.40540223598852 2.0032818204383 1.3699280587763 0.267039775604401 0.850913493798281 1.68568054117142 -0.15084824874007 2.21814155083671 0.856811148088301 -0.1911161435139 3.7427751706275 -3.2628681738478
55241.889749 5.07131229392924 0.515847670781614 0.877523777401978 1.08643472892127 0.811376126331979 10.55205 6.305050219 0.218579417687845 0.237406753504538 2.57872226734881 3.67689132333403 0.26282371449126 2.68730300912499 -0.32926543086662 3.05158438531754 1.85440090163967 -2.92645563076594 1.36523376322269 2.43675365234853 0.07156221415784 -0.782539512864081 3.18244354155395 2.84532825571232 -2.61708922348817
55242.879542 6.79456231895505 0.647235242303703 0.877991443887193 1.08686636116981 0.807273628092161 6.85379 6.307773664 0.216884435228644 0.57762629014074 0.0307793014487201 5.11692925656052 -2.56482884152417 -0.0298047217961699 1.19251404627975 4.63872697372618 -0.2622851495899 -12.0203186103868 0.84043058794795 -0.41172670694109 1.65088939575489 -0.495235291132429 5.56209973069064 -1.40418342432777 0.32941648218687
55243.88539 8.39694263373865 0.77713497264497 0.876889324199266 1.09059139608667 0.811512857635274 8.250278 6.309334196 0.2112840934553 0.306454920905101 2.50406799618118 1.29058784628277 4.60616644427464 0.72760786707195 1.68978470528411 0.0773417444249809 0.917625461160711 -5.00250145111231 5.74141755890246 -1.16691831754398 0.688751621201311 3.54383408353835 -2.53475238569289 2.47219351386989 -0.4045194999335
55246.860341 8.04091146609135 0.725303392139027 0.872922334944996 1.08785479860054 0.811309976188749 9.945176 6.309363335 0.223808137960095 0.722401888096788 2.50340216098178 2.80721775274477 2.61614345885338 2.28647650254124 -0.61559097151132 2.22797371555296 2.05989651020042 -1.41713446977735 2.12842165418488 1.19071768074041 1.85373351905166 -2.07210714006168 2.09715886241681 4.72680860200934 -5.39347938951831
55247.876063 8.82657014737162 0.725933610853408 0.882680497110862 1.08564497246563 0.803051229071562 14.197463 6.305716585 0.212677569700104 -0.161131948966576 -0.41404525008761 6.64948517868042 -6.66982146506999 -1.47564359047372 4.74670334001358 2.48445317082643 4.2765396965157 -10.0089423899822 -3.99602664930851 -0.58289872630711 1.9394660397607 3.46833248930157 2.0302859825487 1.860185562553 3.00058520907
55280.841472 3.01773894902348 0.611264943648564 0.880364361040486 1.08596894913636 0.811318335375345 10.289668 6.305715295 0.212170600324037 0.617055507795778 3.44656233997192 3.12921020256096 -0.57154713285847 2.57969287111351 1.92987050647382 1.12921900908851 2.51641871668038 1.42958548306448 2.17107354118198 1.12523524964967 2.00027323836661 -0.0491999231876501 2.52109932081632 -0.60437095897952 1.37940595000276
55283.804215 4.00565001072832 0.641686024379351 0.87524441249567 1.08632486235075 0.815725062088078 10.085881 6.301709316 0.216278712985564 0.331922956760371 3.19659083718581 3.46078070722896 -2.16551771768724 1.60558120831642 4.02245172175631 1.7452894502888 -0.60770103100383 -2.63650852491591 4.17839108771746 -0.92272176828555 2.3959489770034 2.93649691830961 0.62442504068249 -0.2879399036914 1.08623361957326
55370.538359 10.9699396013922 0.936814385184735 0.879490068337056 1.09395874145754 0.813812448402553 15.752208 6.315177229 0.208773990573334 0.639802960255087 3.9264769346792 1.2415145158029 3.70321022827715 1.07402770195441 4.24708300857327 -1.476452640337 1.55328896647 -3.70414147268354 4.4543672254987 -1.0186209654191 4.02375841637312 2.2337507804648 -2.163393612866 1.9813529649145 -2.2596662529448
55372.596043 10.2852875688982 0.666591111330384 0.887678163005964 1.09962818816116 0.804704514497349 9.448137 6.315104155 0.220482501104444 0.786903770309924 4.73189442606649 2.6129972892379 4.349059130924 3.5242608906717 0.744135942743201 1.0112180141452 2.9180469447989 16.5552142647487 -3.84299702744729 4.17072415346943 2.6488333499892 -1.8278340537245 3.1482637529741 0.334430297910199 -2.0038062424012
55374.567105 14.7951918388602 1.08400137004526 0.876876217179123 1.08645931140707 0.815952818299981 7.580562 6.320465106 0.221867219136705 0.431108369906021 2.6018609941319 3.875373016679 16.5891343325837 -2.5244324355035 4.3323403035669 0.00607938301579836 4.1500268976535 25.8800805898711 8.49841729776109 -4.8195070148082 7.046830262361 -4.6587874155305 2.6628499307911 6.7241973134097 -7.9063493961063
55398.464039 14.8892855538139 2.06062439038131 0.873914075325504 1.08152338640253 0.810967275537413 8.226287 6.334578355 0.172883920265507 1.09714034914537 -6.994597290042 8.932173705266 -17.6554335681192 -2.027256555834 -4.31593644991573 16.0418379273312 -11.5081268303495 19.7466042674168 -13.3894594081747 -1.2426938401486 -1.0111638802082 -3.71001915692577 14.288489763332 1.1782984365385 -15.3922906695252
55403.529374 12.1434062613055 1.18492320868251 0.875657297276281 1.08926960091808 0.817297103333593 12.183355 6.327850029 0.216969101545895 -0.0248082977325395 -0.44208545368368 9.54337347484443 7.95183358814867 -1.8446041822537 0.105064624069671 9.04828497528483 1.0256277990768 26.3341731912048 0.501147359169199 -2.82903698863998 4.03995799932148 -4.85786545926945 9.03082042260615 0.4683419871205 10.2066970040777
55408.516063 15.6552704355551 1.82575942214153 0.868281789319574 1.08703681813794 0.804858567578524 -3.17003 6.324662285 0.197378393339222 -0.124396481932091 9.72262953330074 9.0880545395942 -1.31911150572337 6.12154386415828 7.2650577276412 10.0694987601269 -10.1936255255277 7.31905657198304 6.16804306185402 4.93039017423612 0.652962922656 5.481732959998 11.8138396497543 -12.3095118794029 0.8937273512121
55412.53927 17.9191511015307 0.82264569613721 0.872706337198471 1.0937965744571 0.815460760097014 11.961314 6.330172578 0.220188523136301 0.388484766312316 4.6070095669436 2.2184898387805 -2.0688080336079 3.9708624708723 1.9520238355461 -0.890596344488202 5.1488068509363 -0.0943074366255008 -0.3956912661 3.8419714733247 1.7760603385936 -0.786140287318101 1.9979812400783 -0.710377773021001 2.6253410623305
55424.490849 19.0061602207402 1.17050041208547 0.872152631537564 1.08378068124434 0.80999919357329 16.28772 6.331620395 0.217906151129091 0.705152484542694 -2.7806900862992 4.8160097473114 2.7419449794824 -6.3464451110464 5.9028002513803 4.5732106553366 -5.9276721169736 -7.1594463588483 -0.786403928341798 -3.8544927049274 -0.0830330927007008 5.0180496918608 5.8551206376227 -8.4128012350977 1.3901030133092
55437.503351 16.0770480760515 0.703182214273709 0.878736135090211 1.09231002887227 0.81187561906972 13.624162 6.321681114 0.219272036475159 -0.373695820138239 6.4616526372571 3.8112017999793 -4.91793953867147 6.02289222132807 2.6469405948169 1.8659199646538 1.6078561011078 2.36872700560151 -2.50231219563742 5.83811227249992 1.2194457955124 1.9376157252807 1.0820837506458 2.1518930435412 -0.313711950899098
55438.482734 15.7326641470392 0.612761102262143 0.875460087658556 1.0909235752561 0.815805411745846 10.616126 6.313522417 0.223130440701739 0.113690529539164 1.6094666071358 2.2924758810665 -0.424883372985901 -1.1085053653914 5.3200953751218 0.545957752105501 -1.8518975034101 4.3597918853726 -3.7659992634358 0.946969333812401 0.5640990253062 4.3510373155399 0.0682561645766988 -1.4411054236356 -0.2702210419165
55453.476669 26.712020060682 0.599048558178181 0.877253416207172 1.09093082155201 0.809232436818526 14.417775 6.342193821 0.238734738106912 0.429549860152917 0.244628521488 3.7787798362603 4.7346601153424 -2.135496909 2.810287103086 1.4069973602499 2.5362527488323 7.8441784665854 -0.0319864764610003 -2.3317049505156 2.5145369054001 1.2392634185808 1.2640725973195 3.880161066056 -5.6915399165893
55456.481571 21.6889308139499 0.782921126679583 0.878634188913837 1.08582922985626 0.811277175992723 22.002982 6.341908586 0.239930357326159 0.201126270243447 -0.859607910799497 4.0938972778717 1.1851539380626 -3.2703800918647 4.1119007410001 0.940993742658701 2.8828726154602 28.2759782693631 -6.1693250783956 -1.0634273494146 0.8367012421491 1.4237650053955 2.5015799697039 0.993975926609 -0.642318545752101
55460.506861 20.3071195904209 1.34091403381959 0.873311831893139 1.08552762892243 0.810247396484042 14.015972 6.331977143 0.208161774207586 -0.969333756160045 6.1688547400993 3.4143233888296 -9.535167028035 6.5190874112995 2.0830293565147 4.7081027445499 -5.1818459769364 -10.3313750767437 4.116161716978 4.0452148460162 0.790894551729501 1.5582746772875 5.1875019256816 -6.4143134623806 2.2958589730704
55464.562221 22.4816448551372 0.896895578678892 0.879390824810831 1.08970308726936 0.811055567730115 13.439398 6.335243893 0.228831832357145 0.432044687098875 6.193667610052 3.6203539518857 -1.5327365782158 4.7184331144949 3.2916568511708 1.0574987212609 2.356782871171 -6.5497272831433 -3.4283487833708 5.8225540883768 2.5882177368621 0.613763115926798 3.1125094388067 -5.6659379488252 11.1551142705291
55591.864322 13.1351977444727 0.736168711089033 0.883469285228751 1.0823163735016 0.801640746842618 15.848836 6.344495817 0.247668886979942 1.2581051834567 3.7071244695323 -1.6225977722206 -6.98396419833613 3.48953320233253 2.7693934768624 -4.0497672274221 2.5679657811132 -11.0146139835431 -4.47485638883708 3.75227368480728 3.1078775234864 0.260472670025299 -2.7446000752387 -1.9846215338514 4.7350003363354
55611.853078 8.50145714449421 0.722157242494862 0.881791957486602 1.08339649225305 0.800763985373558 12.368444 6.343525703 0.244491542567329 0.288491656923244 4.93059912102204 0.80613026867656 -1.82155011714136 3.78716243400623 2.82768166390704 -0.962093581036701 0.983358217222801 3.78522933144372 1.08091449178577 3.20943869129355 1.33730439727833 0.54011774824119 -1.05658929731676 2.09201119538586 -0.2907376340086
55615.85468 7.66032412746719 0.579488087453043 0.877480386861911 1.08254704719028 0.803290337018677 14.956917 6.332207444 0.241135688071465 -1.08778334471207 4.40754094404008 0.0143638060031996 4.91500682961977 2.15126225934943 2.4682248832685 -2.52307109753785 3.26547635475521 10.5008627464876 1.6525919140965 0.632725223516751 3.91718191696988 -0.45039603356858 -3.13273675687003 4.67275471150301 -1.66591221883235
55620.896619 7.69622871610317 0.866160498708208 0.882707943052413 1.07950362002391 0.791790934532288 10.913439 6.333896281 0.223897640959506 0.177362279317636 1.72952646772492 0.812768552253841 -0.40941942629978 0.99767596481019 1.52597997354898 0.466970731350361 -0.866062508851911 16.0923260298616 -3.85042747425854 0.35886565310931 3.37187114874782 -0.64997005688018 0.36546818078461 0.658970239296631 -2.81668581288947
55624.900601 13.364479761158 0.684623933628375 0.879080700882853 1.07917413239661 0.796662738890062 9.905713 6.336350356 0.233462461088449 0.114989679240995 2.4328707427152 0.6211372940421 4.93593455519513 -0.482736855381601 3.8605354919616 -2.7220936039816 3.5061778402563 9.38135338558925 3.62409575370484 -2.0601434027523 4.4468367816459 -1.2394614421843 -2.1324183007245 3.7057044483339 0.681712295217201
55628.890557 10.9342819784457 0.825800427542077 0.880814425077831 1.0843735105931 0.811679284688792 16.030078 6.339139407 0.238151541230918 0.546314348381937 3.15578489826735 4.2452815801784 -9.03470383762696 2.73028552423498 4.05128658315968 0.740189911473701 3.7093003244055 -14.7193233261202 -3.79294220332295 2.2302657714855 4.37617355027491 0.7095712013974 1.1431821143305 2.6549636969559 -1.072914721045
55631.880344 5.93067867575216 0.777327519358458 0.873576087573831 1.08675073567339 0.808603278600803 18.114408 6.336658665 0.234427722810375 1.03045433139767 1.51382931324633 4.25527633400137 0.05177816647711 2.4730337910137 -1.81592146189494 3.82204905807641 3.01059585795869 -2.41467591935702 -0.0391268448483801 2.36741249407394 -1.64933335980012 1.16684779026262 2.90661744462257 2.24016752811375 -0.4376581864603
55672.786388 10.1003212499157 0.817122149370959 0.878798076336442 1.08391825894466 0.811401719756063 16.396586 6.336084754 0.230668268632904 1.37501803132823 2.22424427701549 -1.74118328847934 -2.95587771640357 0.425287067953072 4.4135763647275 -4.75978506275634 2.18808688837124 7.00642070768111 -2.62915245361467 0.86691330692623 -0.792268945355259 7.2481363112627 -7.5458852303372 1.45899175032991 2.71936852929559
55691.716591 9.4409020241136 0.875153384490326 0.877637811147409 1.08270444750481 0.807734257045567 12.21101 6.332178056 0.220643366311659 -0.409209206707333 -1.67456204165654 5.31858441469904 4.54265077456553 -4.17242302624088 3.13474569479871 2.69015310433467 2.682327065459 10.9269164222511 2.74931856725119 -6.65559170609359 4.99378406033019 -0.0789512373284111 3.60051234484781 -1.7860073707223 5.1978439660493
55695.71396 16.1553078181923 0.689443929284491 0.883821774731534 1.08435680864976 0.806680048749347 10.010198 6.335194377 0.24042929898919 1.70596773780708 2.7631904513895 -0.825805444690101 1.0445408510765 0.6827263105331 3.568891282514 -2.0944851426937 -0.999317702910599 19.0103580238278 -4.38354942934 2.8019577490632 0.501115466230999 0.839041338692599 -1.2258013457299 -0.921501174387801 0.9115025792838
55729.58889 14.5362952505168 1.03635454373812 0.877388346932103 1.08627458025193 0.814593858025676 7.275607 6.334960464 0.212747780665485 2.30180966576332 4.4632501206432 0.970608286397201 -5.53761185467423 4.06338338147203 2.6488556422196 -0.602407319733798 0.749137294315799 -32.256163925305 9.39175199168135 0.2970030700343 5.7295934208641 -4.7561952243532 1.9081888409212 -0.157028166493401 1.8126365066663
55735.587662 17.5460923195689 1.36868233605751 0.875167349699961 1.0861567813757 0.812864917310164 19.704489 6.347876703 0.205290509009311 -0.298873975718436 0.0983747712833996 2.8134104424628 -5.5340049165087 3.3854322666778 -4.4501229486894 8.4535186233752 -8.0848505847188 -24.1744692800635 -3.9195290043162 3.2801903692931 0.568269657861002 -2.86085724407 7.6005501646538 1.0013890569736 -17.5887899846885
55777.501985 26.4906493083136 1.04673068791838 0.883116291477667 1.08294225075691 0.812923225301925 17.378471 6.353618858 0.258402667662843 0.510348505203709 3.0770127765868 0.783357535971 -3.4821640937438 2.4514295751397 2.3801986694408 2.488074244403 -6.6157620066094 6.6798192342055 0.895513650178497 -0.171699097647199 2.6259334671523 2.3321828816689 2.6883228026089 -8.7739899980526 1.9998891507587
55783.553244 18.9402635318127 0.795139745255205 0.884310822089496 1.09551934321707 0.809949347605509 17.251358 6.343398137 0.244373568970421 0.35502375246784 2.9881270056053 0.853839144036598 1.0852190613988 0.645930354417303 4.0978463784674 0.133142101210101 -2.9372941289164 8.1618620515375 -2.7496697194644 1.5339460688872 4.0316886857516 -1.7210734430807 4.3683796636485 -9.1207514079696 5.1309263392185
55943.871791 9.78544417920135 0.639606455741246 0.883656241442183 1.08462810831268 0.803642132048154 12.501102 6.336527283 0.245531353286762 0.509169795937036 2.83566455715546 2.39799953308078 0.49945769350915 2.14849519594647 1.123280121756 3.0648330662328 -2.8049414095726 2.45196130255806 -3.68998961787391 2.68772697851976 1.41573869484665 1.30535947062728 2.0199772102268 -2.4064234335069 1.7880608522261
55962.894412 12.5193431700459 0.669279109983278 0.881238009338454 1.07885718802418 0.810378090069998 13.481896 6.341348027 0.244327844128602 -1.02430111523088 3.1931396400793 1.3924117096047 3.53631871735303 -0.2475510607103 5.3519354842217 -1.042660673148 -0.344029542619101 17.1474809582899 -0.832220668782901 -0.65534662388592 3.62387140219972 2.4659741893013 -1.8962970223798 -0.561404146298502 3.7366369817165
56011.858512 8.07124838864182 0.598828011040058 0.880461762189093 1.08538372573762 0.802569413992933 7.168245 6.309296915 0.216116273082577 0.999851398374257 4.57946978129736 0.527126248978909 -5.35238186136252 3.04851126263409 4.48663153769518 -2.56608909430131 2.44889236876761 -2.28355465227043 0.0170294859757094 3.17290191951118 -0.21313531282345 4.58362907844274 -2.68988399351501 0.38410294409384 0.723233651655969
56025.797187 8.61625652422193 0.853646373857005 0.878785830043601 1.0861320291515 0.802133664367197 11.697655 6.327813259 0.234414076765207 1.12347432284538 6.54085248396287 0.449991535392041 -0.83095884837235 5.87433567072048 1.51347735042676 -2.80612722006876 6.04521905560586 11.8465855605422 -3.39736846071222 7.42107563327155 -1.28116644667781 2.04154730510159 -1.80392582017187 -1.10032675421981 9.41234933333418
56078.673035 14.1126269328053 0.588404024155299 0.888105738234888 1.08867336539911 0.809117358383283 10.232387 6.311790463 0.207044963165901 -0.120024494513146 2.1038233667554 1.9020997971433 -5.9891230847866 0.3361011257821 5.2360743954249 -0.5477085070605 0.0201906385654009 -3.1505313173038 -1.4185097113549 0.395024804311801 1.3961961118977 4.0613561565183 -2.0157803272981 2.822946811742 -3.0140438254742
56082.64157 14.9537715439247 0.90723088996187 0.89856093220295 1.0897501166469 0.799701863195051 13.039666 6.322946502 0.215891441389329 0.814207897604012 3.2778881221913 2.3175799697618 -9.6527600244101 1.3501154296336 6.6165828163423 -1.6733073283246 2.1448498340097 -28.5625506948234 -0.6457840393014 -0.36091135914668 5.98002416447668 3.0515500278377 -2.2106115537042 2.6924239641281 -3.7012157909663
56150.544282 18.0811701941272 0.991466988311564 0.882601417212577 1.09376056167377 0.81508313701124 14.934375 6.331173503 0.221759095992822 0.781223557998486 2.7280333584963 -2.7121087770572 3.5513483708989 2.2279565691624 -0.161263680621701 -5.5070737589314 6.7543774040053 11.4856647835178 2.0743507342896 0.535113161334397 1.5909865730876 -0.367675581294698 -5.3867330106714 4.8421430522254 -0.938585031246802
56167.487357 21.5264883314466 0.702421398527873 0.881746325349715 1.09437371468947 0.810807018737482 6.909418 6.330776477 0.23599596506602 1.36434524504065 1.9062419670556 2.1428992605439 -3.6036501005964 2.128512475823 0.7528923775936 1.296375310783 1.1970303190935 1.9593249052332 -6.3534477025088 3.3972425595587 -0.334900129857001 2.8863702608259 0.467780466869399 -1.0446820062518 2.5055187025325
56186.485172 17.921280861344 0.92871962054136 0.881764725233709 1.09003847539562 0.812147614082255 19.487995 6.331330441 0.224862810573237 -0.293438137399546 -6.0948617369457 3.4718202065957 -3.5585463770315 -7.3977663615653 3.5699111548734 -1.5179469490284 7.9004709687272 4.8160693102209 -2.5136922290311 -8.822427267066 5.9266407352714 -1.6276647233647 -0.3498356971009 4.6079103342581 2.6644031822036
56321.861971 3.03812225119517 0.645384740761611 0.882730601397481 1.08729776673676 0.80751987996984 9.407409 6.314060127 0.208293835600491 -0.979034462407783 1.69965522522952 0.20123383439006 3.9071778012275 0.12803194304419 1.63700712883364 -3.37164147913748 6.84987828131828 -2.72078767492712 2.36921580055354 -1.88808705787588 5.44009984253195 -2.45299154165585 -4.31579208004212 9.70503523489238 -3.74461664593013
56356.896357 6.18103929510254 0.728345492725726 0.87845113478115 1.08929413541321 0.813972592989173 8.937608 6.29889335 0.189031441443244 -1.53456134381604 -1.29853266587063 4.10552743927992 1.96704811224049 -5.34029502697096 6.94369246785416 -1.3553368170146 5.34879730690419 -8.76581809150749 -1.54505153372928 -2.60915703415904 2.99607061239446 0.72361584507074 0.41489729994212 5.18842175222459 -2.3006110634763
56361.85361 9.98786145992535 0.826215109374746 0.879775623160471 1.08844605547401 0.809856497896671 3.614552 6.310879449 0.21361476797505 -2.30546622288265 1.39567611275436 5.141520392605 0.819757437222919 -0.49144859843999 3.21736526773608 1.6608465403838 4.6887764911224 3.0610755484388 2.25281296255751 -0.71555579072105 0.71225615248002 1.83226670947628 3.9005846359768 -0.1987255530768 -0.2120468495797
56365.846066 9.95583607586311 0.717764695757695 0.878262634184842 1.08702675460479 0.807073676964781 7.376208 6.322582699 0.202065627790752 -0.773777573983472 -1.4638044319405 2.0339656811628 3.93953020825566 -2.98895026952277 1.59451670607078 1.62581801200129 -0.752511146469701 2.16081959371647 3.50497500630032 -2.91484378588509 0.11870992859126 -0.0274484558388615 2.50162042563369 0.2082390831913 -2.88761508784449
56370.790364 11.8205197149099 0.703523779989518 0.874900857308068 1.08341891146459 0.806424874543049 14.544938 6.339946636 0.230496585275627 -1.64735477804359 -0.8230276143466 0.8307413870389 4.79344961630488 -2.6441071183362 1.8650125612013 -3.31192285312224 7.79149477335244 19.8886075934742 -0.298017987781 -2.8284180529075 2.5302076399821 -1.5360414531865 -2.85007394203125 6.17739707287275 2.6968127678802
56384.804648 5.54547332815534 0.973692205540314 0.877725317144491 1.08388913588056 0.812031900114194 4.137179 6.303737832 0.194001432934235 -0.495558867740528 3.20337576355518 -1.12171468143453 -2.6730819230708 1.89455153239963 3.27821340781275 -3.86361878732964 2.84401578983285 -8.60187407436938 3.51788350985443 1.64813376834664 -3.02898889816947 7.51189867635575 -6.51793578908273 3.80605179160961 -2.58737070385106
56394.808214 11.5797773175899 0.805063869316165 0.873293713808977 1.08439656632207 0.81329199039699 7.819837 6.31879136 0.203422027761364 -0.655775161085725 0.592125673079101 1.5779849879367 -3.761133866385 -0.57493933405963 3.24941417032273 1.0102884176509 -2.0904567560793 4.11728303418597 0.8456637120954 -2.03285878043761 3.56627568125181 -0.8702865206146 3.314806829514 -4.4231189775046 0.6257468268146
56520.491103 12.4617499486774 0.648716790546644 0.87650837914511 1.09194960596409 0.818491474010092 6.07157 6.297169308 0.197915852448598 -0.18021061646871 1.8403113321745 0.345529134642399 -3.5458987045928 1.1264925531037 2.4712205523062 -0.7949848122863 0.0239590957974993 -12.4841467949185 -3.19184318102739 3.21915372401629 -0.7097592369122 2.6314296174442 -2.0890364992808 3.5271562013865 -4.2448414064813
