bjd rv erv ccf.fwhm ccf.ctr ccf.bis
2457397.69135 1.6767 2.615362 5.87964 26.23604 -0.03952
2457398.7345 0.433562 2.69495 5.91831 26.57667 -0.03064
2457400.7531 -4.945638 1.612914 5.89219 26.10277 -0.03543
2457401.75401 -6.825029 1.534234 5.92302 26.25156 -0.0398
2457415.68826 -5.364261 1.384617 5.87635 26.21545 -0.04119
2457419.71219 3.28315 1.276063 5.90423 26.15202 -0.03476
2457421.73494 0.633913 1.141268 5.92005 26.17101 -0.03686
2457422.656 -2.263841 1.624067 5.88149 25.99274 -0.03671
2457426.74783 -2.715268 1.295949 5.94389 26.65255 -0.04484
2457427.6063 -2.891474 1.518594 5.89836 26.41584 -0.04051
2457430.63648 3.367796 2.386526 5.89813 26.35357 -0.04035
2457436.63758 0.716341 2.067258 5.91576 26.45887 -0.05019
2457440.6353 5.712547 1.490127 5.90318 26.23246 -0.03017
2457441.76071 8.419317 1.528217 5.9609 26.30416 -0.03635
2457444.6912 2.017669 1.566968 5.94746 26.27951 -0.04183
2457466.72946 -7.704687 1.607754 5.95124 26.39918 -0.03874
2457472.67195 -3.072878 1.307813 5.92737 26.48371 -0.03123
2457490.62229 -8.308901 1.240624 5.93061 26.23947 -0.04059
2457495.61203 -2.158806 1.928986 5.92746 26.28563 -0.04341
2457505.55239 2.70226 1.450947 5.96078 26.16951 -0.03642
2457509.59815 -0.958153 1.255308 5.97233 26.3896 -0.0474
2457529.50649 3.718661 1.55725 5.97792 26.32171 -0.03794
2457537.59721 -2.798964 2.206934 5.94728 26.38828 -0.04704
2457537.60914 -2.956256 2.349056 5.95039 26.35029 -0.0454
2457539.48636 -4.456148 1.668702 5.95936 26.34956 -0.048
2457542.51155 -1.28199 1.837009 5.98606 26.87726 -0.03484
2457550.43629 -3.554524 2.769346 5.9606 26.44934 -0.04849
2457550.44576 -5.57523 2.297422 5.96812 26.35922 -0.04375
2457553.44077 -2.573702 2.064997 5.96044 26.29186 -0.03824
2457555.54519 -1.824742 1.666595 5.99157 26.51114 -0.04188
2457588.40996 7.526125 3.172205 6.01083 27.06527 -0.03876
2457596.39709 11.025498 4.636933 5.97419 26.42933 -0.02816
2457627.3739 -5.175155 1.910134 5.90409 26.49472 -0.03102
2457646.29884 -3.154798 2.481596 5.9352 26.41872 -0.03425
2457647.33408 -8.193609 1.687167 5.95594 26.68104 -0.0333
2457760.74997 -2.29956 1.736481 5.94139 26.28443 -0.04968
2457761.7338 -3.975205 2.049779 5.94151 26.30678 -0.043
2457768.75107 4.400347 1.909721 5.9103 26.24423 -0.03454
2457779.64975 7.435675 2.299302 5.92568 26.24355 -0.03837
2457793.6139 2.692449 2.761808 5.91361 26.13964 -0.03673
2457798.605 4.874418 1.946542 5.94785 26.36317 -0.04675
2457799.65851 0.162863 1.451454 5.91866 26.3239 -0.03657
2457806.59505 2.183046 2.124708 5.91989 26.28531 -0.03822
2457815.73319 5.884009 2.484796 5.96203 26.59686 -0.04293
2457817.62102 -3.780599 1.675925 5.9215 26.50103 -0.03403
2457819.63527 -0.731815 2.421885 5.94531 26.31144 -0.03743
2457824.50047 -2.588571 1.867498 5.93049 26.20635 -0.04343
2457828.57513 -5.94829 1.739816 5.92783 26.27249 -0.02656
2457829.56098 -4.586275 1.492878 5.89761 26.37951 -0.04469
2457830.63414 -8.805589 1.769829 5.91569 26.36663 -0.03186
2457833.56189 -6.309449 1.537034 5.92069 26.34557 -0.03695
2457834.69115 -1.622629 1.822303 5.94032 26.39731 -0.03565
2457852.70314 -0.444685 1.789125 5.91816 26.52611 -0.03583
2457855.60846 -3.527836 1.284228 5.92723 26.40323 -0.03634
2457857.47468 -0.798953 1.30361 5.92534 26.31946 -0.03294
2457858.57946 0.245076 1.339678 5.89849 26.35881 -0.04448
2457859.51345 0.578198 1.922354 5.90407 26.33944 -0.03747
2457860.48573 2.089946 2.273797 5.92833 26.36384 -0.04148
2457863.51819 -0.362473 1.226312 5.92731 26.37599 -0.03382
2457864.58795 2.56063 2.195396 5.93694 26.31314 -0.03629
2457866.59467 4.57969 1.481792 5.93855 26.43808 -0.03409
2457875.47412 5.539109 1.618534 5.91303 26.35301 -0.03829
2457877.45771 2.759203 1.548472 5.93613 26.32741 -0.03432
2457878.6507 5.055776 1.539175 5.91808 26.24442 0.0018
2457879.44698 3.046054 3.483223 5.89141 26.34516 -0.01936
2457882.54832 7.857937 4.282181 5.94625 26.42211 -0.04294
2457883.46554 3.051948 1.394154 5.91385 26.37472 -0.04165
2457887.55989 2.337289 1.828787 5.9456 26.36915 -0.04259
2457888.48619 3.895875 1.504755 5.95025 26.39113 -0.04121
2457889.46226 3.853359 1.465109 5.94378 26.33271 -0.04642
2457890.51617 0.409363 1.800556 5.94947 26.44933 -0.03878
2457894.53925 -2.05556 1.655503 5.92772 26.52865 -0.03561
2457898.55455 -5.290951 1.59254 5.94237 26.52893 -0.03602
2457901.43079 -4.397912 1.744679 5.92862 26.40663 -0.03405
2457905.48424 -2.980426 1.973021 5.94817 26.2821 -0.03392
2457907.44725 -4.214671 1.618459 5.9431 26.22778 -0.03761
2457909.48701 -7.679429 1.636476 5.95241 26.25538 -0.03802
2457910.52157 -7.540717 2.07145 5.95202 26.35158 -0.04229
2457912.53576 -12.651106 2.148708 5.87124 25.84648 -0.03295
2457914.54029 -9.516107 1.937123 5.96572 26.49805 -0.0353
2457915.47878 -8.560039 1.787777 5.95291 26.43669 -0.03214
2457916.44328 -8.935904 1.834683 5.95096 26.40518 -0.0439
2457917.64661 -9.353509 2.15287 5.94176 26.3956 -0.02976
2457919.36431 -9.847246 2.587289 5.94479 26.58897 -0.03307
2457920.56042 -8.986347 2.577205 5.9209 26.5928 -0.0379
2457921.43508 -4.598532 1.843656 5.95029 26.44457 -0.03448
2457922.47791 -3.573019 1.677643 5.92893 26.38699 -0.02733
2457928.37403 -0.050496 1.729901 5.95662 26.33714 -0.03901
2457934.42426 -2.374177 2.457067 5.94161 26.37952 -0.03384
2457935.44278 0.563589 1.592305 5.94253 26.36429 -0.03834
2457937.36508 0.911811 1.578928 5.92697 26.49303 -0.03518
2457942.49605 1.795546 1.816303 5.9283 26.43946 -0.02613
2457943.49434 0.252255 1.913176 5.92966 26.42775 -0.02405
2457945.39683 4.281804 1.488904 5.94024 26.42144 -0.03707
2457946.3986 5.001621 1.719442 5.94867 26.44947 -0.02998
2457947.43226 5.562177 1.721568 5.94193 26.41146 -0.031
2457949.53952 1.927647 1.492249 5.93435 26.41171 -0.03409
2457950.54779 -1.554011 1.54342 5.95401 26.53929 -0.04258
2457951.43111 -0.878898 1.451844 5.94678 26.42716 -0.04055
2457954.35217 3.921702 1.873466 5.92484 26.42736 -0.03158
2457960.37305 9.045776 1.712064 5.9313 26.4636 -0.04382
2457961.3682 3.628137 1.314076 5.91674 26.48892 -0.0328
2457962.42544 2.090146 1.427568 5.93475 26.66575 -0.03411
2457963.37345 6.41872 1.37294 5.91911 26.54671 -0.03155
2457965.35216 6.607672 1.561171 5.93552 26.4417 -0.03281
2457968.39529 9.290514 1.519138 5.95486 26.42254 -0.03738
2457974.39304 11.351717 1.473645 5.93043 26.44239 -0.04851
2457975.40192 1.379551 2.790786 5.91649 26.42036 -0.04312
2457980.37372 -3.83009 1.683409 5.92778 26.47689 -0.05648
2457981.38799 -1.698597 1.760861 5.93776 26.50691 -0.03472
2457982.51265 3.38704 1.970614 5.88948 26.18909 -0.04033
2457987.48899 7.530766 1.789171 5.9184 26.26934 -0.03397
2457989.33075 8.037209 2.542396 5.94904 26.34544 -0.03679
2457999.46431 1.829075 2.685596 5.88981 26.04759 -0.03832
