53606.590165 -0.416834246841001 0.875156232007731 -27.86232 6.626026999 0.166391239722293 0.176083097975542 2.76257872698209 2.97460541338209 2.13214053728426 0.8397387283433 2.58498014590498 0.9398285584937 1.81149671077667 -1.71828153368428 4.65585498910621 0.488375349386662 -0.114547805438152 1.47808591201012 3.66122405213248 -1.38316078677436 -4.17146760260704
53607.546096 1.88863796709933 0.408072197222462 -29.55096 6.615173529 0.166784908728205 0.625405989510755 -2.17319260217614 0.498045763557984 -0.12770915019461 -1.46943768049738 -1.37239866453635 0.777581583514164 0.99548932525507 1.22167371232753 -1.44150741989482 -1.48162342614896 0.61289150690102 -1.81558142205198 2.57496605107682 -1.37043787626555 -1.90944804235966
53608.545367 0.962576155882239 0.582579506244284 -28.96175 6.622478171 0.165611081559534 1.29535767192706 4.04039486334338 -3.21933269404567 -0.0519060710571102 4.50564672200102 -0.87416081385213 -4.74819042045749 4.4547059399235 -1.4242479119407 0.843465043013129 5.08909132852071 -1.62394748877615 -0.66361095984586 -3.61236141777113 1.98097777567142 1.96718271201056
53609.549857 2.65837701540174 0.52097034830638 -27.62707 6.618472785 0.166908027188138 0.593405476293092 0.23810219745871 3.50693619313161 0.89544609734234 -1.90428783961964 3.75057202004369 1.52209816550706 0.2807129301877 4.50866176186937 1.30127253091136 -2.48837239362689 -0.198820958797735 5.24817172708573 -0.20799290723585 1.41233045406591 -3.12280273920703
53868.709072 5.55132933183313 0.441252154942921 -28.62759 6.615508487 0.167189382772339 0.582540288253558 3.02440864675052 -0.0931902830689797 -0.20752122949623 2.06478322320439 2.04185684658641 -1.69076676643276 1.29635440113449 -0.04679753148219 0.50798092936674 2.02619862278695 1.28530086918933 -0.13433934860423 -1.29491571778197 0.0342302311881006 4.09041731461555
53870.768258 3.75932733003357 0.440681115222968 -31.41888 6.617979294 0.166956347607664 0.242232789397346 0.70628093956522 1.50458928419752 0.72911305581312 0.41868347518351 0.14259033481861 1.56064430314234 -0.287311516169329 -4.01482408493832 3.33291241203829 -0.41998906801799 -0.84973709203837 1.98048454604759 1.4530101465176 -2.6034357146826 2.11418440608257
53918.648565 3.18863455473816 0.416498768136781 -29.88092 6.614376228 0.166490380192863 1.50216047804941 0.92636198659402 2.4966905251409 -0.15051665928473 1.56249801399898 -1.20311208373057 2.15755066702612 2.27041129560077 0.45474838929723 -0.8903097065247 2.0960458270778 -1.50368466369788 0.40190110441319 1.67474389008741 2.23424393450197 -0.20476138837506
53945.609501 1.59770590077023 0.54446449575192 -30.54348 6.622973448 0.1644084406314 0.958764070873702 0.14181220820365 1.25279659596718 1.138952740355 1.11856701008459 -2.55632647944967 2.58871120551312 -0.1818314560054 1.29620343928608 0.45183548085351 1.35575595890353 -3.98700955295963 2.86842154386034 0.46218098560392 0.484857737358 0.29325570560614
54197.866608 -2.61316882668868 0.480750666219063 -30.14674 6.619940197 0.166604610517728 1.0529089702073 1.01391330297187 2.00276994952286 3.40617120317071 1.19037739349554 -2.28565523600344 1.9209979982134 2.73629036065908 4.98760900131213 0.3386903698513 1.44487015813314 -1.0502794364369 -1.91125819763729 4.07442602021662 -3.03572294643178 6.75597377807634
54229.817098 0.862581013092957 0.472269800637634 -29.91793 6.618100469 0.166055006152209 0.965817016048542 0.307979400218749 -0.978218857266439 -0.230580158211918 0.683343060106307 -0.613079189446227 -0.492690617638291 -0.413086648774301 -2.43595416437364 2.25753872048683 -0.0902692925228201 -1.79617293330197 2.52626929744949 -1.43636073847529 0.117001914711054 -3.50064788437529
54521.893645 0.614043541242689 0.517810276814186 -28.80563 6.620473198 0.165969958539296 0.259088384835016 -1.74307157898877 2.87394136022305 1.46810845729518 -2.39016136189013 0.432787975594605 3.48767105268937 -1.91927678255222 -0.256834033257215 1.98292293177504 -2.78633276362157 0.169966739561031 0.102379461068247 1.92667697033502 -0.52913016224016 5.87136897304208
54521.899282 1.98338512122856 0.514796877874184 -30.58964 6.61992093 0.166557671941949 -1.05281648447033 -1.05281648447033 2.69375972236444 1.67313585524349 -0.23662007291682 -2.5612915799195 2.69274308552894 2.97692665046365 -2.87451010033804 3.3375528430216 -1.50444910370059 -0.81071708973247 -0.713367576207953 1.73382690223902 1.6635997933611 4.74421356406199
54522.900557 2.0216805105181 0.428230549239978 -26.74607 6.624156155 0.165837518710899 1.17028803225171 -0.53922769552926 1.35255101129704 -0.72886717973413 -1.17536654711486 1.70236634511207 -1.50774002685054 4.73970703818098 2.65948947247275 -1.90056954724572 -1.11916571865617 1.50587752441887 0.5729857421426 -1.88119918927325 4.31565097071037 0.0333205267660004
54523.864896 1.96124797869964 0.633905193188565 -27.89767 6.619630228 0.167213230262854 -0.928109781085888 1.72369732987515 1.96780979760156 -0.722571805976438 1.37368120033126 1.06037625228121 0.39245475420475 2.47394945369867 5.72478173628945 -3.71742885507091 1.76592648060632 1.33017370162078 0.28488165444276 -1.2138926477501 7.93650445547575 -9.00935788601838
54523.870533 1.05562262729119 0.621694479572892 -29.34165 6.620756571 0.166331915428014 -0.124059799174695 0.518372436320554 2.48495627422472 0.416818326562558 -1.01461264954122 2.70095795156401 1.22427551954802 -0.0511142773507398 3.04020619766897 -1.04373206667791 -1.01801388987283 1.44510641516036 2.09070539001955 1.95690998165914 -3.896921718862 3.71292611141825
54547.778819 0.303289687466605 0.394717094812481 -30.2685 6.620894203 0.166759247249979 -0.320360277360642 -0.623851840399404 0.806574136218545 -0.634895874811406 -1.12813464483205 1.42138469301947 -0.449239674090287 1.24526451344418 -2.66562677708485 0.811941613425702 -1.73034505439588 -0.39211175240086 4.3331486157228 -3.65577418931542 4.80971885372383 -4.79506609434099
54548.884956 1.6152994315148 0.720172782297418 -27.95604 6.622242887 0.166001384151001 1.68173560974334 2.85273079064001 0.49431741201529 -2.03892404953459 5.04705083371274 -3.08930092452245 3.71759903258377 -3.94215792650518 1.01330230140008 -2.15441506418874 6.29761768260091 -2.1282775672138 -3.60920772201472 5.18658283662372 -0.7602334669687 -5.5158996824422
54552.834032 -0.964156508031495 0.475524625435477 -30.55403 6.622588139 0.166272236666285 0.06705631359654 -0.464714395178171 0.201669747106949 2.13792724054965 -2.08912967175802 1.9432222227192 -0.532473778007325 -0.501647667894536 0.90898074399357 2.20535122551487 -2.16676242293684 0.12215384871514 1.3760529007838 -0.988234063028036 0.717671401692831 -0.895752864072721
54553.83518 -0.555254865900151 0.404136228755929 -30.78824 6.619659845 0.166451583905995 -0.971463600941231 -2.83843222801887 0.39662575211149 -0.59054515595751 -2.56949036852561 -0.18916985959828 0.65230305061244 -0.38248049962193 0.27925199007073 -1.30169674745027 -2.10923833019499 0.01033290842457 -0.48822885834858 0.79238744698957 4.14694891962856 -12.5114823299222
54554.835194 0.0230219231526218 0.409800757593854 -28.45312 6.621081316 0.167365778081983 1.34632836249466 0.001340905160999 1.64053330993152 3.46857352508258 -1.72712755199973 1.39289739298041 0.500954440402209 1.06390331054338 1.55332975371093 0.56619660122327 -0.376132145845077 -1.05950314604365 1.72377348733734 0.319059444365314 1.47320299941483 -1.19905847346286
54556.805389 0.252261559599981 0.352371244023543 -29.1263 6.621418498 0.166661516518774 -0.189383486016031 -0.406748778891367 2.25684909379963 1.1939917909806 -1.26807264037885 1.02393935239447 0.510973510325415 3.09134764675047 3.66860222652096 -1.15047862939309 -0.804134420789151 0.322013944935759 0.748396293498583 -0.136113070277443 5.543030292707 -5.93461120366093
54557.854559 -1.74516982482956 0.380564574668317 -31.03576 6.621212944 0.167033601322725 -0.146998974882912 0.50419460302807 -2.27374737579919 -0.14099844323507 1.55840445707497 -2.17372276446847 -0.48882253568323 -1.35280344156136 0.134101370330392 -1.48398799384471 1.7247945086645 -1.17763772768026 0.65730238640055 -1.84478456918697 -0.56470975133189 -0.43266336106161
54563.884896 -2.78242253460754 0.363787921489052 -29.13955 6.618609328 0.16719230614053 0.956183328841281 0.37098295813996 1.21254973090876 -1.79036537930095 0.92660604710688 -0.01186504669846 1.33474981903265 -0.2682225586488 -4.41114909207136 0.6166465319346 0.0404454783073103 1.41968588205468 -0.45130047121312 1.49903373532844 -0.52249451297315 -1.42985411343212
54564.859077 -0.285459512791569 0.392426239850566 -29.15768 6.621651236 0.16607458465562 -0.030524449253763 -0.951073250194056 -2.62418332406875 -0.282416633188384 0.574544121720274 -3.06150687826326 -1.12158122457499 0.2743292478059 -0.413125423372636 0.895440736125497 -0.049162605018291 -1.68779900834025 -0.945102042680236 0.4443733328203 -3.92525590195319 1.87096265105064
54568.867023 0.914649048442187 0.50402507203471 -30.24186 6.616797815 0.166267619630727 1.12780575853088 1.86178401923607 -0.72049020072447 2.91302718362801 1.54293469103066 -1.09034181635551 -0.318053540680383 0.340780504418213 2.92178452548354 3.5248662321194 1.03689439783736 -1.75175116369794 -0.646468355862767 -0.801701816709091 3.19214896845116 -2.4277886250417
54934.823086 8.26235169001173 0.527818282775609 -30.17652 6.629735408 0.166558551852372 0.523191576412238 2.09805367834134 2.5510538863584 2.75184661374254 0.849384765183441 0.716733020118799 1.62848008149879 1.5640120715593 2.90061019348774 0.86495197665827 2.54854962401881 -2.58439132446565 1.03628520605573 2.81421445211262 -3.22497062568078 9.37997108949768
54941.741029 1.80685764345203 0.393421152114926 -28.10102 6.623662348 0.166718710946317 -0.181031201745842 0.21841477881062 2.21990618502219 3.86609881419037 -1.8611260745293 1.56227118730898 1.42237590702448 0.2621850018193 0.992604301225524 3.02304038883529 -1.13218239484153 -0.706835231844 0.4785452240739 1.44358728965131 2.32384060816943 -2.14508782813843
55038.615209 1.39554239097512 0.452430336993654 -28.57316 6.629424811 0.165946610839268 0.662448662987257 2.08645194048714 -2.7381344637315 -1.0202771102477 1.37946143434049 1.8652101789222 -5.01859812535785 3.52401866837337 5.07350486050601 -4.248999108271 2.21814112085424 0.89787353299812 1.67381558709504 -5.12747553027692 0.642371425255419 3.88916137047902
55041.618764 3.00664627065889 0.386607623392579 -30.10272 6.628025275 0.166086074557403 0.489628826381904 -0.66690560138718 -0.24542112290789 -0.76798308982609 0.26938732108091 -1.32263471180198 -0.22732048356893 1.50376355879329 -0.0567858327864199 -1.32925422950206 0.42116690118114 -0.35698289413937 -0.60347044047273 -0.0533945921351897 1.36493468770444 -2.11940820363172
55246.886766 -3.34322523296259 0.459425422827073 -29.10386 6.628291733 0.166424378639465 0.28127625155782 -0.74376383548229 1.83256071885814 -0.16957075563622 -1.55784873614167 1.5914039222526 -0.27035029331851 3.21371799594818 -5.51924784423196 2.59613249041757 -2.28044734781879 2.07654632151338 -0.92867052964356 -0.581765562252019 3.80944342707347 1.66087320836284
55247.889465 -3.83303285408364 0.47074139172146 -28.13897 6.624412528 0.167684567136104 -0.161131948966576 0.40920563628096 1.7302871517612 -0.61165058300836 -1.22862852220466 3.41314098223381 -0.0531721657277999 0.43666176808325 -0.96423033238645 1.10109666452788 -2.10424750190107 3.24463197023637 -0.01958936198427 -0.89585580348341 2.99223278628943 -0.280091452758554
55293.869633 -0.757532030414937 0.390252407863208 -28.56463 6.626160551 0.167011621665104 0.403693633022337 0.156475568741508 -1.08619822164109 -3.88542709676407 2.39753951977698 -2.02308997384302 -0.53102307562245 0.93498000696979 -5.97448579976203 0.87620938690596 2.0040586761219 -0.30482149641806 -3.5665459313559 -0.49475559548529 4.16346668422469 -1.65995048638215
55309.840419 -2.97608911615357 0.40089629080151 -31.64979 6.628275715 0.164901144461693 -0.0322152381954041 -2.43581253776987 0.82130691473606 -2.07570752494334 -0.33946997838493 -2.82775979050646 1.52390474310705 1.31917674534997 -3.24273446758067 1.03804133360253 -1.45389625140732 0.69948944394594 -4.30806556907631 2.85935507124398 2.81687144284489 -5.05295024881721
55372.620426 -5.29779049633803 0.658945855039423 -31.14648 6.625480649 0.16588044771933 0.929551149101989 0.18599897905855 0.57772091656708 0.66584308852998 1.03986793149171 -1.91870426469751 -0.14062373620855 3.83900007147809 -1.56392736947377 -1.56700979188953 2.62852463644442 -3.68260079069708 2.64613450982232 -0.85264900438071 2.6600013923766 -2.45456534466368
55372.625611 -4.90883474533531 0.650776094170354 -29.86992 6.622686391 0.165349533555825 0.508567418353199 0.58595349633912 2.78416163368408 1.8578782426726 -0.90585294493933 1.77751756524486 3.25660948268339 -3.03966488148484 -1.27722378584879 1.51959892521068 -1.29970368865169 0.51827954550225 2.82928376007079 1.92261689479806 -3.3667701639687 3.49662775963513
55374.626366 -5.82953745640333 0.763215580123535 -31.19236 6.630236993 0.164322671662645 0.701653096152201 0.203640738018819 1.12972549502259 -2.84454262883607 1.54232658967348 -1.02538658018199 1.79378458293634 -0.484168914070461 0.12355177275927 -4.10821054837101 3.29178484065984 -3.03816133925667 2.26792548664449 0.3889350524595 1.68081580359437 -3.42930447467467
55374.631644 -4.69169699866703 0.722311080242991 -29.30571 6.627223986 0.167501218983979 0.52239867181912 -0.0803007556052107 4.51042775577572 1.89256107587414 -0.79167716312912 0.34989108571823 5.27858352156518 -2.16151507990806 -1.80204513166334 2.99085964433196 -1.53572205980918 1.89890528236342 -2.65125921151383 5.7052286019905 0.012320982098759 -0.677782814092259
55376.59493 -4.56095067602409 0.908086054051632 -32.861 6.62928058 0.162955866482092 1.18028714828238 5.64813448749801 -2.08227444355589 -0.2165403347572 4.65888994087561 1.88118706451108 -5.53811916496326 6.05487543309269 -11.7025017106303 6.62431079344389 5.44086329705878 -5.72776375271367 6.59386219265299 -9.47801198610603 7.5366521143023 5.04722159006495
55376.60001 -2.81457367509884 0.922300922276744 -28.27137 6.630920817 0.164127474844789 0.998538819961714 2.87206517858694 1.95656997005733 5.94930155129793 3.53742334978579 -3.87623768102334 5.47538786039168 -4.06592857814475 7.11466615369618 -1.18272248229876 3.55941198839638 1.06126305723701 -4.50433480874864 4.60664387880295 2.44414672994281 -7.60536693924105
55407.604333 -4.23286477548316 0.441825465616517 -33.61786 6.627621035 0.163994707133828 -0.100253592186115 -1.0769856721123 1.37941952208912 4.01392590614759 -2.96882858194418 1.56275195406481 0.91675288628507 -0.52245441013898 0.940047056431331 1.25542185596637 -3.16932242965802 1.90138404818583 0.40577241124319 0.88938810562286 -0.55013948277345 -0.54864437629193
55409.573367 -4.18227363975079 0.475907328456259 -29.859 6.635607365 0.165524073406853 -1.0247724973447 0.64818892983116 0.91739078243036 1.9055284268179 -0.1006768008926 0.37887579228135 -1.46929748629008 5.50325858529274 2.03318087972004 -0.0870033247464406 -0.19612832662626 1.09136490992365 -0.29572978916464 -0.15316924525006 2.97008835991112 -3.54110128893357
55413.5542 -1.90123038306928 0.476776317275369 -30.51784 6.628488917 0.165810107550512 -0.293338650851172 -1.22431405002065 -0.75546404063312 -2.56034561551474 1.14532965891162 -2.99458364678765 -0.0343923181942296 1.50164049787819 -0.184583827834076 -2.05556225525678 1.18877485858597 -1.7196871391321 -0.77972986087357 -1.14214327254986 2.25311725659582 1.73011338651593
55435.563601 -1.33769764643315 0.386271719949515 -30.94916 6.631456461 0.166099006521532 0.284049844633306 -3.30483940742426 -1.77502207859931 -5.71662392932365 -1.57532082825642 -0.19437000661444 -1.1127549283404 -1.46633245550016 -0.64964289668743 -5.34243728008873 0.0633629193281799 -2.23578931199021 2.02391407250247 -1.85001116319787 0.42174124397718 -4.38762393510763
55454.516885 -3.47803222040521 0.470948895556901 -30.45936 6.632415634 0.165302750738643 0.710049692871178 -0.24174662091911 -0.40472931693491 -2.8636976672196 1.35131995323801 -1.43869209525628 -0.03296798484552 0.65150663585848 5.54230974048789 -4.36565976369347 2.53030816224558 -2.8326778708509 1.20217994463238 -1.53973432762948 1.47569153055562 3.02519757198945
55457.500447 -1.83449324993393 0.47174031614884 -30.62358 6.623702921 0.166102487537333 0.298191310346037 -2.95534808105212 -0.25993987857964 -2.46252165872295 -2.31666244028723 0.13303656002076 -0.41372875061744 0.22532941515636 -1.88782600347981 -0.416054080326143 -2.96241095430719 1.24686142097788 -1.06625506289962 0.32947383186264 -0.73694740953768 0.34345626533533
55464.5324 -4.15927104187978 0.592060808546002 -29.45831 6.633378134 0.165774880841921 0.336558142228719 -0.74832036784981 2.56065485623815 -3.5305813060978 2.50245121918869 -4.06159640567823 6.50238285672983 -5.13126722570485 -4.9104386443034 -0.2412927678459 2.06171798731653 -3.28288919584737 0.36961152102107 7.1854174083311 -7.49525279368925 0.37911792315271
55612.842202 0.182639487900928 0.578007019757205 -29.13757 6.629756579 0.166642374131638 -1.04299061424093 -1.31457320189902 4.46805662272818 -2.58653951889809 -1.02409345104048 0.774237379692111 5.16365115834476 -2.38792757755715 -3.34788910876154 -1.36744220364777 -0.932054074652183 0.58192132632008 0.775516745508894 4.13914152197763 -0.34038168796325 -0.88789044333274
55620.830827 1.3760006451102 0.532788689119187 -29.83909 6.631513273 0.166284575758212 0.13483142641738 -1.63299332206889 1.63859221691274 1.49922339711477 -2.82061068195394 1.40825000809985 0.53986078113759 1.066102675005 -0.73124653196737 1.36951846923122 -4.31843745622984 4.50663249833196 -2.48829029072703 3.81867537827989 -5.43768495452887 4.37107473469215
55625.915834 2.41453102659324 0.485709953603992 -29.91623 6.627928715 0.167106727623516 -0.651166752328855 -3.37506474787796 3.95730426471458 1.32605388651085 -5.35004952584946 2.89856210430136 3.14847075223119 -1.18022946446864 3.75497092877384 -0.134149527962831 -5.24350444168096 2.18972007033427 -0.12423712496412 4.92760924265812 -4.02735272207422 2.70065670627815
55629.892539 -0.837768283094636 0.427515000687483 -29.95534 6.629552829 0.166735145061172 -0.514493648637151 -1.76982078229114 1.32778630950155 3.71074598671489 -1.61648822158149 -2.2186747722172 1.53296961863291 1.86816784384963 -4.03655442638133 5.80699571792648 -2.95082451675531 -1.32886761063325 -0.36405032538276 1.77890165886966 -0.775871015277242 3.42245133291862
55653.782681 -2.91490754580365 0.393993473467182 -30.83431 6.627990191 0.166737044742273 0.0566755954948265 2.94803316257966 -0.51426467340033 -0.392394851969351 1.77016003898108 2.34650967838408 -1.61056989864022 0.0956996997684798 3.06474167147013 -1.15088941217445 1.72578782828585 2.72939033696428 -1.35223683904455 -0.82077446531574 1.10251791482918 -1.69146694462257
55660.754464 0.270817974227084 0.526446197977925 -30.45363 6.633119259 0.166608477412176 0.626232696945858 0.551972487161108 0.34671761888589 3.30672990012769 -0.585157406461539 0.340803285190518 1.2968472629651 -2.50833505557349 5.07389244909448 -0.264243498632202 0.034739037613251 0.476633774856573 -0.991860851930482 3.12854057042672 -4.15058653909982 -0.35180833399327
55672.741278 -1.07212763309155 0.472193854266104 -30.44986 6.627824439 0.166868864088708 1.35272692972095 0.961569560397319 -1.25950330206228 -2.05769361456613 0.9048083680347 1.19956474703264 -0.39914337308435 -3.30288576447578 0.65133111828951 0.41158068461569 0.946137335018132 -2.01018344367156 3.04980026064928 -1.05032283328844 -1.1283450352348 -5.0260929199751
55676.813025 -1.72164331449173 0.500535151869145 -29.42577 6.626940016 0.166074538744151 -0.0284947459267843 0.91642746908912 2.84941222742411 -1.66122203002988 1.34362496219274 0.10621111567172 2.83128199524977 -0.071216258594998 -2.55893569128859 0.22088568857239 1.07683661414953 -0.1712741221406 0.57329462719373 2.17662567931647 2.40986987144655 -4.83790976528901
55683.691861 -0.85080368134797 0.441512656169864 -30.58723 6.631484043 0.166673832398626 -0.698583317053289 -0.457947363237811 0.836557455859244 -0.046490215117836 0.955736856010415 -2.54263912571787 1.13049547174118 1.98356779223868 -1.4210707323088 -0.084677581830479 0.657633497692455 0.916143965104741 -4.22279393068468 2.17611772933591 4.17573209995481 -5.84261629642027
55735.614372 2.8462262461899 0.836865293691374 -31.28276 6.638365345 0.165507008545719 -0.298873975718436 -1.14324619833896 6.67132921027973 1.87696602042809 -1.78467689143153 0.18485732419751 5.9223930081307 1.57639459207094 4.39535604179232 -2.10634060327975 -1.1088295684422 2.700948877403 -3.98903834394695 6.13141286103215 2.40847568713812 5.24043476885277
55777.550865 4.43396895074252 0.58480383196257 -27.88028 6.631094112 0.166743630264635 0.426747290423696 1.19766040143137 0.155571487890629 0.27015150848273 1.95089998624834 -1.48457075828397 1.39747112381806 -1.40246480155191 4.60440501931527 -1.61007080923072 3.2363122352997 -3.87582239859954 2.05639391798993 0.70826715959996 0.30538197958628 -4.22947626632463
55783.598076 3.58041997946826 0.539310097369783 -30.84695 6.631303587 0.164465482478603 0.316350317717078 -1.30748174286972 0.27490318776089 0.92146240379125 -2.07462442064877 0.94858761011087 2.21038714307019 -5.6477114654708 2.89602967918043 0.95481868909236 -1.64869227676641 -1.59940583737499 1.78924698680261 2.70119364376927 -8.19488114698337 6.54204327344161
55784.637211 2.95264459308842 0.548531293039462 -29.55836 6.629939501 0.166312881592411 -0.891778659349074 -2.81472693799573 -0.994875461845 -3.55558327294292 -0.31755670619329 -2.7876710433486 1.24230369222134 -2.3945810479753 -2.98291282832057 1.14038649312951 -2.31294310490193 0.27668616537934 -2.43048030112342 2.15424259821923 -5.34859738397672 5.91920104978752
55815.476882 1.9583111934123 0.457572931474447 -31.47517 6.633145616 0.164512457686668 2.42436281974355 0.22426887461361 -0.40113516200874 -2.30677337774818 2.19212428359461 -2.41406695904888 1.22198802008637 -1.32581622633511 -1.64058540598146 -1.93184366270399 2.277219444874 -0.45795303653012 -1.86606388903531 2.9425616375473 -4.51682979675512 1.62957725418045
55816.477242 4.78574401153286 0.468719679552017 -31.07085 6.634007141 0.164977613520707 0.323692481370918 -0.718168243856611 -1.70547671066153 -1.73164300082351 0.00740094406610048 -0.45736352374415 -1.64120891212406 0.34324249890883 -4.88153688453151 1.34037452136148 -1.54045040890095 2.17032660024388 -1.9018594657399 -1.82369041445728 1.16716691289576 0.2843124701026
55825.474394 4.75829769512956 0.4486556903712 -29.27382 6.632019752 0.164770863195003 1.97119457557622 -0.15265163972587 -2.92876663721391 3.34027681117119 -1.80949522773256 1.36042837968453 -3.40613318878409 -0.33791943512771 1.82283811601052 0.2127578866744 -1.37541456253953 0.654303465048359 1.35193634168225 -3.0245820022211 -2.89397562808015 2.6138307050312
55830.490405 1.48927709964767 0.473546080942857 -28.82791 6.634222047 0.164602051559278 -0.520115308878503 1.23905271556514 -1.35289337032472 -1.50138493450748 2.06499676167373 -0.77489403611011 -1.69836306599985 1.68900002430447 5.11878682097556 -3.96535213143049 2.46243323519014 0.0498389089830797 -0.1612052182553 -1.5150728702378 0.00211399471439 1.46021501495331
55998.891795 -1.00063363237742 0.497185295810222 -30.60497 6.63010826 0.163918161276076 -0.00475797473565656 1.99503925038461 2.74301151893234 -2.51290374218655 2.97576106220098 -0.511562995450264 3.12752748518304 -0.3616465203169 -2.03589331169175 -0.88973213706686 2.15156381555746 1.10794403170956 -0.654776702227687 2.86891075823143 -1.85873632068354 5.0881653865525
56001.84269 -1.11800708574785 0.468619026590605 -30.15627 6.631422953 0.165894467208292 0.921250042509179 0.36837340262843 0.1801811752975 -3.08526564111905 -0.13815073300911 2.53518288704874 -1.2487161855158 0.603641520890756 -2.92150048920781 0.97189077223189 -0.51701478023471 0.09893958464817 2.13338797550833 -1.69277336543489 0.105903656768 2.16108382795811
56020.797387 -2.18368600015191 0.460938803638629 -29.81266 6.632313958 0.166628558520186 1.1741569280703 1.82537988727634 -0.56126713407688 0.69069891878164 -0.54274442242405 3.91110227452892 -1.46144564053173 -1.92167925065184 -4.65308227294407 2.6355282781772 -0.93570456318877 1.39594449240779 3.19842196882565 -1.89964134629799 -2.90869880988851 2.12274987630203
56025.760668 2.36572710067561 0.624987963314558 -28.61897 6.63223592 0.165735179289898 1.2078869649421 2.90095859900425 0.98735498500845 -1.71919055897487 3.92469312697459 -0.99064341661948 -1.05045191739834 5.67270551341755 -3.57534770519057 0.399089146481634 3.64241045175807 0.61257231862979 -2.5051615350402 1.0844282732834 0.56414097807821 5.05800684361174
56053.744068 -0.166737761231241 0.502529608968363 -31.11282 6.626725997 0.166659658612234 -0.240033888104339 2.18858818401633 1.45617431416908 3.70790379383043 -1.79329079301676 5.43585571296789 -1.53939367335028 1.1876843044049 -2.01518126111362 5.37035728948559 -4.24046647754157 6.30987324894855 -0.00367424316190013 -0.23664800067883 0.35733767872419 -3.67356798571425
56054.856192 1.76269793528961 0.474048301190947 -31.78063 6.635590012 0.165665319746752 -0.327226706761135 -4.35290446975136 0.332178931453164 -1.33826091009674 -3.06964406368259 -1.68095787663091 3.01101833035986 -4.65925597342094 -1.16294291929785 -0.86423912722053 -2.21120131042198 -1.47331078283864 -1.75692453727489 3.7336702290133 -2.93953783193714 -1.69647854019809
56080.612578 1.2316603706697 0.514878817781838 -30.41858 6.635930727 0.165879909220303 -0.3609964662432 3.00275395486206 -3.04438857890791 -0.05889993036323 2.47806084478108 0.96263408511501 -4.8237921295494 3.22343984281814 4.05342392447068 -1.38375326983087 2.91014900949513 -0.19362341681606 1.03483420528614 -3.5208913126749 -0.857952665495429 1.81370116083396
56085.706406 0.312757218791844 0.499743231459007 -28.25818 6.634953449 0.166280146672136 1.45148841959478 2.60347383233214 0.81237906613225 1.64350598500164 1.02832162268369 2.03115597513402 -0.00915197871377993 -0.20741718758551 1.62593890595416 1.67222387390396 1.08227444877586 0.701774759432835 0.25387103924528 1.57248223687172 -2.73667591956118 1.40743581240733
56093.758822 0.851226700234909 0.532383986333282 -28.69187 6.635808217 0.164129547981956 1.07730434015846 1.49178126357222 2.5156944259069 3.26566718605218 0.311409583293348 0.547512306920211 2.83729127523022 -1.35086807326133 -0.069855283631386 0.668121544225171 0.393759616288739 0.842117547605637 0.639575295177342 3.25561541364298 -0.42857088453303 -6.92394893577227
56102.546795 -0.678155736417031 0.680598201970561 -29.78112 6.635440231 0.159623716487288 0.690043733222579 3.25692767850822 1.72714841697395 -3.38882089256835 6.12324748369841 -3.51308049067731 2.63801726943906 1.41704068156863 3.61739699239101 -2.09084195490486 6.91201437445397 -3.51850321179064 -1.87553462623864 2.86892686183772 2.71185269270612 -1.63075904665281
56102.552374 -0.839191588448723 0.673486607807249 -33.99518 6.636731227 0.160734893455361 -0.507356390066587 4.02199418441849 2.32541276254083 -1.0319088546869 6.14139007636558 -3.27980086130103 3.96930700336361 -0.51312555632793 -0.83085643254974 -2.32427965347269 6.85074185084635 -1.70415483007646 -1.46697266862734 2.70784718852644 3.05420330144429 -2.7790869871606
56120.694122 1.66031756954466 0.822416735212576 -29.17685 6.641365553 0.165121376663934 0.269092116931654 2.3175727756752 3.9549496394116 8.33338229661202 -1.88757763543022 3.5830594661329 3.6188355666133 -3.43160914057954 4.88216807778788 5.18303479050396 -2.94504757974599 -0.442284533983791 7.53893792809231 0.0610918033828503 -3.61361069207057 5.26159773681368
56168.534047 -0.725144241927296 0.61040478441042 -29.85904 6.630384814 0.166346936216976 1.11024568685546 0.229818411864498 -2.10272115175105 1.98372964024608 -2.49441154134425 3.92963689135118 -3.88986518953449 0.11553839884216 0.68784331887056 2.13830582762949 -3.37540883858794 0.85982897979652 5.5563112804905 -7.37347767447454 4.11180398898913 -4.01848869517553
56186.497171 -0.109996896825592 0.52886977589026 -28.6076 6.636245569 0.162273283950914 -0.350392123192941 -1.76975156588082 -1.59519749396467 -0.25655994452277 -1.39279497853517 -0.544915871517228 -5.79798845834401 10.710940453197 -2.67975117448209 1.99090914825899 -1.78077321094388 1.96820308727996 -5.28901893021257 -3.65896417449544 8.18576562662247 3.54133714219841
56187.491619 0.436907639617847 0.767159677204164 -28.96289 6.633639549 0.161278712548353 0.512101852597755 4.32964598376378 -6.2936760044033 -4.29018648637783 2.87815569895245 4.59521524703156 -9.91440887644166 3.75441239428291 -7.94100436592523 2.34045962420724 0.810580779414244 4.25265057023478 1.23776237890614 -8.33666551095194 -0.8064200677212 1.729140841085
56361.86435 -3.40799437675805 0.746078244350223 -28.63446 6.636193638 0.167709771995669 -2.25790702696828 -1.75270238132291 -3.00106109722827 -0.54972633816663 -1.72271247579765 0.20386345363555 -3.20770259871702 0.267814488261941 -3.40613794935829 -1.637023324633 0.34210004593324 -0.7094748789564 -1.37946490849996 -0.36836723279035 -6.51012053525838 10.3732712684693
56363.89301 -4.6882757776731 1.14003401829199 -33.88576 6.638007614 0.170073363309183 -0.56911934686244 0.772599913859899 2.12082239506587 7.3056058337832 -4.70179678843711 6.50877095570317 -0.6798966655272 -0.11458215118858 -4.60661434746357 6.06091823995243 -4.72548418890695 2.7620013833932 3.93066544876997 -0.35003478001914 -4.4870678469782 7.79319378420561
56363.899585 -2.05387531021863 1.0709922452604 -31.91731 6.632727166 0.164038711094707 -0.79759108302188 -0.39309537874162 3.2462582124042 0.26299370059371 -0.14690609831058 -0.55657837229728 3.32512091743387 0.37568567404747 -7.15937613899423 -5.80346661448758 5.84768358413497 -4.32060306683194 -0.0776853309006702 5.23669924755778 -2.91091873791483 5.39698326993827
56370.814716 -3.48247839625489 0.472571033199895 -32.79471 6.638986222 0.166445994133457 -1.6802526533514 -0.78305465842379 -6.1847353955684 2.82272437427201 -2.79521355393715 2.26270275925735 -9.10806047222066 4.40345360125581 4.24368832308893 -1.62436169681646 -1.21934773436814 0.32520627441599 1.2640225299323 -9.5381167717925 5.75684325375784 -3.47282895587242
56373.827622 -3.98560205933004 0.523017940361266 -30.44555 6.634861292 0.165518462017996 -0.909604987041999 0.55948681092286 1.57609425488398 0.5473746461803 0.7365100873393 -0.58821646361322 0.84475224288445 2.32598179488791 -0.82719680014914 -1.3067797502076 1.14321497689286 1.47767421489333 -2.43877953541588 2.18039341249716 3.8001397209734 -8.14680954794059
56458.602452 -5.52609758110306 0.525087352698885 -34.12878 6.637128164 0.165070504581469 -2.39438712954608 -1.2732147317005 -0.93761496128558 1.39855485332608 -3.05985289293747 2.52876145032475 -1.38084972841836 -1.61969887850618 1.56317688010385 -3.23700912971173 -1.5491115102533 3.85203962710415 -2.84800034554925 0.588877781363061 -1.6368892186756 -0.72106515442657
56533.494593 -0.908024601334196 0.614284777729902 -29.5808 6.644112868 0.164232611662418 -0.851043690008597 0.47446398728472 -3.14189836678538 -0.0251841947659189 -1.0001129391516 2.66219750435996 -5.19578780907572 2.07813309047912 0.8756582810014 0.894744977978488 -2.50798743574227 3.92949805877397 -0.511654221805984 -5.69618927591796 1.38192606421103 4.93025892181056
