53578.605943 -5.07093508445978 0.361391049022872 -46.26328 6.799511551 0.165543226509834 -0.0746159874124085 -0.2307801529027 -0.401354182464051 -0.987001667355941 -0.0848511854788798 0.24811369235948 -0.63991290875727 0.25126370485045 -1.92038530932905 1.08007033572933 -0.674368756282701 -0.22593568105801 1.0855416196445 -1.77331293153619 1.53440353322895 -0.65940788010908
53817.901773 -0.292923064000289 0.44455032648897 -46.45411 6.794210179 0.163779060352479 0.952517768878273 0.668155137617534 0.526520385598369 3.65323911158239 -1.17110389096684 1.83892887536845 1.11315153037124 -3.69178762730604 2.30046972221492 0.796655645765353 -1.15710392203394 0.599795723111399 2.8287842132246 -0.90354723351308 -2.28518433893825 2.15660906041819
53836.86122 2.41366444867957 0.332340112210016 -47.72614 6.793447467 0.163622323651054 1.09346453298021 0.88285953363934 3.03601853762568 -0.19209184835112 0.53107089242252 0.89486233717335 2.49271168322443 0.13226167912539 -2.37704327427675 1.47591060381354 -0.50652404933974 2.13036490885241 -1.04432453825134 3.52986862398307 -1.8098239416202 1.95023101041665
53867.805483 -3.70274967077934 0.373644186431712 -47.18062 6.800156084 0.163736473616606 0.169279597555823 0.16595036249681 1.48441661369035 1.70093931144019 -0.89278230462324 1.26176561601702 0.2038680060449 1.47010834184088 -0.31690099764623 2.16670185294186 -0.78857161913324 -0.50999447208115 1.09282833987739 -0.31094496228058 2.75778447845846 -1.1574405816694
53918.695106 0.0128373272962784 0.432074908433431 -45.78199 6.80250065 0.164737461615476 1.50216047804941 0.796645522177733 -0.687613319418786 -3.10926594990447 2.15940391742313 -1.13066734646298 1.17383724101735 -3.03211733775795 -5.61296012260397 3.06628568318254 0.890069547312064 -0.947013656928374 -0.852251408131429 0.324599025375401 0.141042752422169 -0.655057812865011
53920.648664 1.87195894451105 0.439907956332205 -46.49176 6.800689287 0.165827623687529 1.37593468987074 0.34139654886555 -0.62866372488961 1.35147647359183 -0.0639623922464598 0.0804625179685901 -0.78634768736676 0.27931654240204 -3.26795505536606 3.48731463368071 -1.21730505751279 -0.74680221495241 2.6977335325278 -2.75508428210944 1.55109233948702 -1.54526145740387
53951.615955 2.10536416883083 0.35674747716026 -45.52859 6.800023332 0.162562979766754 1.06922782799307 0.45985724392164 0.13669901386573 0.45413293787468 -0.51264444241267 1.82075967548796 -0.73246664537868 -0.23753220322507 0.00382438424548992 0.33645418386591 -1.23143217861921 1.80293764514696 1.46019202909568 -1.83030303914307 0.35529520673101 0.28390964388761
53979.573739 -3.37055379117988 0.655442750970704 -45.25021 6.805823584 0.164118950969852 0.59183248808693 0.59183248808693 0.32062348944858 -4.21514672163332 1.21030817326291 0.78798214204403 -1.14815744178525 2.43299468747643 10.7467903030475 -6.54075900859784 2.79822045571975 -2.34961750823342 3.41152623562748 -2.08625091532612 1.89938790624201 -0.74854503950527
53979.579653 -4.05524527097135 0.728318677243004 -47.67284 6.802817705 0.16073894643211 1.84731218324433 1.17790203140953 -1.20505192304797 -0.45218837996706 1.86466773106315 -1.17679205800572 0.51147147066401 -2.55492068151622 -0.54748948515325 -1.4700987305512 1.1167514386535 1.18189725844666 -0.0710840901430299 1.24132185637159 -2.59351341843144 -6.55862491399428
54194.883066 -7.01435352453762 0.412299040138758 -46.54672 6.802421041 0.163087038626555 0.675537321118507 1.02057017128977 -0.58597673861945 1.56677155978923 0.13294196707296 0.98882845940518 -1.52968409713423 1.00714409328973 4.17717126633692 -0.58258457721045 1.30077710311199 -1.72279227450226 1.95699619656955 -1.518252346354 0.0357256452010102 0.97429908627567
54197.908283 -6.98016965521747 0.44340720933129 -47.02402 6.800411344 0.164738833948379 1.05551053724429 1.29638079382965 1.0195836263925 3.09518226105105 0.27877251329698 0.3834832976454 1.44577394548685 -1.4902285116483 -2.62701039675897 4.58523441054123 -1.06343992827473 0.99578631297623 -0.191275521774379 1.36840714913298 -0.62695194284708 -1.22706876060181
54199.906331 -5.06612355399466 0.35939853141555 -47.55281 6.800252345 0.163173764095381 1.91641151467481 3.90580829748518 -0.17978905955273 0.842649566035219 3.57955224722414 0.20184336539335 0.63681289284706 -2.22566704766291 -0.97945727376564 -0.678266065475179 4.07841925737001 0.94639922673001 -1.11898088992502 0.84232756076282 -0.86033719382061 -0.71047595082131
54201.878054 -7.4136775776341 0.420772423946802 -47.7271 6.80096702 0.162297951905206 1.57230111551789 1.79025760567561 1.90652939022944 -0.374069127749721 1.60141790922575 0.59718803306652 1.75750009695703 -0.38925571876007 0.633423478062671 -1.98804088017707 2.58696219317985 -1.57185764262087 3.37018368903696 0.56899996048519 -0.171065355281359 -1.69711104067317
54202.907518 -7.73054159430362 0.386538531507605 -47.70496 6.796389085 0.162978128890243 1.98610114329767 0.280970854363599 1.37375413573229 -2.49184239068072 0.94194418374319 0.0359816582092396 1.94303835145857 -1.42117918112941 2.26704673271748 -2.71829411829864 0.99409963867854 -0.42321028565838 1.82124493466817 0.28384644348421 0.51198986037589 -1.62649222257561
54227.86169 -0.654046370870681 0.468494616660137 -47.27485 6.799544373 0.160825800721315 -0.167038974261208 0.734529748802165 0.051434055651381 -2.85561837195092 1.19592726786027 0.531165188951402 1.70224644959455 -4.45883338012989 -7.48688023134308 0.78057266690096 1.38143397337094 -1.50301321348503 2.47119556728372 1.1875309459456 -5.33269535567332 2.87523820267334
54228.818388 -4.11031373376967 0.383702420585279 -49.71535 6.802527291 0.161275369160604 1.92768336244198 2.53341777493199 -0.0475557111607401 1.24162310035221 1.92443317694426 0.5802462873984 -1.16360922153475 1.90145565415272 -5.35204826060266 3.35312587284809 1.14019799570585 -0.13757869250447 1.84646843168431 -2.85230445808345 2.39390406859308 1.36461646991198
54229.840134 -1.15672275512955 0.493266553995196 -45.99975 6.801000542 0.161826303292029 0.936368405893794 2.01240016458287 0.481236079383076 1.23413936295493 0.79766065698836 1.850499184309 0.578610944653897 -2.54651065427162 -4.81377065573714 1.85715847955851 0.1974493625649 1.95822382137714 0.941352775661947 -0.330016994925878 -1.34520927626078 0.621588716215035
54230.911615 -2.29108420388606 0.513677741953412 -45.64588 6.802601292 0.164545179519641 0.95396844624723 -0.73287051435764 1.96915667746287 -0.35722108178217 -1.37042054515853 1.47992164539467 0.35882187889482 2.00574940119223 -2.85088123464595 -0.7713171900593 -1.39342750756564 1.67232297573774 0.74617853814483 0.840254185190455 -0.917224132102325 2.45496737847637
54254.777033 2.06152871678582 0.491129841723332 -48.56668 6.807814374 0.16265753145435 0.587163607669383 0.60981860573909 2.47939644065026 0.249181998520192 0.42417855663823 0.25383000083805 1.86015530728194 1.17233323178658 5.86742262124986 -2.11129204125372 1.04311645867278 -1.07119786933939 1.82507887086024 1.40307558004434 -2.27594759723941 7.11558518591991
54255.737476 1.50567267815302 0.505794263658014 -47.76882 6.809728519 0.163882326314857 1.05966903637768 0.891358335298119 2.6715264753697 -1.78713979678278 1.34261108901221 0.00596574421148 2.36756362975584 0.70912754773196 0.741913680957822 0.056795330821485 0.935014052883237 -0.582564580442977 0.714291539927437 2.05511278440234 1.18876074753618 -1.46466988652732
54260.857829 -0.331496779736402 0.754527870882088 -46.44637 6.811068335 0.158516201829656 2.7594054015881 4.73230261190589 1.09250808824021 1.36231718642864 4.01088513242582 0.803693777436725 2.0354896987022 -3.13010418754485 -4.41938259720162 4.10659794642355 3.53061232264841 -0.953715537767186 1.49948253887395 2.80825239140248 -5.05041598329571 1.60275402006784
54291.60935 -4.07705267931823 0.584289211534839 -44.22921 6.807742471 0.162855189591092 -0.192072812729472 -0.0790948755518004 -1.14383198018599 -2.88665772285673 1.05095727646128 -0.7814988587383 1.45797668317019 -5.22006192799769 -4.67968475607778 -1.74886052144987 2.47050356241704 -2.71982393035747 1.4043588930526 0.102766821574 0.0642747346491901 -6.2934224382821
54292.704418 -5.49433394924448 0.409605743111455 -46.14841 6.801260033 0.163341405193119 -0.153208587273019 -0.334100051665439 0.294131364895549 -2.63820884278076 -0.15220136804689 1.11081419207752 0.0811268852726306 -0.97953623660296 -5.34030606301846 -1.00229452449503 0.46473333453702 -1.71212133552014 4.47832691596392 -2.01185837208143 -0.54549575029621 0.471506914712331
54293.735598 -7.69010361150532 0.41141844914585 -48.40222 6.80660604 0.16216047082256 0.515605117852295 -1.69279188578484 3.11789143993091 1.96970964776578 -0.966950610490009 -2.53091089702707 4.6580580893619 -0.61835889280834 -1.37561686493458 1.52312683443116 -1.63270761019498 -1.22809082040804 0.606407155967291 2.68470684108827 2.22662901596168 -3.75187375058854
54295.665864 -4.76346255192905 0.453291004723466 -47.30817 6.793966249 0.163786273663091 0.965855328392219 0.44488627647206 -0.30770551790749 -2.68753471428727 0.37965558188216 1.65786174101868 -1.33851860923153 0.40100629672451 2.20904982793524 -1.24325623707933 0.210916222039209 0.495261416844261 0.838601341991589 -1.95292530237793 3.32172075272638 -4.62093562687831
54296.644149 -6.16583749034257 0.396449076958823 -47.14675 6.804642301 0.160421304205324 0.397256198106355 0.67164232943811 0.60175278534618 0.884352138710399 -0.0730592927633094 1.08081371303066 0.589177409079 -1.35887962410078 4.05657579849547 -0.856257906878819 -0.13469143806979 1.43265978121628 -0.50000090617571 0.87698530903111 -1.44027468807087 1.48788497088271
54300.658993 -7.45198773014571 0.405115095947472 -48.48638 6.796753819 0.16216441312098 1.04578979383002 -1.57579887916784 2.69849571990269 -0.29456180228038 -0.94461513541749 -1.170394324656 3.07826833905826 0.58459009999885 -4.34143073469884 0.645466221968301 -0.5278973877953 -2.72460292783023 2.87038519773288 1.45225506046876 0.60517677749601 -0.32629882361103
54315.649039 -5.29643131254222 0.562738266490437 -47.79708 6.804783527 0.16346956370622 0.275071587151038 0.69561999522344 -0.53939246802873 -5.2438938056341 3.3029870762578 -2.63902528265104 0.0498201829088201 1.78568900305226 -4.7451112680915 -1.03515176653303 3.23979163181344 -1.94074580364464 -1.25163405048427 0.86140232189432 0.48793432983585 -0.40894404659754
54340.584231 -0.627239456884502 0.368500128970509 -46.89337 6.802123597 0.162278444651713 0.00877866674835397 0.147945940432971 0.176101493480559 0.347824892290255 0.698492696841934 -1.38849063955329 0.753962610520459 0.397205993388696 -0.706529905488288 0.320592050093314 0.583513817284275 -0.849855535063735 0.063238691107631 0.127842654924944 1.3572227497631 -2.0484370139509
54342.517346 -1.31709865493506 0.340329406439814 -45.64837 6.800133451 0.161296887427004 -1.09068197952755 -0.26948748233585 1.64787902672444 1.11980074517149 -0.5593670118247 -0.0336972244634202 0.751733333250368 2.17473922609461 2.40307437632425 -0.826530585011401 0.10477857663496 -0.51675802207251 0.13175269009777 0.58333722860087 2.37610887973967 -0.52467521690154
54343.517899 0.846973507260408 0.433798811708961 -46.76868 6.799307144 0.161957521055948 0.23921427659483 -1.25625772065268 0.253645990491734 -0.0190282107909099 -1.34470659906613 0.199293891152558 -0.272600425212344 0.978898462474795 -4.18569898859782 1.31869550977978 -2.20034260288042 1.37827428839327 -0.100530737668518 -1.3590906616589 3.58103318863267 -3.93234255979463
54346.570626 0.721091456408313 1.25673802074873 -41.51249 6.806399565 0.165661346511882 -0.729129091572653 1.58008918282784 -1.71457511506721 18.198000510152 -2.8788261392656 1.09911027740262 0.0333136995648 -5.13497082235348 5.59972279105328 9.02042493878156 -4.47769368002003 5.99938986462172 -5.64672767779315 2.6352163306648 -4.85400697154479 0.31800343908341
54346.575013 -1.45272659412243 1.33508059405773 -50.02563 6.810597898 0.170724603662165 1.05713862565811 1.05713862565811 1.87246413667643 -1.66221354196335 0.56655414945119 1.68287004104479 0.991402068653539 0.109280015318899 -1.01193211386414 2.3947461852244 -0.4271326377454 -1.42959288104722 4.69749292065663 -0.247589122885746 -1.93059921873601 2.50936970596862
54346.577316 -1.40124754423608 1.18810365710837 -41.97808 6.804081901 0.163262933881243 2.9562328704143 2.9562328704143 3.92216713870354 18.8514034150527 -1.93423840780629 1.62191161999322 1.48765581818038 3.67778917719312 23.7268505700311 7.15692732061992 -3.78405851725915 1.92512438376013 2.7403827376884 -2.64091114098034 4.76494138785329 6.33648540421821
54346.579514 0.630746771654589 0.992624495247011 -45.70085 6.802114117 0.166714226687933 0.683596576351395 2.71509737335848 0.70899381911131 4.7779920395438 2.44731693249759 -1.64325496378477 4.05414813568245 -5.77421186611063 1.57489538579073 3.3550339315779 0.0830888152931093 3.9040757208091 -4.45729844676204 4.17591539979653 -1.4857024893676 -4.66179117334198
54349.631845 2.36098142364574 0.48164124979482 -48.35674 6.805855866 0.161371762130501 0.507963331044894 0.50361017444521 1.73777215703603 -0.30525313914883 0.55246487124253 0.0559477642020498 -0.62036483639706 5.46647384315616 2.11973148108944 -0.0394998437070402 0.63979398400071 -1.54275974855303 2.09800232333828 -1.57553199640844 2.64292943379948 4.98364111439375
54550.873103 1.08957354302414 0.476392049681541 -47.61496 6.802257353 0.164628369670673 0.16037296171592 0.18754347753907 -0.201912118132638 -1.33600196486674 0.858607381523794 -0.666764667041364 -0.997794495230891 2.85459901786282 -0.84665990679575 -0.17304342944436 0.162016236973506 0.0124580252217139 0.63594630167214 -3.1600667732191 5.94719666411437 -3.08255027592038
54552.854127 3.0382499554562 0.453664162867884 -46.51906 6.802987167 0.164005663711231 0.06705631359654 -0.59787624663015 0.41397708116335 3.00619684775381 -0.91702396523627 -1.00967216185372 -0.0101235345587001 2.3553899772927 -1.87300137420136 3.31742555792122 -0.32726808985719 -2.19768418428208 -0.65502916709709 2.1183976572874 -0.29242206780258 -1.48881566656709
54553.881598 0.141410645208477 0.356186071293914 -46.9292 6.800484069 0.165333145955746 0.432557235704721 -1.63503053411055 1.64292210248915 0.148487199605961 -1.72736872029906 0.10804422296665 -0.290327993754072 4.84492791875966 -0.0506173467842501 -2.12552840928793 -0.173479958616047 -0.6884021467441 -0.10454948133612 0.01262947248227 3.92695241523669 -0.11822171594569
54562.894022 0.956917996981299 0.400407322997359 -47.18009 6.801747612 0.162835057290346 1.12870719700174 1.00734184446866 0.0836794770623102 1.36604130617293 0.64023676843415 -0.00190787100344991 0.41758461953848 -0.80536556969197 1.3957669582108 1.71878892849846 -0.21928254639345 -0.700890097490777 2.45179749086126 -1.06315748963567 1.05405431630491 -4.66419075580524
54564.883725 2.60271039334465 0.384509194563502 -47.76428 6.802860769 0.162022338297805 -0.168050453686438 0.19648670499003 1.11898417006093 2.08842407090063 -0.91386858828433 1.15805565580863 -0.90207889114383 3.40450400728438 6.37811712291165 -2.26074025510894 0.4258832806138 -1.21438577940429 2.79000398672713 -2.29213563996615 4.00107325619804 -0.95819841782047
54566.921149 0.501446147772787 0.382842292922623 -48.53049 6.80122337 0.16254988324815 0.46600991882067 -1.68632552812616 1.80819587040311 -0.4163872363724 -2.64325784145367 2.33234722695161 -0.642404143272014 2.9253360456992 -0.62203332075236 -1.12520984689188 -1.76324180139278 -0.77667397321909 3.97021821819171 -2.09015019145713 2.32479826165661 0.62652472138766
54699.547617 6.0713211873307 0.365484846262746 -45.49284 6.806081768 0.163403544654857 0.582787620860567 -1.31674474226049 -0.87190177177969 -2.15324149094679 -1.02165957671144 0.597591712016381 -0.30589511746918 -2.13362495854283 -2.68403071253646 -1.12320281184784 -1.51569121538045 1.7101294124286 -0.16387178321301 -0.22548540800523 -0.757375280057389 -4.09052023388133
54701.510076 6.71993135676699 0.452520564207251 -46.79966 6.806882002 0.16494012655366 0.677135391282078 0.31633877249576 0.25678945933808 0.61501810220101 0.36220708559248 -0.42086095108945 0.307609843041329 0.39224022270834 -1.93688361693225 1.70331054690166 0.81385390293391 -1.87933334110336 0.48320628297533 0.524992299306819 2.26293531734487 -5.66268335250399
54707.554638 0.970397227369192 0.412205898147047 -43.84049 6.812556975 0.166446356967947 1.50584261165462 0.117047216099703 0.755337236354501 0.13297865964293 -1.30199658088843 2.77031342801192 -0.57029795204568 -0.15687408466657 0.819372756890989 2.61416378691071 -1.72920887046784 -0.915562305682866 3.60871979604331 -1.04610345080212 -1.17918361009127 1.42482107951118
54709.513953 -0.345054735486182 0.565247568317854 -43.69072 6.808920971 0.166106046630002 1.063199925554 0.653567621407692 -1.04270687459639 -1.20791066619304 0.335695822880895 1.28301935790375 -2.35057469076043 1.60789707024632 -2.30159208300808 -1.30789205956474 0.79414406594496 2.06886096847091 -1.9769225957851 -0.797616008416789 1.51229610989047 -2.24976781333559
54710.535464 -3.91662927421004 0.516781452284349 -46.08875 6.809901872 0.165112895355067 0.891505877521232 0.94563692760448 0.77694536023466 2.11553947313517 -0.87458625436856 2.5850703308078 -1.5509017973949 2.50787970613618 4.66386697997195 0.22962308696388 -0.57430686106641 1.46344208328318 -0.06036637817071 -1.77451346475979 3.37841234674173 1.59507593972454
54946.921522 -5.03131034730746 0.339222558524658 -45.8766 6.808102113 0.16617521657803 -0.0561316849732253 -1.02812595346718 2.13450316784767 -2.11260136995756 0.33423162083616 -1.49852722029665 2.21764987745164 1.88894064022052 -1.35342306180087 -0.71607257621498 0.31851072151697 -1.12509730385066 -0.326553715702629 1.66037094717059 1.72670879549112 1.95176700419377
54947.918873 -5.05629828156644 0.364326046285664 -46.23257 6.808917291 0.167227822569596 -0.248795381264639 -0.52903385665912 1.05222674564635 2.14142774929338 -1.26040738300666 0.25627744442721 0.0634731431170392 2.48261119194677 -0.37413163767845 1.63304304244587 -1.17168668092778 -0.263956838517499 0.27318324159522 0.0356020646771098 1.44739345294049 1.67465959058415
54949.885503 -6.0266121788931 0.341956935466005 -46.9628 6.806007545 0.16504134201195 0.904770916903548 -0.0525301317785605 -1.51922916229929 1.43530429527347 -0.82103951739448 0.69666347675287 -2.46635123912346 1.77471482516025 -0.71467804502131 1.32155415056631 -1.2453821390567 1.38355301294052 -0.77348687497066 -2.31682897050613 1.3308304049116 1.56012470556453
54950.888985 -4.06834008959099 0.458289260085146 -44.3394 6.806875885 0.165691928762806 0.223045214706826 0.35683447739759 1.75610187539267 0.80248461711559 0.52326768999548 -0.76964553336725 0.636343509110449 4.10454771873445 -0.56511694764992 1.44805818223708 -0.38777675432322 1.13847083038333 -1.87914391984884 0.405707762863901 5.56965065389633 -2.5897580680938
54952.862715 -5.67998712756026 0.489417873951584 -45.26184 6.8064464 0.165790832571521 0.239268322300919 1.57879310366469 0.58877045847006 -3.77165237372491 2.6920229040222 -0.17255688154617 0.0349387079220795 1.70669154145015 -1.22768446763715 -3.23436782294575 3.51857979439762 -0.89994709686803 0.86096330772136 -0.56825220029507 2.7977807555761 -2.81158162026372
54953.8181 -2.29605267466259 0.409575311153279 -45.49215 6.808318875 0.165793710661207 0.137417130161145 -0.43508592751153 -0.00728930598442012 -0.86387736095526 0.53511914942816 -1.47021544044997 -0.04848556037118 2.18429351514368 -1.12169317498682 -0.94754707413358 0.74114228202324 0.65612431865866 -3.19389725644453 1.2545510826703 0.59951385821316 2.43095378814046
54988.746785 3.20416598725008 0.411143782597205 -45.15212 6.811450599 0.16732551137611 0.736462695368972 -0.12866651266869 -0.81960824271003 2.4574392828698 -2.24637359585815 3.15637959755855 -3.86841217007606 3.64304393189744 2.56181061119625 1.65244894213386 -2.9359444526465 2.67178462775598 0.419028995589271 -5.16842130690171 5.65616790400947 2.07949532038541
55037.740677 -5.30890505518649 0.517464484651344 -44.97222 6.818183893 0.166076058863088 0.419766215918517 2.18410151532497 0.11113232463905 3.40952503633056 0.80710687464732 1.03167343133285 -2.09163819128537 4.0508656636952 2.56197163222357 3.55345470315819 -0.2695832475026 -0.71285942197313 3.32935172461223 -3.52416710559367 3.13349394143582 -0.0448953135038201
55039.733578 -4.43337277117138 0.412750466141725 -45.50006 6.818548015 0.166131085717484 0.743901255198087 0.0982112768501002 -0.239397279873661 0.63166128639738 0.384421756009671 -0.89609016980861 -0.08874633173492 0.73179392257968 1.35335279239141 1.26938257460065 0.54527827066003 -1.82310859153902 0.0367770664828102 -0.0566416944507306 -0.212360685726559 2.96060925919177
55073.516732 3.3996043337167 0.385280188150583 -41.71668 6.815577719 0.170247400260571 1.09071505697095 0.55455497040518 -0.41120129930399 -1.54028039290667 2.11761332020698 -2.30948319141669 1.06337681946596 -0.77452594424232 -1.46450045250639 -0.94623127279058 1.83145582631154 -0.81485651773066 -0.45983084478157 0.78876689724581 0.63554424984126 -4.96536684526307
55097.53185 2.37287028742707 0.543130588764171 -47.41639 6.818263488 0.169899945183044 1.17384437261176 -0.93803719294173 1.35825249418519 -1.77518051886814 1.05421821784723 -3.04991910887548 3.09054331399434 -0.48828867581826 -0.67080884887587 -1.67100767653839 1.14307802572146 -0.15542236653085 -3.64195567107593 3.26619125507014 2.16592125503172 -2.60956888646098
55100.528319 5.78358887019789 0.453691274047923 -43.1665 6.818462946 0.169505110347158 0.672849579683486 -1.69283263386839 -0.0173577716929705 -0.655404248350321 -1.21074714804945 -0.61777627790536 -1.08149258115676 3.33684305232846 6.12672646289087 -0.714414840360571 -2.81196968487417 2.6441494586046 -2.93860427302653 0.588588395401319 0.18805197082783 1.81442739491794
55106.507229 5.66725342819533 0.610352893871869 -43.66071 6.818557041 0.170533701998729 1.43038185937075 0.957857646288161 -0.49959774403345 2.05674652209993 0.36649981227713 0.14352982305191 -1.22163767995926 1.53845715066613 -3.12587990134835 1.17937813769149 1.98869758981797 -3.52685076383803 3.24797686943857 -1.41278139939038 1.70570263942472 -4.80578509314313
55111.496686 3.73926626531527 0.495109844793957 -44.31702 6.818204375 0.168791131896125 0.463599904008295 -0.97858096906377 1.05238283993974 3.43595012388494 -1.28493839023461 -1.20161599320199 1.59690526707901 0.12800306095698 5.91205227821719 0.15417347175584 -2.12922624967323 1.14624869337701 -0.9665035168276 1.12050662253043 0.659472183616129 -0.81374795305785
55115.501443 1.63900767817411 0.941727810754684 -49.68952 6.813189854 0.168679132279505 0.401368443861115 -0.41761330662053 0.16322912783011 2.6823712748634 -0.13767634180102 -1.73050367828205 2.12945608732735 -2.56393361875397 -5.62455075035854 2.69021590495341 0.66230720638945 -2.48721053139772 -0.34125099264354 3.94662580954935 -4.07735804820571 -2.18719341769382
55122.491901 0.455731459429513 0.620959730427335 -47.12207 6.816251784 0.168184453164307 1.88262828993934 -0.498760084044185 0.559332464992542 -1.30407560813433 -0.421327257718559 0.489960529322049 0.333723537540583 -0.03952003545674 -0.313990082855085 1.00457306718885 -1.7269310857162 2.72626384741861 -2.94575800346712 1.11117700632937 1.51893661961616 -1.62180135628179
55128.500545 -2.52043701750844 0.384660418406594 -46.0402 6.811460208 0.165120506228405 0.838764917488202 0.37179752059693 -0.98376347087683 -0.87478123261838 1.86430027422714 -2.50683304050058 -0.61704625604269 2.18165247958636 -1.0840900949957 0.70299277306929 1.5676412158904 -1.08319736902421 -2.15763173432568 -0.273112014852719 4.1332381984396 -5.33221424220104
55274.897958 -2.75300362797905 0.401105356055243 -41.87256 6.814171656 0.173821480299353 0.841917333975124 0.90428316339024 -0.28271827972322 -0.0535068701463199 1.2072275771709 -0.58100261479821 -0.27796109135938 0.71758473355656 -0.4620835978916 -0.58670466433131 1.07322388778232 1.82741354487155 -3.19423291005047 -0.331056678981871 3.03494636379611 -0.02343731068429
55287.911104 0.807422447961953 0.371915006713435 -43.59322 6.818828759 0.172342120430557 0.353896672604372 -0.969262032346484 1.03469329883546 -0.32311973652712 -1.00326906280518 0.246363228915169 1.89708130119087 -2.47379600561666 -2.15377271510629 0.324873075794773 -1.04406114637544 0.996914863714334 -1.46301347378563 1.50769802476252 1.43608219495016 -3.08011859756742
55295.781774 2.56293128728666 0.476839739968991 -45.88314 6.816439735 0.174893578838729 0.632904105016012 0.82866988002786 0.60960742590362 1.3554272425093 1.84271714512135 -2.75175704426013 2.07440406494825 -0.22810801146695 2.88661951258517 0.72143335411556 2.34401475723522 -2.74812954690583 -1.22172054873939 1.74042907994277 2.63763159362274 -3.78513338465789
55306.858588 8.78205498735625 0.350312866532145 -44.46548 6.823139368 0.176718501495286 0.0189391219668724 -1.23447549620229 0.691829981795509 -1.01740342404103 0.566569151943101 -3.0310692023082 2.07925222006065 0.298014694280699 -2.20019626763372 0.502467070483139 -0.48742252738885 0.230983356328339 -2.69906566804276 2.72623843152094 -3.15079055139923 7.30141956160804
55373.628535 0.107587372227463 0.432706271738378 -42.69491 6.831559453 0.174533990559353 0.577214186364194 0.193981476024245 -1.35936644171418 -2.90059959008571 1.67238407500905 -1.45064928348619 -1.3824689538114 1.74226734764767 -1.5932321819816 -1.35585201471516 2.75559160219829 -2.97460645780056 0.456927708475627 -1.30707692366263 1.02221314333468 0.661320790926288
55376.621912 4.65973431086111 0.602624538307108 -44.9755 6.836674707 0.176621093758951 1.10090443218585 -0.703489408086 -0.27407921390781 -3.24190404715679 0.688398522433239 -1.25362865781391 1.08784070323214 -1.78662374154545 2.93619770887539 -5.13513725566684 1.63648899363326 -0.0769860299124705 -1.01869317928672 0.67781187817242 1.97279220036113 -6.66664460123237
55397.553325 5.8921179097316 0.626337935450428 -41.52292 6.833014625 0.178256798427496 0.734773151483681 1.07667601506061 -0.464056737710361 0.82270576430457 0.40998540575178 0.90255372626281 -2.85975730083281 4.70744659434885 9.63045059211123 -4.65712264379608 2.84979703413477 -1.88815321583098 1.7374749674252 -3.25488343384548 3.52228333263932 2.07803934213576
55403.602884 8.22133787152003 0.760038787854646 -45.7767 6.83693823 0.181200901256061 -0.138880168346017 1.14369317214783 -1.2543584904252 -0.48028020486867 3.59764303843696 -4.59967030767233 2.35550399239695 -3.22706951995691 2.29603996782454 0.602035064554141 3.12225689439727 -1.70402757931968 -4.19559477291534 2.89469239555442 1.08452420259813 -6.54224258129065
55410.573325 7.23586173571464 0.484588280789427 -41.22789 6.831069989 0.181355360212327 -1.17200071646238 -2.23611211234718 1.70761182879917 2.59398149322172 -2.54678451024157 -0.77543988840798 0.42375098231503 4.17055595053643 7.16227598496698 -1.94156993183937 -1.28315222306052 -1.03216896793561 -0.60075236702346 -0.928830717173421 8.01014640861908 -3.70080152162227
55455.532574 -2.55860982239844 0.397163225301777 -40.48531 6.83128571 0.182012229564989 0.782618713206277 -1.95176697756643 -1.97065368895066 -0.050601937324398 -1.52401029882902 -0.81478804844778 -0.70437573658344 -2.15399673875236 0.168558769583389 -0.67414911085262 -0.70722273800755 -0.74190868976371 -1.44708947894562 0.35428654339895 0.6227175505909 -7.54726258224573
55465.53066 -1.6131627172909 0.66327874836408 -40.81106 6.837403623 0.184497290277082 0.366617968947848 -0.04021980855643 -0.52590079412252 2.46219207359853 -1.19430676928359 1.07538136226305 1.08956838071612 -5.0577157154188 12.2541101812086 -0.724758841369672 -1.25914500144372 -0.0690847990353598 1.36103906406913 1.86779409609568 -4.35902178990529 -4.68577185522226
55630.898091 5.14651664701858 0.496897769108312 -42.59251 6.832372158 0.183014692098254 0.268371702605197 0.66941515177098 -1.49268515438971 0.13566523030579 2.36537289659242 -3.36696581427629 0.250039777061509 -0.26258257962005 -4.06737242965855 2.11060878396736 2.26273800510013 -2.81062452803184 -0.80794346267278 -0.49715046939455 1.31575883240394 -0.93788943081768
55632.883139 6.45890282792467 0.613357206341213 -45.19698 6.831442639 0.182880946670413 0.252715454205456 4.181235680184 -1.79868883681932 3.21264426266874 3.6408365579412 -0.481852278039161 -1.60188068691251 0.09055108500612 11.0548367451845 -3.17636547220908 3.98713268571849 2.13979716532249 -2.64964403495608 -1.30412390510502 0.34988640203556 1.79936221024401
55634.904718 10.5181030314511 0.518229868159413 -41.35865 6.836159085 0.186045656741179 0.202224240645488 -0.553715898582301 0.3390633918762 -1.5696042698549 0.666304486031299 -1.59029157446587 2.78702023220137 -4.06372565066945 -1.3952058567655 -1.1299259590489 0.669355825665999 -0.812515128491199 -0.12547026005706 1.89727755552286 -1.4265578579087 -2.3144792197021
55637.858438 10.7098577132737 0.573888170332848 -41.65685 6.840107011 0.185011986962453 1.44299625304129 0.1915057312463 -0.7297027680975 -4.89321382750562 0.950175877246519 0.8749453766382 0.9212568990327 -4.949488763966 2.1308104891262 -7.49833061737623 1.50590378184661 3.74335031900362 -2.053551177987 2.3233902824459 -4.53292434918293 -2.74234687179334
55638.910926 11.8963505256178 0.549127328660742 -38.78254 6.840153059 0.188629810094492 -0.27119904716117 -0.841406440330699 2.1890017583745 2.4182364148438 -0.5298848027447 -1.8002801429895 6.030156129674 -7.15349376438055 1.6624075085439 -1.1909244595871 -0.0998828952028017 0.483962576707601 -2.10486177743351 6.33755535926381 -2.6835024579682 -7.54781807929686
55643.887436 7.18127843864561 0.428440924647712 -38.86748 6.833387664 0.182662326684081 0.823089822038996 0.43594790051428 -0.34443852071517 2.31379885192018 0.14076746443707 -0.573645181092201 0.39416519156883 -1.1367030514716 2.95871085551082 2.06033576302883 -0.251011936885861 -0.68776606231021 -0.23797788969316 0.23047628442481 -0.150599233129791 -0.57161347593376
55652.793107 -0.00818870109600158 0.491056748307971 -42.77911 6.829586594 0.182171348893797 -0.799021501036455 -2.03915450447042 0.052188543105838 0.000477768826000036 -1.78646646364508 -0.485447660749547 2.27207325107042 -4.7665225959744 2.13607022598463 2.25799569788861 -1.98171974368821 -2.40527371498198 0.95509846134652 2.43770487827896 -3.01779089151467 -3.02607950209594
55663.780417 -4.65080522859181 0.828730425868147 -42.24695 6.831491063 0.184575667089438 0.232284430196853 -0.72700488328058 3.77053832385629 -0.46431472307083 0.50408934816697 -2.16373495640762 3.71874129544042 2.59841852767938 0.82340862287892 -2.60326314503381 0.302743624130249 1.94329871143649 -3.79442958237816 3.60069043752932 3.74942247054468 0.005735707633551
55672.821549 -1.55761885048983 0.41358523525824 -37.47729 6.832666923 0.188600936942147 1.37501803132823 -0.34570326270573 -0.82785862169266 1.73872837003532 -1.17745308947868 0.71801488588654 0.0132112407657901 -2.951355498074 2.34632491189082 0.664224498226029 -0.709947676128829 0.0980852680583399 -0.84588978964568 1.24946891515494 -1.87620948644056 -2.96511830691003
55677.790298 0.617955973315533 0.354733587889239 -40.44606 6.834199428 0.183928578988136 1.1449177466896 1.47317894911184 -2.21518580536456 -0.931010296099486 0.951764859429336 1.47793998378434 -2.68797331700323 -0.582564367698003 -2.28198333314651 0.763441953909112 0.100717541002619 3.73190421402439 -3.60786008613142 -0.014268573208555 -1.45503504297566 -1.5422469280506
55735.770379 7.02832389651286 0.504613700589954 -39.51505 6.843687196 0.185416641508476 -0.298873975718436 0.866234533698259 0.3061321359823 0.294827387940281 0.69575400558385 0.18332210611599 -0.13617796522494 0.86980202228327 3.97475538705364 -1.55302491039025 -0.0874148435562292 2.65955795555164 -1.52829937532711 -0.58725201140315 3.65959639788919 -4.66909666968633
55777.56491 -6.14894246584264 0.529620706674607 -39.00971 6.840329853 0.182509520786221 0.426747290423696 -2.50068782188665 -1.88610596556996 -3.71181867709819 -1.8789381859204 0.59484135076319 -0.48161267503489 -4.04450859477811 -11.1855224776379 3.17052580107785 -2.39786546895846 -1.10888498698552 0.98801852632381 -0.59058650798329 -3.24347677285988 0.750524899286761
55783.611287 -2.76996029882296 0.491308425592377 -43.40665 6.825017255 0.174305366006416 0.316350317717078 -2.60879250502359 0.22011187550976 2.5630244193231 -3.72296914895008 0.96974926754991 0.04419236730575 -0.72378116441617 2.37944028070572 1.06099122466755 -3.79775903170354 1.31280086375462 -1.05451937901789 0.6946939513447 2.80531716710607 -8.87371013006131
55784.649941 -1.84396894446552 0.499325787290512 -43.94753 6.822163163 0.172324162720168 -0.891778659349074 -4.24118827115308 1.27381576137418 -2.06963613978969 -3.80610018106371 0.15676095096571 1.26352980710663 -0.16343612804134 -4.36639884084977 2.92073461810357 -4.70582186897177 -0.4992454389549 -0.2476109140838 1.32083414736606 2.62940426958202 -5.61777613651917
55841.481284 5.58623389072057 0.481954131641105 -39.59452 6.831921579 0.177708746843354 0.775302819977701 -0.27937072214523 0.40131117242316 1.43950110756705 -1.75800303655261 2.20212034758472 0.112696076880231 -1.86385232465455 9.38289837535187 0.44430720803218 -0.84219606957172 -1.70623900962231 2.05167616288057 0.25472964294296 -0.77786761735947 -1.17317942741713
55845.517507 5.12650992968697 0.588675722239783 -41.91007 6.834133125 0.17730081455679 1.10027743766849 1.15100120433127 0.20382258098727 1.57597096811643 1.20084204289699 -0.74974846926544 2.40688821477652 -4.46802592579951 8.6640436617725 -0.0514565213716001 1.53861063977962 -2.30583994301323 1.44428811548943 2.81489322237829 -5.42922722136421 0.35747781922887
55998.903178 1.40697404885553 0.474953597257962 -40.91165 6.836148936 0.180808377715133 -0.00475797473565656 -0.53931881410143 0.79343687605992 -1.42888151974259 0.28539587877004 -0.928620865595071 2.61407092256708 -3.37847728301532 -1.07543888312178 -2.94177034388201 0.745324066873952 1.08642761443982 -1.83666339165261 3.25367605205408 -2.61446075059751 -1.25903998713131
56001.863809 0.661157279081611 0.738214408580996 -42.97562 6.841828153 0.179700264936349 0.921250042509179 1.18440880689054 -1.46116524262572 4.70663646072977 -0.579824335958045 1.31807690503031 -1.1930981721401 -2.13204616554643 12.8298922560705 -2.48820029033391 2.65227085163658 -4.88324127809796 5.39349693416102 -3.06426934071052 -0.457597268991793 -0.479294492870083
56004.892651 1.31856473651703 0.509041646644466 -41.55935 6.842341825 0.182861030157365 1.01842636282972 -0.38077789123051 -0.834404143282332 5.6782515063635 -1.87513093248565 0.24405280996791 0.40122451826977 -3.25091992312027 4.19956311853501 0.0968368476996098 -1.45470811333132 1.06515173741207 -0.14156388978002 0.85811148786601 -3.78993028549034 0.281847616102878
56007.865526 2.45886595698948 0.411826981233501 -40.9834 6.840865916 0.184788731654865 0.576180345411317 -0.97159995804227 -2.10039920517209 2.06546045573636 -1.85746226184298 0.72776735297839 -1.606835090386 -2.08523464253231 -1.15139162267596 0.57310806838856 -2.02199889517314 1.63718038783749 -0.51648109527951 -2.39086868466593 0.930324570730371 -2.21868599730794
56021.830446 2.85457693274307 0.440402207964788 -43.60497 6.841272876 0.184970342623665 0.46964134466892 0.73773698641609 -3.13102981201843 -3.44221436125588 2.0040185987158 -0.81460191050421 -1.27246601027476 -3.6024269834245 3.13698980566686 -2.48678115845142 2.09545932273842 0.76214708374782 -3.21289124962091 0.58955371233613 -3.18023401956549 -0.842038649485674
56031.807779 6.08367101783334 0.639606326757953 -40.01714 6.843130299 0.191165974681173 1.13262946204952 0.91859826093893 -1.66601233766147 -2.15137909840762 1.38899900514417 0.10940825152381 1.71418722587893 -8.23112818058821 1.2411546450672 -5.20309975772063 3.97849765260793 -2.60722045659675 2.44437632428802 1.70073421233794 -6.73297191081302 -2.45614367324918
56053.756048 6.91838382194291 0.382133704146716 -43.25227 6.836931808 0.184130882972998 -0.326015459486285 -0.80481988740566 -1.95574168807867 0.61378145401558 -0.76327689111468 -0.38986374293959 -1.47418560793044 -0.72718192592001 4.58925317963705 -0.937262927557301 -0.71388515657812 -0.28423972731758 0.15341224203283 -2.1087787639921 0.58814664229492 -0.81757421374984
56054.868218 7.55836378817846 0.420648577640905 -43.5684 6.836443976 0.184545851625299 -0.327226706761135 -2.33584398067164 -1.14154804286207 0.4709930836393 -2.53527107589725 0.166185631528601 -0.839176071028811 -0.98252130668236 -6.63207510769517 4.83150936646737 -4.62880062102936 1.11990755145733 0.22802068791675 -2.9797276380058 4.76459724190798 -6.09402839639968
56079.683693 -0.836093933685895 0.500654090819866 -40.38049 6.836276502 0.183160229493684 -0.342455703499662 0.853916150147471 -0.19425786220388 0.0482646730917999 1.04516525221396 -0.388795487033744 2.37431178137751 -5.70312434245674 6.10818018183377 -1.43110655991412 1.12706980091926 0.222661694727266 -1.05980296029336 2.22791604910476 -3.27044878890883 -0.51722237431832
56085.746436 -4.60500115609285 0.436356879629579 -43.07951 6.831217118 0.179338445030998 1.45148841959478 0.814471233131 -0.90202237444596 -4.45386865560648 2.62384289440868 -1.47710414355614 -0.71372224286736 1.28661110562626 -4.27377461211233 -1.62783892443697 2.59847489559051 -1.84618111660847 1.50697273273595 -1.09228506580236 -1.59739876499955 3.39505067491961
56089.747695 -3.15107054740558 0.610979150106708 -39.1712 6.837149026 0.179393300334071 -0.584455013865729 -1.87121435953776 -2.06599094345538 -2.18101186397738 -1.07641312522249 -0.54405521043463 -2.35055073299996 1.37966271773136 11.8528440530531 -6.89237253406925 -0.03812498733501 0.21626399196166 -0.09106128051554 -3.16834641217743 2.36521505807445 -0.63641614929641
56120.707285 0.60438294036235 0.718257543236243 -45.09766 6.838382229 0.187413503735266 0.269092116931654 2.26790999233427 -4.20100445853289 -2.98552452528858 3.11054374706837 -0.26921574960806 -2.03083166693157 -4.85820385725683 -8.36842190920359 0.464131134919063 1.57189712767056 5.05183649903751 -6.39377773262666 -0.064281573090916 -3.6967171036075 1.99881496274515
56167.596658 6.0295665928592 0.540948958220245 -43.48037 6.832381508 0.176919656312215 1.4415204700532 2.81650114532489 -2.37040981200216 1.60989766925525 2.71545310417345 -0.545393061747309 -0.784175513508471 -3.27021927250367 -1.0154470294707 0.5098806189072 3.00586866745317 -0.3078531996754 -0.340794059472389 -0.136648415091741 -5.05326544378928 3.80388509489794
56175.58744 4.20704648221173 0.628734906077052 -42.88232 6.831122375 0.174015268671783 -0.656964445851881 -2.51507563786483 -0.55296307780201 6.24062784543971 -2.86195171974434 -2.11951624162229 -0.0977176050787802 1.3135888278448 -0.33366028726447 6.9762579267949 -4.40948554935924 1.63635499827986 -6.3379823799091 1.68736522392179 6.99204219403018 -11.9180256131328
56354.892294 2.31119626131077 0.547738346002442 -43.93365 6.828017719 0.170192131422988 -1.7601711897213 -1.7499774087615 -2.1070616825148 -0.91826640654096 -1.49964812419444 -0.0587375948513702 -1.62276612254553 -1.1152897312649 -2.91987432826756 0.57795201809044 -1.31396947783077 1.60379211058043 -4.38017408808872 0.610521760143266 -0.214610907870105 -1.31458071383958
56362.860401 4.90166325653049 0.771623898304265 -45.97336 6.827884376 0.171315108490534 -1.69082766169908 -1.27460050029026 1.8242176866674 0.82427608646141 1.23414524957852 -5.15830862787706 1.4677886045641 6.71879148138648 -5.9507634979151 -0.0539490393811901 4.41883652603511 -5.7751363510931 -4.06118427248503 2.66942982067329 7.46314866157201 -1.22743657279492
56365.877311 2.36022260289715 0.520437008606465 -46.59256 6.829177531 0.172645368948985 -0.733832398814897 -1.46364914551842 -0.02959647767777 -0.86516693267602 -1.3526445389343 0.18690101892926 0.0546456326564804 -0.41584115509298 1.18046479862282 -1.95904345777401 -1.3084596621866 2.42650288179626 -3.05020788868493 1.38428662499689 0.34892932829893 -2.02900795030496
56369.836814 1.76414797760358 0.490560321417273 -47.69896 6.833041878 0.175316116429713 -1.51961111376866 -2.74769548201698 -1.01102825323225 1.94485279781703 -2.053555941757 -2.23512805213087 -0.619262048345769 1.63172751325942 1.30250631423349 0.8570608834478 -0.31384577622637 -5.43799883053244 2.03509086367171 -2.22921182198014 4.58345181061115 -3.8234803048354
56373.863276 4.83055044162337 0.504915407150022 -42.4447 6.826741518 0.170300552415055 -0.73158573469342 1.76229834395085 -2.11188740746439 -1.47861964661957 3.41802328388397 -2.49794070768255 -0.987789052335041 0.18933582164605 0.969430553730881 -2.01438529239547 3.47513586158983 -0.0810696203747101 -2.58007813823859 -0.0456556222055093 2.71653753873596 -9.34040644779452
56399.729714 -4.27863079200151 0.53076520038528 -44.3523 6.831132869 0.171918216298999 -2.48811690356098 -4.48772391687852 -2.90566865833709 -3.32013993890176 -2.01437668620158 -3.18956675381897 -1.27445255805905 -0.37137923541657 -3.09966604006618 0.402226993699844 -2.79092651589526 0.35468293016372 -5.28954329566248 1.2912975468352 -1.42650633035678 -0.47967678779812
56400.738047 -5.70952906841658 0.508968941702147 -44.20247 6.82977587 0.174218020563779 -0.491088022764889 -0.12866554727751 -3.70875776520886 -2.14668835050333 0.63403049546325 -0.47512631307606 -2.31070124225927 -2.84612413690331 -4.80224827959785 -2.47552688498466 3.19001985482119 -0.2427064238502 -4.81442690056583 0.741870772938241 -1.30278155417793 -2.70089829570551
56401.760385 -4.27957763047923 0.485422061206971 -43.86353 6.827311818 0.17309516425238 -0.486930900563431 -1.97737926922725 -2.24006749900943 -0.62161819026431 -0.91354769512157 -1.73974301786691 0.263449435117781 -4.05106764632738 -3.02632973302229 -0.11076399829446 -1.2470777802411 1.49269828643967 -4.12966477617253 2.28927269048029 -1.96078065530352 -6.45902882667788
56402.785778 -3.43999175547135 0.612246886503047 -44.94235 6.831265461 0.171483124761286 -0.863247219371957 -0.83146051802435 -2.13962740082717 -8.68891974676734 1.65270108240459 -0.80115167115909 -0.81291626157208 -2.28515828172056 0.96457876499648 -8.42411637750931 2.50040137703564 1.92563396631485 -2.96561591622929 -0.63126859160342 1.20839051057499 -4.32020554962999
56469.775053 4.97306774012408 0.491139158491679 -44.7523 6.837929529 0.17058532090298 1.07569158773579 2.87701378360034 -2.80701032784916 1.41660085220843 2.23899884300265 0.57762967081315 -2.49939715366921 -1.41006054833102 8.59569445669858 -5.76624874686323 4.48193603026924 -0.37731066354386 1.07997909288976 -2.82889129170956 -0.332510302699049 -2.02973421114701
