53829.890726 -2.81694632695097 0.32104104986415 1.290131 6.365708837 0.154405633437147 1.21911548521519 1.45127256781245 2.10373729717154 -0.68716249239389 1.6462478012117 -0.0289337783283199 2.00908606009041 0.260995747846689 -1.241000867725 0.16051771354727 1.39997688346953 -0.21325950294416 0.85675304650843 1.80713635533435 -1.93050011664153 3.85053745387914
53829.895796 -3.00072400490601 0.330563597162864 0.286144 6.365912023 0.154031252106085 0.20325315091329 0.20325315091329 3.05628985928963 1.22080422927296 -1.25631375201837 2.50578643687317 1.4525478022116 0.562753182409632 0.582054451814519 1.16954764694071 -1.80936507216166 0.37552689884759 4.12644177175484 0.207429883456159 -2.24680863771604 4.6747122271584
53830.889368 -2.37320983924004 0.345866071249411 1.249772 6.368800797 0.153488831142799 1.16733161558741 2.3552046867331 0.834172813141261 0.28725767823704 2.29389223815716 -0.02322080106409 0.18125028341949 1.55195913916872 -1.70285733236416 0.56285215652581 1.72064917013571 0.9751094022046 -0.17972766723453 0.23988755862503 0.0866729827425501 1.47249137929191
53830.894403 -1.43840603352751 0.324127029764004 1.086069 6.366905058 0.153355886989062 0.674597058893847 1.8607471660089 0.317052366407264 2.56841391287466 0.41166392420832 1.7380841553123 -2.37729958444085 4.10887977407057 -0.66945615832475 2.14445510109735 1.20600365779214 -1.94518906344735 3.27935995732006 -2.07131965929988 -0.55383537952102 5.39483428685731
53882.802978 -2.76588215532491 0.325810335073518 0.94145 6.365139954 0.152692253904936 1.36546042153726 1.68372573066329 4.00768467918401 0.25419511921337 1.72037988794163 -0.2231432433872 1.49147075323043 6.28378591035003 1.23490977523663 -0.76315932215023 1.62376835493601 0.24797099472425 0.43739616553199 0.5977590376832 5.38604028011878 1.00029439512892
53882.806265 -2.68987603371179 0.334027211353416 0.959309 6.364080611 0.153086315506886 1.62999717067223 1.62999717067223 3.08020366861205 0.48217210398363 1.07160568454035 0.93884204774037 1.09525513711108 3.50698921015001 2.89733112274878 -0.42286775010477 0.4867533583854 0.86200779742114 1.72232291463531 -1.4240406587773 5.14732809335926 1.33990636212728
53882.80954 -2.67243965101692 0.356075241057722 0.349734 6.364716178 0.153701482659403 1.21534296749575 1.27021447407953 2.29056183374466 0.274206095161221 1.5962660085098 -0.84566749487368 1.4131728939213 3.1358438888032 -0.94187611484247 2.20966845803469 0.1034478954524 0.02281711600103 0.88619013721914 -0.16599852888519 3.08788967079152 0.982501860195922
53883.72405 -2.85037170313632 0.404024113122002 0.214229 6.363675289 0.152393358261322 1.3991669352781 1.32073353390673 3.46050308541468 0.62988616614708 -0.33353182025241 3.2256074662268 1.2500135963956 1.13953220960111 -1.95533571210623 2.7232247980365 -0.94022845577546 0.69174653371715 2.76739136848127 0.925188964913663 0.883339667101432 -0.748648355848012
53883.727267 -2.90328147838138 0.416550073101653 1.33365 6.364278713 0.153530460441334 2.09392597926569 2.09392597926569 4.78911939361025 4.07359467795041 -0.47128175757728 3.32180929374066 2.50578248882899 1.22055491900331 4.48914089496294 3.65631860364589 -1.42638957694828 1.23777357881392 2.25159200506964 1.77999846328728 2.90400192165407 -2.80726675472615
53883.73052 -2.01628180525899 0.444056619918487 -0.61218 6.364125854 0.15265909005461 1.95898156402368 1.95898156402368 4.02651563954535 4.2047599050752 -0.0796748189445804 2.12764662338029 2.79854100374589 0.2281566466865 0.998609722198729 3.08214862400347 0.13672117860501 -1.23729978764722 3.7797223361697 1.81860027615569 -0.6859214597013 1.87854157248216
53883.733876 -1.98695090663908 0.437483082523248 2.243139 6.360892279 0.152683302190056 0.369699323117563 1.73984428456324 1.63436200325539 0.25312854611452 0.58610835196524 2.32069447228427 -0.304580984143036 1.69832149315471 -0.59212577665245 1.60505585348913 -0.06708946900853 0.72075059458008 2.33977612736515 -0.296418138681284 -0.086662906827619 0.297432136589913
54610.801513 -0.417816688833791 0.368595722413807 -0.76958 6.376493275 0.15206810959466 0.109736511869716 1.52743609993843 1.55590661660534 2.80683588147762 0.15846574451773 1.46512078817529 -1.08124664649939 4.38545733384124 4.07312680422784 0.58170512826187 0.154225153255951 1.01613993304827 0.285117095062863 -0.982402182325749 1.80117089906015 4.63365815234735
54611.774651 -0.32205816680031 0.30128913008519 0.560106 6.370997692 0.152785287521468 -0.452582680786562 -1.22296685599829 3.67642864595579 0.061945481621075 -2.25208935812595 2.29192568253537 2.23800114030265 0.38172845418674 -2.66591798831634 1.15669080232184 -3.01335397260906 2.26889735503672 0.681571155972006 2.32017510403799 1.0091645920783 -2.69234704906445
54612.800357 0.418598854938735 0.426430169224114 1.868 6.372982023 0.152412138743414 0.565593594748161 0.729570048281589 2.46428654293296 -0.648059665006313 0.947771099259627 -0.123652713022986 -0.366577279264736 6.77234806144601 1.60832563400486 0.138911081033945 0.701151552340723 -1.98053348235256 3.47784544147135 -1.78036359204593 5.41924307209399 -1.37735458330535
54612.805589 -0.781267322048323 0.568055878038 1.155063 6.374033925 0.147267731213875 0.93916590607639 0.93916590607639 3.8494233477366 4.41696278699684 -0.49278834027673 0.856280454509269 1.15044442643157 5.22632591660264 8.20862879213266 -1.04598925370729 0.09951327799845 0.20047190278113 1.53736579699655 1.36648241763194 4.44191729643535 -4.76300881507042
54616.770606 0.799258391129609 0.366740538946411 0.649925 6.37631103 0.151882214935683 -0.0203352933970202 0.368187111638464 1.07963795721842 -0.62521802192287 -0.983758647790629 3.2556651627292 -1.45174608186861 1.9173555304142 -1.65099993587804 2.65228504737396 -2.75600858214153 3.16223594733589 0.50570359189192 -0.44688393456127 -0.43801519061955 0.82150887140437
54616.775606 1.99306722473896 0.376496571087478 -0.35071 6.374967441 0.152832088731258 0.189870430426472 0.35929120545273 2.6003593406266 0.07911297139396 0.0511770786194401 0.62357171406507 1.19006639215461 2.61970019424085 -2.81658699068684 2.55803980984122 -0.98229223248329 1.17539834462667 -0.88649671545492 1.77331269254207 3.27033958866523 -3.19983130836971
54617.865356 1.80495254288846 0.593206422551717 1.172663 6.378056304 0.154634187940061 0.962749353138008 0.324823103807143 4.27286377946175 -0.981245269207372 -1.24412139999997 3.68121875182545 1.27625857507122 2.59643022407573 -1.78406301412742 0.201201357426653 -3.05633042948239 7.00609524609356 -3.1830117042709 3.47648156929593 0.807925875746281 -0.0626057073153801
54617.870344 1.92599748767425 0.598999302174052 1.051716 6.380152981 0.153607641839954 1.56294911723407 2.71197706456018 -0.78745105775055 -3.23437328916849 2.83504081567543 1.27538936279778 -3.56959395385403 5.0095659482446 -1.62168963868032 -2.88750146478261 3.8060261007484 -0.77211976489015 2.41175990143557 -3.68475419038121 3.56464509120561 -1.71168961085801
54621.674841 -2.99872889283725 0.40153381911434 0.652948 6.369673343 0.153294410733319 0.00241738485792582 -0.92251984542929 2.29471246526739 2.04959897386638 -2.92902823419649 3.19978044318906 -0.15130872808892 1.72219490984186 -5.01423918362548 5.5130885165165 -5.68121895359637 4.50219621958391 0.0482238966578701 -0.41035536442443 2.79936969474789 -2.65550767941454
54621.692202 -0.925729516626012 0.518379575967454 0.327547 6.375383999 0.154153347096813 0.63879233727596 0.63879233727596 1.82687589111319 2.38056173569138 0.222567738908131 -0.353337075181261 -0.81060017617548 6.81336141774948 -2.63706038240648 2.4910148073958 -0.630203539354132 0.91365726519827 -0.55423700856674 -1.14065009796966 5.49580712308739 0.75215103402701
54621.698302 -1.28092898564852 0.965613966397994 -0.45756 6.37603154 0.169537579207194 0.45488745641519 0.45488745641519 5.21958640823154 8.46924268840478 -2.88450376967321 3.04553318181855 4.14259110777218 -1.10705662057224 1.34165832702251 9.55427286157657 -6.75404367954547 4.78744171637679 0.133673366395075 3.64354682176626 1.03831962832949 -3.86761406219163
54621.730142 -0.371791822185159 1.70679943828444 7.206598 6.380245201 0.18110982155585 4.52700606812774 4.52700606812774 7.54107517035784 -27.3473192991126 6.02938499742026 7.17582187544442 4.68396402712678 -1.6111958061266 -45.5567635150958 0.423079465660139 2.31254069538701 2.64914537873738 8.74754957393473 4.48668534605723 -11.3969483594352 11.759201209655
54621.734297 -3.61209604262077 1.05307324363458 -0.84237 6.36915757 0.153890797830939 2.89123191430302 2.89123191430302 5.10481163175177 8.3835852172763 0.10307338551475 2.09656038584757 3.51373883192714 1.26313077726167 7.27105720419087 -2.58652700357047 0.75485848053171 3.05072861588454 2.31158146852694 0.23152377718928 3.50817859488362 1.60743719493183
54621.743568 -0.490287899170334 1.29272608935483 4.811754 6.377369211 0.164856463268523 3.94269751676258 3.94269751676258 4.37790203674953 11.4556511593962 -2.0257635630518 7.48236073204488 4.52971504691505 -8.97724054117759 -11.7968272385463 19.0593258748177 -6.53802367639982 3.20624016574298 5.16546818482896 3.42652112915867 -4.90320846717305 -4.74385929756672
54621.750455 -3.86270013892753 1.07990502355203 2.371438 6.373380805 0.155544462313748 2.73771934282221 2.73771934282221 4.61507472405777 -0.29857118738208 0.71959108694396 4.19025280396242 4.22929147524427 -4.01519457256977 11.7768942718795 1.28825203141648 -1.76499876404918 5.65974938816756 -1.48453123609144 5.72612638138955 -4.57611473060662 1.91333739762282
54621.798326 -2.8131413443654 0.421825510455114 -0.17815 6.372922116 0.151801766067685 -0.0515242740244397 -0.0515242740244397 1.79416383264329 1.29161179517439 -0.60293180780269 0.50491369873246 1.54496481190339 -0.0380950620929799 -0.37950218896893 2.23338566441724 -2.40873727925742 2.79793790307791 -1.10401310257928 0.88828630604516 1.80752623878962 -1.55038863701301
54621.805617 -3.09410638548974 0.361202480909412 3.312622 6.373060979 0.150336580965893 -0.74278330782207 -0.74278330782207 2.20145668782639 1.44934125234721 -1.28942330274653 0.3959905841091 0.96244795526035 2.48109607914014 -0.83373140383687 2.16125840350633 -2.53249125169975 0.9574811779524 1.05124370283347 0.16297022930813 2.11038727634432 -0.728989509444315
54621.812851 -2.76745193474074 0.377800122022934 1.739587 6.37169357 0.152798715628205 -0.56240445231837 -0.56240445231837 3.10895596973801 1.32727992834581 -1.93673525973416 2.26317605122237 1.55052416145333 0.818768241726159 0.86330203683819 1.52797832155478 -3.18255906529303 2.93333065657053 0.16953910730145 1.90902925593459 0.227808277107124 -0.827934701452519
54621.81961 -3.36491446192812 0.486449750450099 0.210728 6.373414477 0.149683998742951 -1.09652741412831 -1.09652741412831 4.24393133239697 4.43987313192228 -3.14426151124773 2.09899486378829 1.28156964137753 4.43775521264633 4.00154822909494 3.46944942148219 -4.86316133654321 2.4300377221684 1.20650559732872 0.50800858988805 4.53884454763407 -1.82904457388072
54621.824703 -1.97096345158172 0.707543613149343 1.611315 6.375747038 0.156355389462907 -0.0636296073034899 -0.0636296073034899 2.00472755871943 6.70283988103856 -2.92892957373898 2.80759587166076 1.29378448712756 -1.65469752647137 -3.38227763417467 4.94676372025459 -2.26316670225118 -0.83200281733563 2.90080026998906 -0.466514603054949 3.15025230243977 -4.31201867489888
54621.829599 -3.92237522262532 0.59450452373596 0.617902 6.373624168 0.156773080289515 1.88049041910642 1.88049041910642 2.5626362055703 3.6892409753702 1.05385529105082 -0.00267366199516017 1.83905259194615 1.69763512114546 0.208019434848239 1.98104001080163 0.22821257910338 0.37358562212934 1.76569513965003 1.45424874109619 -1.62143252843061 3.02038362727412
54621.834448 -2.74601435887729 0.686259068585647 -1.01316 6.374956921 0.154592102239757 -1.11852035171299 -1.11852035171299 5.5012900319929 2.98430053093953 -0.85393087902648 -1.85498433823541 6.59223167407149 -0.373619056692295 -2.24564712747934 0.48848935564812 -1.30580880726011 2.17257834245847 -3.86342858070458 7.13435485235349 0.874791260016466 -1.20715665698793
54621.839448 -3.24274419482954 0.742606757504351 1.731899 6.372110707 0.154975491081263 0.182075342884018 5.53400724191462 1.76537979708875 4.55474785218232 3.44429693941379 2.18621346012286 2.47854192313568 -4.24407312749688 2.5857832877261 7.05975123864268 1.32328313215146 -0.59902412653254 4.51650150600158 -0.0867679803121589 1.59159277804227 -8.61439474655342
54638.835422 -1.30477381767109 0.417894888696553 0.998136 6.379822762 0.152251036213313 0.200878497284492 2.09054076473971 1.57015260916117 3.58042855585799 2.60204493743143 -2.80625528784386 2.73179479508326 0.697581770130901 6.65246327769178 1.34479406522098 2.20340162278089 -0.647958798881827 -2.83966351011868 2.73646927090811 2.89626840451724 -2.34566337942417
54638.841186 -1.12512312387144 0.400076998921807 0.374643 6.37791129 0.153664943199076 -0.252270774304689 1.43358912939482 1.79457291339488 0.93423384514427 2.00123580430376 -1.66018002825899 2.30834213408115 0.8412075335063 2.92218258692552 -2.1849289255156 1.88172163095924 1.27186928814435 -1.80258224072932 1.91273618080368 1.89013047870848 -1.6361760306498
54639.751803 -1.29481288430571 0.322539037229308 2.589732 6.375301823 0.15368567677869 -1.57777511132371 -1.35034772859196 2.24463369860178 -0.603489398090999 -1.91480957583967 1.62397036534074 0.19500770682476 2.83402013277163 -0.372272540589526 -0.390347610967202 -2.0745677210443 0.21790202066023 2.85373165367211 -1.66986193334127 3.40058495205381 0.27999059482036
54639.756919 -1.2445937252341 0.321424985630343 0.496098 6.377478997 0.15362772638255 -0.0460659227080184 -0.64749524917791 2.02205711692986 1.87034055672359 -0.393932607151722 -1.64056213542625 2.6246602276792 0.739527144227456 -1.44631191726113 3.11833979373861 -1.80645416160286 0.60790513953464 -1.6869490389063 1.83125818442304 2.68486933426475 -1.10831633496597
54640.746133 -0.987506906325526 0.340506183466666 0.902564 6.379241348 0.152596670256973 -0.391384417709319 0.2102097070626 2.72460899737075 1.16927098005447 1.03938207159663 -2.44447706085008 3.81924387041224 0.53920075296043 -2.21236621170258 2.53744270926277 0.245364125300252 -1.54738204903377 -0.0361769951440198 2.55869634126379 2.41135466392113 -2.20066391666489
54640.751329 -1.17870142096195 0.353075613365979 0.922441 6.380825518 0.153462393875312 0.0329382865672498 0.0329382865672498 1.19302522797751 1.74753912145276 0.100942003326464 -1.0951138736489 1.88918232811479 -0.260145880996914 -0.31547757456877 1.78191870739864 -0.93968495351193 -0.11691364664217 0.914945021663609 0.594959036307783 -0.562259368485337 1.37394713109317
54641.700461 -1.90062492488154 0.319632282903454 2.048925 6.379267987 0.154553286555178 -0.777375550910314 -0.30618809721383 0.34428489000574 -1.62802400386129 0.99197922620922 -1.93379910589464 2.32993893249251 -2.23276057191014 -2.39698881354372 0.3415890057072 0.59315516313062 -1.43700089792303 0.22533158613385 1.38533078700959 0.966815870113376 -5.52448606773543
54641.705901 -2.57804114853326 0.312783306012155 1.447527 6.378233754 0.155179649321147 0.781325457500407 -0.76396758828222 0.60490759882736 0.95613493537821 -0.59817280324264 -0.92966894847789 1.57094782347781 -1.10811381137096 0.82225343060557 0.57127596837061 -1.04038208631183 -0.20785921564647 0.18156030216461 0.38364920677638 1.28398136969664 -2.34349851249895
54643.716611 -3.44325084500099 0.361838255860838 0.278186 6.380877048 0.154092451560844 0.420182049531613 1.38421482914316 0.73967383192135 0.83788311464841 1.62173880820182 -0.96956973674447 1.66658238864742 -0.99263345007764 2.43996971067197 1.27680330968058 1.48529867459737 -2.82824131535349 2.69333784087474 -0.46952660865551 1.21580169099952 -1.05344297128754
54643.722062 -1.63167725327867 0.350006222117207 1.527551 6.379640003 0.154212640899583 -0.197554553370507 2.12502100878301 -0.682551541534033 2.03377885938689 2.09329896840539 -1.08408838723032 -0.32896540386245 0.56703990639186 4.04211132844284 -0.36612218483622 2.39166221738013 -1.19214575960127 0.721965557631485 -1.94498926992627 2.2320731157481 0.340144429995012
54645.676286 0.339128503962904 0.303941590842642 0.62024 6.382558864 0.155921048803464 0.410962274567662 0.195632101212569 0.340919217899591 -1.4666957955887 1.41466957620795 -1.85610685152036 1.88917300659763 -1.26422151399662 0.779513613174306 -1.86069797866118 1.93872014274636 -1.35178700639708 -0.514023172149798 1.32475566828972 0.749297060336515 -2.25086597761731
54647.655689 2.52266061662933 0.256487319137628 1.952948 6.377620419 0.15625830063908 0.086170828498335 0.03467814855764 -0.4985361684977 -0.49396868649464 1.25120694338709 -2.48311558809833 1.35244523011552 -1.11278260353995 1.04523614262595 -1.35290691518512 2.14187506209201 -3.16281877963446 0.9804905661229 -0.46688290507128 2.31632931281937 -3.0781396012017
54648.68137 1.04826139161481 0.264540438668214 1.189208 6.377442329 0.155388901200296 -0.330857737832362 -0.046618423033104 0.993828809744375 1.44091580503341 -1.50111319246147 2.45767446136343 -1.51006512209404 2.65731311852504 1.07007828119483 1.57630313796082 -2.23044977650933 1.9663888724509 0.6172198374169 -1.60676928035852 4.16135170669215 -3.96112747998699
54672.588921 1.47029190369533 0.253815842408208 0.855767 6.377953309 0.15367701670249 -0.0126063714018505 -0.434189623897417 2.3883292660616 -0.75206290318651 0.0929490112292499 -0.73348905014245 2.6718880093987 0.36775633905464 2.30810111782833 -2.11577820288176 0.604673683713357 -0.338068374436467 -0.37073982715119 2.10010178227799 0.22995841884863 3.1235625280424
54674.563771 0.893414933370208 0.341996044635204 1.150954 6.375601788 0.152827034424152 0.191718504819609 0.376545724786142 3.13070535830947 -0.62199839368122 0.898842770373959 -0.793255759184307 3.28830772072061 0.70918860783317 -1.24846353121077 1.79971756252303 -0.495961457898677 0.907687474297968 -1.28935325567523 2.81481545199099 1.18751656642492 1.4449832196178
54675.640905 -2.39618727338745 0.271591238334572 0.523583 6.376623597 0.154572215141681 1.15708838244184 0.99250210729395 3.22462659925023 0.809118429817381 0.63251761082217 0.30354275134419 2.65366034554637 1.09682819484278 2.19800773536081 -0.38646120930666 1.00220462928751 -1.12490174742982 2.02196678026741 1.05094275926078 2.96183117344567 -0.94486600722228
54677.559745 -0.267723076902057 0.309286071317708 1.064004 6.375182873 0.154712567719306 1.5943864741755 0.206221631393605 2.82407292465127 -2.89064774524215 0.607466748619846 0.837649426749937 1.04553822629238 3.40444922521592 -3.24373904687459 -0.19141224215087 0.0785704099058799 0.895467051116428 0.161974225822978 -0.119332851154485 4.44543382065221 1.54179042013023
54678.575352 -2.35511172218313 0.342832106017374 1.238411 6.363894619 0.153968891183489 -0.504184554031658 0.55940707801782 5.00440886341501 -1.23128673487376 0.0263370504713003 1.95022426949962 3.40722160364833 1.37215427744737 -3.98323332522105 0.74367800561572 -0.56338529638799 1.88301003310818 0.36704861109983 1.76267048107203 4.02690943345957 1.57214535524986
54679.543658 -3.93546723361383 0.326125171741285 1.670373 6.37639659 0.153666305994 -0.142946836837338 -0.0141313344523608 2.8128930664616 1.01234307361425 -0.89057349611581 1.33329047921071 1.22764229611192 2.24258792800131 -1.35506686791218 0.39791561025408 0.70882881327648 -2.49470097795622 2.5881438187862 0.32658003822895 3.10077382263583 0.697298338189526
54681.544001 -0.967420604909401 0.339037384093916 1.318147 6.372983322 0.154226705894393 0.324669396147851 -0.12268650294048 2.23596385433726 0.53394025752681 0.326266630660442 -1.30285160794831 1.84484389909125 2.80011188521385 -0.42557253777296 2.23532785475206 -1.34839887377861 0.657711770660046 -0.587368455191806 0.883479349788071 2.40620224318997 1.62844488965025
54682.576755 0.134341515546017 0.347859371678435 1.366862 6.367357352 0.155444334357608 1.04867335255202 1.78925640861229 3.96825653512435 -0.62686439675242 2.15500372825187 -0.426991947318775 2.91379484620998 3.28186015228208 -3.46630432590399 0.27926199056259 2.2787551602152 -0.446381025241237 0.121628444872124 1.29143361513783 5.74303767231019 -0.548236175627331
54683.468617 0.0797770442097985 0.367176148355642 0.29482 6.381507665 0.153486070316668 -0.017258418311074 -0.749394913428929 3.21738488869063 1.30059513259881 -1.81269444839149 1.5713455307395 1.92338233863064 1.13571689716575 2.26817824427402 -3.17825364050482 -0.05673636316862 0.435962476487951 0.911352262873926 1.20332748939221 2.39760273974247 0.0297308812000199
54918.849952 -3.35335262941877 0.324014115516294 -0.7065 6.374913863 0.153376844635085 0.689955976831361 1.71287519674581 1.09414017013793 -1.23528436091857 0.79981751362723 2.4740789733749 0.71375228374339 -2.34752360404107 -1.57621328849438 -0.0400736243652506 0.79069904601038 1.21956767041442 1.00313881644057 1.62207317759404 -4.28605021370665 2.2545374572259
54918.85523 -3.30446961506324 0.322777787191414 1.141085 6.375673648 0.152918875669815 1.35449273587242 1.35449273587242 0.59154712485945 2.49418988446965 -1.05466986562971 3.45695151256192 -0.7815014144634 -1.00407856701267 2.28173827490242 1.77554627171355 -0.8636339033847 1.03825321670372 1.35506566287782 -0.92716483890144 0.56068573848973 -0.1382080809567
54919.787841 -4.78650063439484 0.220242776252223 -0.19144 6.377736762 0.153522112202206 0.518259628760166 0.18507185605626 1.81181005055093 0.93356481800424 -0.97822935536647 1.76689726584756 1.09159665013193 -0.54154774137721 -0.14680704627892 0.92653133856634 -1.40747909952342 1.72439749585235 0.07062413095277 1.28612821894801 -0.41082775192864 0.34710586528972
54933.801134 -1.48943858901671 0.242715210519941 1.854379 6.379163593 0.153638129036926 0.371018822622988 1.05557739202379 0.219155889259342 1.96018478804269 -0.62974684309842 2.2149485827763 -1.21941830569884 1.01541606271606 3.52660623801721 0.47659299212287 -0.67573332584918 0.45433288497068 2.34453528957311 -1.76119841967444 0.900151151743884 -1.11334074536693
54937.794915 -3.54203522272373 0.230914091000633 0.641703 6.378968937 0.153871910313168 -0.213157563891783 0.52020946963092 0.21613009773658 1.25798460192944 0.0524677756336001 0.19044489784536 -0.13988592370315 0.8108121458855 2.22311130316292 -0.52894883787957 -0.11808906776708 1.71960988806767 -1.58453215704804 0.81376939384054 -1.07262467092887 2.32643576107136
54938.833734 -3.75224045098779 0.217164236903756 0.473074 6.377474279 0.154427054989321 -0.0436637378300896 0.78715386659046 0.92238902112491 0.0566067500726399 0.90809875395992 -0.2762240723138 1.47384332892003 -1.35300178114499 0.58304815743559 -0.38755338228568 1.66817528574296 -1.8111180568159 1.25377206551701 1.12208316279943 -1.38430072572547 1.17072268613022
54941.753109 -3.50220537313375 0.21051481248718 1.533492 6.378937032 0.154442237574484 -0.181031201745842 -0.38722449090396 1.25084032112172 1.17479751515407 -1.26303464401152 1.03208424554757 1.02503175934472 -0.94820061804027 -1.43592649120249 0.23251782697434 -0.0964306837914299 -1.29432081143361 1.94862441772501 0.79985054327954 -0.47588812802729 -1.59991117372773
54991.779842 -1.11819648445113 0.289499188567174 0.430872 6.376546294 0.153155480695861 0.681643314516937 1.29526098749792 -0.53605144677157 -0.34279938201159 0.3937168883073 2.41848470649222 -1.20886838129189 -2.16088315095931 -0.4469961206557 0.30827017636178 0.26237688461775 1.0921818594797 1.25460874608504 -0.907611623483039 -0.483338200779362 -5.16814547483404
54993.691771 -3.65247328275992 0.360448815898379 -0.63873 6.367341763 0.153258889374659 0.227242852809577 1.29936245622714 2.25392253562389 2.07764224691236 -0.320278465425289 2.3748825435435 2.18688827922708 -3.52693172320389 -3.66945081915184 2.75194470568519 -0.05641950579871 0.25401767622636 1.19495001037386 2.07883489880932 0.071469337560547 -5.03102453483895
54993.69742 -2.7948592787836 0.365952241171503 1.93564 6.368574535 0.153953307271437 2.34452576367823 2.35047530142642 -1.02713648905688 0.81777699208568 0.8322025001884 2.97221996110176 -1.5006677273263 -3.30644674308457 -0.56765199367638 1.94853946260939 0.20533888486265 2.25931963953523 -0.163249819677385 -0.877792552289591 0.53773692563592 -7.11259424693869
55037.728069 -2.98507430826963 0.273969887418931 -0.10815 6.380942388 0.152547439769779 0.419766215918517 2.46149544502975 2.36505999736845 0.238363159570429 1.67294632734749 1.46404493678679 0.22668482712833 3.58223834155414 -1.96662590558857 2.2617304166859 1.08233958698934 -0.34760155192808 2.42531677236364 -0.44344700989438 2.41250933876222 0.571514630649139
55040.597983 -3.17697911354894 0.232636468214547 0.637046 6.377423732 0.154103092649005 0.691764174687754 0.4941926863743 1.55562633969228 0.74181702303855 0.4242834705579 -0.27811716456447 0.31520454696087 3.69435133613466 -2.39634041727076 1.78614688903215 -0.0447528122564798 0.73378663361672 -1.59620485108514 0.26234318363038 3.92636075553458 1.77812966220319
55053.654226 -1.34650090839083 0.404360170835712 2.08891 6.38198542 0.153098599963596 0.311926420888546 -0.87536994999797 2.46374182452276 3.36711886172901 -2.63146748160633 1.85155199249201 2.45180976839728 -2.22641031573361 -4.42428064708154 2.31317824103907 -2.1843998986209 1.11717381308577 -0.0797359940430802 3.16084002867534 -3.0772800966885 2.86153126017834
55053.659688 -1.63994764174142 0.415405619090394 3.716668 6.38077048 0.151804493304942 0.512730633470029 0.75873617331846 2.11740916770249 -0.94839870495311 0.25903741466558 1.45959884267186 1.60312251635968 -0.526936066111978 -1.17047075504306 -0.36972043603234 0.676239907767 0.39186902224383 0.32685208569276 1.65907893978181 0.271088774850952 -0.213399197783378
55071.471832 -2.66087287547774 0.24588933338222 1.20339 6.372795491 0.153073665326904 0.12231495855644 -0.17802544069063 1.6617616433241 -1.15825867465854 -0.39943917731667 1.11189007630786 -0.16152477642801 3.28989207976085 -1.32079792990891 -0.0827753289578297 -0.70282366248391 1.00524162677936 0.23445848280227 -0.1488846260068 2.45078838875378 0.628339117087608
55071.481021 -3.45315483496245 0.241860215262275 0.254633 6.374571298 0.153048865950627 0.751968952641517 0.85964582941411 1.32783387122889 -2.39825996975452 1.50685918325566 0.0179455181392099 0.52919925303174 2.06903242444395 -1.69443663089693 -0.73147913767236 1.32929460698358 -0.22517231385424 0.69258784647231 -0.19564987173515 2.15466931536177 0.503518412983242
55075.478078 0.0058987771427068 0.389255958980812 0.789899 6.374796684 0.153866269209967 0.890976555233298 0.287452271883403 2.34260175189152 0.716312958323844 0.151961003865527 -0.092159157246123 1.56259422750657 2.04885148779544 -3.68261524358558 3.62343417149918 -0.833536781550242 -0.707354547700867 0.930725211793653 1.41163216366783 -0.16243584831019 3.34661835961419
55075.481689 0.994283342722722 0.397738758741519 1.540048 6.3731404 0.151784913165702 1.73384519310263 1.47476012972197 1.10498395803844 2.49991944220091 0.612013627052979 0.466289760320817 -0.16357913004916 2.53536487755647 -3.68392077748629 2.86638516786306 0.271972196349836 0.799744048704577 -0.765985248992019 -0.573395249921402 3.27590859393667 1.18538291110385
55097.516033 0.0763466348846064 0.33940233861032 0.647635 6.382288092 0.154255944263033 1.35899915460792 -0.574563714685891 3.47289880406008 1.45733441284977 0.27395844181515 -2.49871361885876 3.63001412829932 2.83290516755859 -0.209451988506215 1.37918965830651 -0.597155779233381 0.950290538423236 -3.83439886442643 4.62950216805611 2.94031656220913 -1.78520835388746
55097.521565 -0.335365923069261 0.363615291145211 -0.76147 6.381832435 0.154874219835388 1.03097255312679 -0.0810419148121549 1.86613875770704 -0.472324729697567 1.1159987543028 -2.16632103871178 1.61774597300554 3.36411206814589 -0.758267934082213 -1.12603729665662 1.24211285362778 0.252462912911468 -2.8003187506293 1.71560451906164 3.24379576859035 1.70973892460369
55100.513051 -1.21686132201036 0.356990794067817 2.340677 6.381751989 0.153243966945073 0.38440139662359 -0.34569400896524 1.4229717653062 -0.9717042022698 -0.72112647306593 1.25335181689068 0.524091113568455 0.671923116266068 2.20893417425531 -1.05185096492515 0.14952425707338 -1.22108232323803 1.70598268670847 -0.211432248614381 3.53520044266392 -4.78115871797031
55100.518582 -1.23373529900025 0.347221785721722 1.063292 6.380487495 0.153506459560783 0.964562170007005 -0.46638223103831 1.20605478815378 1.80683712792018 -0.787979002170048 -0.28854217712607 1.6783218364788 -0.819115682271086 3.88077358139147 -1.25661821175011 -0.21125594714029 -0.76443647909562 1.2638667332096 1.30532409030527 -0.502592947645726 -2.3412456104553
55105.475781 -3.69243842728085 0.278093554741916 2.377148 6.381824276 0.154087426164727 1.44567776123398 0.58855486857172 3.76026997128018 -0.61083841387866 0.81122495925311 -0.12670050589707 2.78287111004369 2.59327989553554 -0.973271438808919 0.49246915688378 0.60012983004196 0.7112425726739 -1.87798546884355 3.60103426958882 1.93280839272831 1.19964710604715
55106.49291 -3.77694938737038 0.277842841413606 0.832466 6.380926593 0.152859865883276 1.59793066155096 -0.407866299882059 2.04822979097464 0.28268516925969 0.23446085520985 -1.45477960943825 1.96850336295599 2.09035853764352 2.20316973090059 -0.11626017382203 -0.2815986984157 0.38026928413296 -1.79547129507992 2.32729275648937 0.93130259243811 2.03985948117009
55115.489545 2.12759754414038 0.484286652201147 0.954115 6.378209884 0.152672558937404 0.328758222810973 -0.75012987276547 2.87298304368433 -5.90126470716095 0.193348969860022 0.930564129875243 2.14338864963889 0.64205871952666 0.75883353601372 -6.01591475197618 1.35452485890252 1.18166557845309 -0.96408957281929 2.56765364902806 1.37118437082798 -0.87796305329221
55117.500672 1.80057620330109 0.412212933882457 3.639721 6.379630746 0.153522092893772 1.84040097902055 2.15294743057115 2.55030034721318 0.985073862862618 2.34270441927637 -0.86394678272438 1.03801688889877 4.80604803795888 7.0502240146076 -1.82172403859404 2.11274398098611 1.23727305519104 -1.86734817396959 1.22622767284414 2.98972262168992 3.25691437775689
55274.88328 -3.91747222129965 0.292433826450694 0.924647 6.378273782 0.156828135761112 -0.309844737981902 -0.43589445910727 1.55706810972726 0.470462330954649 -0.46611813714218 -0.20134727047243 0.93502561174325 1.84064539989139 1.68802301546668 0.92300602399206 -1.60591989321563 1.07219419057941 -0.4756354277161 -0.213237298439021 4.32946943067326 -2.48326625052597
55274.889033 -3.86503605809826 0.292224410119848 1.510813 6.375633258 0.157691937366479 1.35758151519001 0.41873751214109 1.18480928290176 1.54059153806815 -0.15240485752443 0.3014620125169 1.00510326810955 0.0688574160263302 -0.41909393951142 3.42379237275385 -1.96802153745292 1.52270783685139 -0.49005818644956 0.72618990118057 0.55418120851649 -0.14978039995824
55280.887101 -3.58221012239898 0.256604534787296 0.824399 6.378035058 0.155373491892975 0.591877282010911 0.03102136912208 1.43306279022989 2.6306816686489 -0.27864753639097 -0.86155514113692 2.44770585617043 -1.47440103325645 4.09993343446036 -0.10892039309787 0.0678249174271097 -0.76669967456501 0.0605320173887902 2.15783633351668 -1.02045458679287 0.07319878474966
55283.853967 -2.94250920406016 0.239519592346006 0.835315 6.37974705 0.154837185636035 0.268982865797202 1.42533921927865 0.88556373842518 -0.58872406730767 1.76633085599957 -0.36351183044537 1.4264932101008 -0.91220092588602 0.72593119103825 0.40992543552543 1.15432063040708 0.26523476968045 -0.5675028418461 1.00991439369397 0.65044282229021 -0.85232702797862
55287.899782 -1.41209480118264 0.220995282463694 0.917636 6.379334633 0.153471709130113 0.353896672604372 0.29642782627945 1.43222081265853 -0.8472650835248 0.0368452408462501 1.01692232982778 0.809091248016142 0.272238913348981 -2.13436871879495 0.54517079718408 0.12838078950067 -0.00543201187223996 0.55329343441597 0.889462504661318 1.04433829007694 -2.01041874017811
55300.793648 1.08958169789891 0.327317090553011 0.852164 6.378218918 0.15391237215102 0.893130032128739 0.893130032128739 1.02487848435591 -0.546585468663997 0.269701628503879 1.55707370563239 0.46166311483396 -0.55228714936429 -1.459004130084 -0.550294422768939 0.861428266171357 -0.025773175683888 1.44417040822419 0.28519976483266 -1.47198418106192 2.73631775214763
55300.799181 0.80249704232412 0.327428191050467 0.481364 6.380602591 0.153923180481512 1.13517699954356 1.13517699954356 0.01907790420668 2.4337269522778 -0.313258866929134 1.61564212510705 -1.70052602495849 2.2268827107166 2.1172530919195 2.35939226607784 -1.01033383128358 -0.117898513159445 2.79315606539421 -2.9063583888577 0.66342965933378 3.69793367909404
55306.846616 -1.82282459694911 0.206825289487955 0.784607 6.382069767 0.15622468635952 0.0189391219668724 0.13606454045231 0.14647076953689 -0.56634332888514 0.51306060695168 -0.43405673693558 -0.139337618781 1.29387274615902 -0.57644452608479 0.12908504370035 0.29251454308478 -0.01241374848858 -0.44965606304748 -0.564096112134 1.5678836921722 1.43880547015639
55308.878777 -1.93376274885181 0.227061490314135 1.622511 6.381258828 0.155466985959788 -0.0526459541926374 -0.69394670923934 1.18910152178719 1.58945696749574 -0.74903835091035 -0.8234029859659 0.9107394602026 1.78271997546324 0.53201913230794 1.65519824400879 -0.552353548231969 -1.3052635629425 -0.58779849210392 1.1332411773694 1.8384050599787 0.105321278828523
55370.590184 -2.45783423967968 0.532234717161472 0.696802 6.374355044 0.152365897609939 0.184783408223854 -1.14504518189501 1.11718735871273 0.80750460087296 -2.92415914833701 3.12918109231398 -0.6917605163525 0.65209476397731 5.41700433290679 -3.23528196672298 -1.2990117207924 0.84261201979413 1.61914168953236 -2.02919534848594 5.04563267624024 -4.32199026258476
55370.595011 -1.18232153027372 0.553115564281437 0.276189 6.374596423 0.153733180080984 1.11638530792814 0.43639049481442 1.47295746610391 -1.01660214588447 -0.67787740337159 2.64552794460898 -0.924272362358456 2.6635664198451 8.45088217243207 -4.85120692249598 0.96911391305682 0.03780954676101 2.48337992488953 -1.87918815207235 2.47882149335094 1.90918431510547
55373.612158 0.727711764324189 0.380401706029123 0.660542 6.381009875 0.152105101368357 0.624669178815041 -0.894306471533466 0.899472527298836 0.334289720109683 -0.5776001577463 -0.791606331368828 -0.363078234962826 3.98968911226111 -2.0015391833184 3.09336020649836 -1.72001398210846 -0.438440744163271 -0.190099476676875 -1.74466295423641 5.6684622650984 0.0694899351934799
55373.616162 1.54515877417093 0.358686447262388 1.07852 6.38068226 0.153451985992655 -1.11287914477983 -1.11287914477983 1.03131653697209 -1.13860634472991 -1.40719381437188 1.13770738425628 0.881438083257 -1.0107629315767 -3.53890958844024 0.89130702318263 -1.53502500601761 -0.687261408422253 2.49310667012664 -0.21997988481645 -0.16026489752503 -0.54395057712466
55373.619935 0.281991438622488 0.357755268230629 0.992403 6.379125581 0.151950497442199 0.533611820222824 -1.27936267424515 1.96806021272938 -2.76210145984863 -0.148632723087912 -0.892245614016409 2.03786802266964 0.90271304270641 -5.86566835201874 -0.124197607903237 0.15231926072811 -1.9306325981654 1.35746491734987 0.812038833831697 2.80736356121765 -2.63818658145969
55374.637603 1.08876908622665 0.473781280734099 0.571124 6.382728599 0.152715633382524 0.720779964350979 1.0666379011795 1.42369311634099 4.69348764693136 -0.599358791296248 0.998784706288348 1.16646988783587 -0.57350455192975 1.52058266680866 3.49882256679711 -0.64045119896969 -0.578537285152541 1.16830694118825 0.25687901505099 1.29832139700248 -0.44193323589283
55374.641376 0.384868969710459 0.456910355178075 2.094639 6.375512167 0.153640662420307 2.48519660852954 2.48519660852954 -0.1208241319797 4.29477244816293 1.1703641263382 0.531258556748044 -0.0601306688793402 -0.807615751462389 2.82429452305209 1.49129582142176 0.85422468747811 0.872805147498462 0.44126605043275 -1.78865312814049 4.32125953844233 -5.93997009298713
55374.64486 0.243107001810533 0.476112067743508 1.484833 6.377815684 0.152764085373638 0.528769099828052 2.59109094304771 1.87571594952934 1.58206051065862 1.54473938058418 1.33221364296527 0.68110441712328 1.27056289795436 4.76466186070716 1.78808543406713 1.01793664136943 0.173160369503479 0.756814554465848 -0.189682206709781 2.62695389781235 0.65531060313286
55375.567148 0.413159697177641 0.521717006127909 2.661419 6.379267097 0.149710361862985 0.152018203182202 -0.486212919757856 1.34541965627713 -4.65066043615239 1.27433478640843 -1.47085284855789 1.89245834543968 0.42720035580708 -1.26113043640596 -3.87998861148049 0.11294405483484 1.92995035857733 -0.380170637309157 -0.500874197483554 1.61759272699154 2.83612155212616
55375.57084 -0.896564580691125 0.477517959176761 2.163127 6.380385898 0.151566224412547 1.67490583425176 1.67490583425176 2.3619521072175 0.78016041114771 1.889896970348 -0.757289729002544 2.37990741932398 0.84350346880766 -1.10341939093457 1.60424692226561 1.83590325470489 -2.44252997392219 2.56800632336774 0.12887425542047 1.65874723702566 2.38856921788504
55375.574474 0.937077433186595 0.453643059965707 0.437859 6.376599745 0.149972087257873 1.11473301694505 2.79309043653925 -1.03005542709832 -0.033250955373235 2.75899046939377 0.0809720055913601 0.0656264311565198 -2.71499026908606 0.525511290208957 -3.24432019453234 4.06824395832124 -1.28904661408903 2.68388522930902 -1.76352883135515 -1.8542248148456 1.7167048031459
55376.582174 2.85155543887718 0.562658029500695 4.712295 6.384197984 0.150862385322558 1.77002945586648 2.82135524932248 0.52713960489913 3.9986886182848 0.51491270323536 2.81913052764505 -1.20668657225326 0.829741603703229 7.65469454053429 -2.45271706198562 2.27879077088943 2.31809813404091 -1.45021753184381 0.50074656997543 -3.07205643349353 8.78099138172775
55376.585947 2.00249977270548 0.617239389879053 0.842433 6.384374778 0.149630498343533 -0.2664842571735 -0.2664842571735 -0.24918429393708 0.55380632385856 -2.10608652019992 3.40984611071824 -3.6929290997142 4.10470540927906 1.8713932890514 -0.83951672521799 -2.0778061225201 1.76822391097617 2.63893033259368 -5.85685523300858 4.87333821938611 3.14578428357228
55376.589373 2.4029243762354 0.578811900578602 0.735355 6.383208697 0.150596908881189 1.03908134379597 -0.10581461662883 2.9733672110248 -2.19614336901088 -0.0939884230174299 0.90922220694159 2.61892501183263 -0.216690689593131 8.43218268026425 -3.64805527952575 0.941083565532785 -0.76123953653185 1.18273314250827 2.34698819202032 -0.84884871250329 2.68378354656092
55396.573172 3.12698978568672 0.406569087438765 1.983943 6.385233179 0.156516577868548 0.873933156926393 1.63071290661841 1.44404118020709 2.28661716262071 1.24859164040788 -0.38703064517031 -0.27921664163171 4.70094898539957 2.64125579585143 1.55848776616733 1.1148988913537 -1.16279845705388 0.87585138654069 -1.2625341400137 2.93443862167116 5.40131402106962
55398.516015 1.79714883936388 0.563076644447317 2.269181 6.388928158 0.155596424794727 0.801520884992419 1.06949425559384 0.42436010977293 4.70918487068266 1.08933756217243 -2.2381731071628 0.695320311513409 2.02063788742683 6.81834834608278 4.88600559645682 -1.77288262427507 2.19554504784565 -3.93802458446562 2.95271290401542 -2.19007243244714 2.38429248366178
55401.574728 -2.7986297201906 0.324046228180766 1.439382 6.377181912 0.158041162526887 0.35870559650933 1.87707643763541 2.77767591084909 0.67874533669147 1.02668577355618 1.3631039303839 0.89580727442095 3.0639710786078 4.39415365855711 -1.19748034850628 0.3204462934398 2.72384969528319 -0.38353301099621 1.61479916437929 -0.15390813754858 2.91570585319339
55402.666992 0.386186769230299 0.479733896299024 2.583849 6.381504795 0.156210031344508 0.329597473086203 0.06241215675936 -1.55340226608845 -2.19005147757956 0.864003953563572 -0.533801404790264 -0.434675752441 -2.09589139399918 -1.13682228376846 -0.0368770381854181 0.226593436395643 -0.467220537688301 0.801949507998569 -0.928777632287154 -1.87129387375315 -0.22469981701893
55407.616918 0.112222881641443 0.284544742650615 2.25612 6.379884212 0.152087838298663 -0.119466579251037 -0.044189933015471 1.26746195884416 -0.908048441510064 0.698528161808409 -1.05666850861791 0.796977476321844 2.45461164606858 -3.26110048876338 1.0048353674235 -0.164091201171799 0.48544122275568 -1.10121445435185 1.26820575338198 0.052068327229461 2.96806213898448
55409.59905 -0.00813242305489167 0.327336873477308 0.721106 6.380402121 0.153925443020968 0.166249442522411 -0.626372695916753 1.55129136882607 0.903340462711533 -1.88092269156516 2.07285007879557 -0.597152988318518 2.82942928472428 0.765686420803515 0.124970173666873 -2.07468943540604 1.51757339990121 1.04678950942909 -1.11127114256016 1.59088477592661 3.50829490279937
55409.604721 0.388199803314102 0.317113600676085 1.16565 6.380472212 0.15441135817421 -1.91326544788843 0.130755476037017 0.326940542015296 -0.258497590497407 0.558612881805727 -0.728668624915768 -0.13102416112164 2.10763694081291 0.926952677015215 -0.114096494612228 0.162418976188372 0.242661474499409 -0.711440784662448 -0.291645997400271 1.93099592554238 0.40072633892052
55413.564088 2.33758231918383 0.32828407551764 0.490218 6.381725138 0.153772237261575 0.0141883323978927 -2.23312685261733 1.22493768955485 -2.67024973321336 -1.46940754214107 -0.21792077561243 -0.11692647245942 3.64930488671349 -1.23914138710389 -1.85308044002835 -1.66474987262463 0.25380318064383 0.63247121031869 -0.7567617158383 3.03695823711554 -0.28173700413907
55413.569771 2.60290133249382 0.30676968282309 1.390092 6.379244798 0.153172119430568 -0.625121745414426 -1.96548343729732 1.25103634467136 -3.58226849706207 -0.55502775061262 -1.06063651219158 1.19335788814526 1.5010003380663 -2.96461421276636 -1.27629645596442 -0.80017031861511 -0.49565554189128 0.0162015034668399 0.24189109190442 4.16040720871482 -4.95918920771597
55423.555445 -0.220328883972219 0.364692257131519 2.067177 6.381572046 0.157082173564042 -0.0514497350306332 -0.859648173468997 0.978734346339625 1.26116214953147 -1.0705783466246 -0.231763265968198 0.585434239544263 1.28835383443692 3.34833480642265 -1.10249648070339 -0.478037823424245 -1.97474426371555 3.35048808389106 -1.86302411185771 2.18447723876711 0.86845884083801
55423.560919 -0.247593871144856 0.313039178494659 1.412527 6.382872811 0.157406354069643 1.25113666785551 -1.62725638084227 0.968811278331476 1.04032324047037 -0.946954561592393 -1.87130913038659 1.7472637392113 0.403308922813127 1.61859315491074 -1.2634451959531 -0.622848563942364 -0.529148861188489 -0.799414706954724 1.60570420516919 -0.936108262655111 3.08580987765821
55427.648781 1.80746255986537 0.363568555337218 2.884465 6.383607846 0.158216529430313 -0.514957015870107 -1.27171595795655 2.84453680525232 3.58567759683087 -1.38065231774607 -1.52164997477093 2.94867299261959 1.67470307670226 1.33184482855756 3.37914425735653 -1.70198694594092 -1.82791978803563 -0.035333536115889 3.35560046719826 -0.76049391887993 2.98304637371971
55427.654464 3.2428102270359 0.344023141324768 4.509244 6.386071871 0.157960067869822 -1.09402674765971 -2.60930991865642 2.58061920287412 -0.969647166409031 -1.42355558398617 -1.88701587706843 3.27322530188157 0.624699442418001 3.81110000335166 -1.16467475813469 -1.24701603219638 -1.40811320660813 -0.90032720615741 3.96251924966383 -0.72692177208812 0.42446966798635
55428.648042 1.49089023856578 0.359417017128036 2.27717 6.383293631 0.156717500482104 0.767314739452129 -0.43046687176866 0.85560936545817 -1.19274801132738 -0.16444997302378 0.03191561516054 0.0534539121891602 1.9504510360228 -3.13667246224854 -0.6083370990325 0.3049468927481 -0.848814008115486 1.11421219859381 -0.0881331981711599 0.70633484743124 0.70535456941455
55428.65362 1.45028872737046 0.384193557253967 0.440656 6.384297096 0.156456985157813 0.174118365602719 0.773932546064001 1.98265285878344 -0.523292231862144 0.400420991883996 0.958006534027087 1.22002288891358 0.73122055939368 -1.10363724369158 0.126544260935586 -0.076684472614522 1.8999070323243 -1.0889568190819 1.41790395520055 0.40994835191259 2.27391391691873
55435.576515 2.11267077307213 0.226142335244157 1.100104 6.382050022 0.15538488389921 0.352955155102614 -4.07796649038477 -0.184032374866733 -3.21044445055997 -2.37607886081199 -1.74407115386413 0.683034855118363 0.057546451111578 0.876987136673399 -3.47086161377618 -1.85139744510177 -0.593047119291697 -1.07404537624315 0.529195732437279 -0.171343012364878 1.89814176095218
55436.581674 -0.15147055824638 0.215721705207013 1.721634 6.381310312 0.154382588105901 -0.097865274798762 -2.59254799314979 0.706028786250318 -2.16990128986437 -1.92082360271313 -0.212155745289657 0.783398531668032 0.080133973837887 -0.42748422445367 -3.03617554359708 -1.53631358937637 1.20997622889798 -1.23803919669475 1.28853416871914 -0.370187182883596 0.072084083557707
55437.57063 -0.390565726132328 0.215286817687359 2.170292 6.380223352 0.154547217919371 -0.782413995852605 -2.81134673140475 0.854962451614203 -3.62860109843957 -1.50128458082833 -0.7320354543069 0.59038797370645 1.70061941236943 -4.48719706745429 -1.0014188117003 -1.24148280668239 -0.609741027755277 -0.752076930957 0.81978016975831 1.5724249145977 0.201176875952289
55438.575024 -0.850735890907824 0.21809000369327 1.381821 6.380949184 0.154971039895756 0.32867945725379 -0.116394074256314 0.271228078846533 -0.37101664957805 0.247924471259683 -0.542556311563911 0.403193869425028 0.378168908151807 0.727044628521731 -0.226439597951733 0.258163989148887 -0.399266606725239 -0.278651932227926 0.336289282295636 -0.463645139227096 2.9709552438989
55443.55931 -2.63239446845904 0.265562079049187 2.413607 6.389261088 0.155442807790307 -0.25639571380954 0.1050630414823 0.97608674760348 -0.0522582193614403 0.54558752251164 -0.84960999198427 0.47216712999338 2.40191253205016 -0.06576520141757 -0.03568044135117 0.38824144173596 1.06498576445719 -2.94464074890941 1.47458853584862 1.54451520269974 2.16414496830869
55444.589927 -1.75295737235432 0.265402749113311 2.012725 6.38686035 0.155285660523257 -0.157689961271241 -2.77623372454705 1.88003313266526 -4.54302044387854 -0.90557127756446 -1.43424556225348 3.09468313495014 -1.29483673575782 -2.25034932178272 -3.1141150048169 0.33204591105321 -2.11712061413086 -0.28379582153221 3.5526952138846 -0.82354921916508 -1.98367820370049
55445.508749 -0.626445036493138 0.245043175504728 2.473617 6.382010995 0.155098362800271 -0.310367327428895 -0.371928556087219 0.59370909130905 -1.11212149252391 0.252928779442471 -0.675220743839151 0.815961273109536 0.295182901983023 -1.34565019899393 -0.113425906083819 0.017404216087299 -0.168726101320057 -0.25722892630216 0.945896658412909 -0.093300785464558 -0.437040302488279
55446.552003 -0.118146440221306 0.297296419381065 0.577028 6.381490813 0.154976576607418 -0.354578609108118 -1.03371159341011 -0.38682163686675 -0.845690185382471 0.344967669285381 -2.31626733573929 -0.9072924628686 4.32860443991554 -3.47703996755555 -0.663524235910497 0.799806643828704 -1.83976179809904 0.0895061849262851 -0.718405166270905 0.46441596139882 3.94725276184775
55450.605414 0.685159942566535 0.372878684713298 1.495697 6.386910946 0.155474466196958 0.864162827723499 -0.418843729057154 1.7640738051624 2.48300467016021 -0.451232924149613 -1.08372995800572 2.25376726287901 0.08612299042316 3.52793287841306 -2.80717033866988 -0.172352306657426 2.32088296479704 -2.64031085507901 2.30381819189312 -0.12301478237067 2.62195253253038
55612.852768 0.0767218855353259 0.256775820061621 1.896864 6.390518581 0.158958702120074 -1.04299061424093 -0.861346164906099 -0.954785865607875 -0.705875475653252 -0.256982604196739 -0.825984970017029 -0.224065584852781 -0.813265755878709 0.3884917658207 -3.04234056870462 0.849152965226214 -0.637973804037634 0.161398050939435 -0.90688383870755 -0.614084865874472 1.97288446214614
55615.867201 1.88848918557298 0.231085202743717 1.314953 6.392289508 0.160631937165301 -1.08778334471207 -2.01418270243111 -1.40474609772731 0.0169584948512598 -0.93062909499063 -2.12937397637221 -0.656969804592642 0.735422670005599 -1.39270860201637 0.50848008814887 -0.72430720185451 -1.99047302992924 -0.1664641790595 -1.32581163655121 1.38962341518841 0.026633736693814
55619.873923 1.94955313713161 0.263365565680559 1.741749 6.392757606 0.160157194611931 0.797464516384083 -1.22661215004382 -0.32215764651033 0.57454171129228 -1.30333107741121 -0.14120539729232 0.29571473444941 -1.36267178656866 0.82096571552842 0.15855231163449 -1.08937627717421 -1.12538975766659 1.3367007335523 -0.58131954624619 -0.22223638027423 -0.787288604532165
55620.817361 2.17131820487459 0.309851126255448 2.826134 6.392253155 0.159936614161072 -0.0118060439975458 0.17213469502065 -2.41679588160928 1.50775422245035 -0.3005231563305 0.19480597201905 -1.99172645998645 -1.23065753069836 0.866713321045791 2.44703804670825 -0.95571787073213 0.26527310685329 -0.7124343196529 -0.90490596607912 -1.68987361777367 -1.55756953704769
55621.89168 0.617643127915419 0.253088922223483 2.403414 6.38960258 0.160010969827569 0.391590794874828 -0.971168505355354 0.813504413357364 -0.22904512083016 -0.29015366061937 -1.26028948097281 2.42986109841699 -2.42962568001546 0.480391769090116 -0.13078034608386 -0.0769968044535001 -1.36591442513576 0.008915964627698 2.7382600642962 -3.83619333793468 2.43042259259642
55625.902841 0.596893003577498 0.29536619866643 2.456089 6.389088265 0.160356572395894 -0.651166752328855 -0.454919556324266 1.32110574156512 -3.79600505362097 0.875761534928 -0.689488755713123 1.00416773653967 1.67037484185134 -1.86840925983311 0.729456787754793 0.153428248989034 -0.787832369766892 -0.703084434928341 0.918242930899797 2.72369819194559 -1.25701757165721
55629.903124 0.925472228328802 0.246620458187682 2.084561 6.391958705 0.16027692170651 -0.86933008151902 -0.643816396172696 -0.987066137845132 0.45229496727825 -0.4033052481256 -0.707073407735151 -0.247926885364656 -0.991731398362844 -1.88562265792193 1.68759032119887 -0.93382279579845 0.25645874119373 -1.36811476168362 -0.225227123186118 0.099286707588521 0.109862267942327
55630.90834 -0.616444405324066 0.265257424592324 2.347047 6.389701612 0.160805674254047 0.146544784263583 0.351497381709973 0.590243419549938 1.52792296190605 1.39941123837512 -2.84685344920528 3.3446926373605 -3.36086847824817 1.35917614008709 0.568391794289081 0.992964592847965 -1.5413103467742 -0.09676615808456 2.37900648567561 -3.37849434887337 2.79272737338838
55631.903647 -1.65310311398589 0.273086910786568 2.615074 6.388529812 0.159663988731209 1.50079290043323 1.06397244765765 -1.72936555307298 -0.60993542079479 1.4367116032641 -0.427675617849974 -2.18845778001227 1.68332495973877 -3.02288117450851 1.26478977000371 1.3594426947334 -1.46602958773789 1.24344976363425 -4.03645241113806 3.37981814828745 1.33542401852514
55632.906698 0.193697328125984 0.300897067247097 2.354195 6.38845193 0.159264620777853 0.744708385505655 0.566237988401549 -0.075822913080817 2.40815670672087 0.336605516138921 -0.778973232273515 1.37345246595616 -2.62292579904713 1.1028195824074 0.369272853153831 0.910138407897384 -0.593527076989301 -0.721419105214153 2.32446650571282 -4.65138325574132 3.50455041365563
55633.891322 -0.319235026006806 0.239403968039923 1.640583 6.388290542 0.159011598412425 -1.60290753603212 -1.04914919297175 0.875978159660658 -2.02563478251196 -0.375781763161352 -0.291665518073005 1.12170571194228 -0.253332304778981 -5.07608464824654 0.140848319200228 -0.24988720339409 -0.038334230310481 -0.89843064880911 1.07960409073155 1.65719076130414 -2.3407843723551
55634.87128 0.864125878036305 0.266648964800552 1.371164 6.389011569 0.158089818858292 -0.0848076629237398 -0.296154990303855 -0.567332551445922 -0.844798420824835 0.055273361308685 -0.256514411838704 -0.200630728310703 -0.590021767813947 -4.85028689709615 -0.600851791594529 0.562163114466534 -0.58762466897166 0.968772892412055 -0.3460721427658 -1.3930470763926 0.252255308126672
55635.875118 1.242331436452 0.27155989874808 1.231317 6.387035197 0.158383772882624 0.372528297435067 0.898397794104 0.24105081859072 -0.419488717495208 1.09422945895661 -0.17135152469014 0.68927420926151 -0.91289268273555 -2.2400857350279 2.45028987168529 0.16533460987673 0.26281374565386 -1.04519411222665 0.819582118448068 1.01908176741859 -2.62249309351384
55653.794216 -1.27155365173597 0.226623673469182 1.061122 6.38777515 0.159340243396375 0.133805046750076 -0.971676291154311 -1.29910880127812 -0.291810292365493 -0.382216973621661 -1.009165293171 -0.8071738871753 0.0133443289396498 -0.564662624681555 1.08153925774009 -0.733615925500822 -0.071349345462273 -1.92746888310868 0.20557716385546 -0.98793325223331 1.69406965040368
55659.824936 -0.783914050252491 0.278276412696902 2.121209 6.386866963 0.158401545807251 0.4664980633028 0.440732671220088 -0.171658495628109 1.48292401930486 0.884264414286275 -1.65127620047805 0.0766322091801901 1.41197509034204 1.9651448143118 -0.54798187325956 1.14506713551199 -0.513337193662995 -1.00092273161172 0.21431133923604 0.05364229886394 2.32270219227659
55663.768938 -1.06104629503612 0.503270530544151 3.154085 6.383861437 0.156020682714529 0.232284430196853 -0.435824152453037 0.0724234978260501 -4.54865571620953 1.30075599806251 -1.26246389653652 0.91709618985678 -0.53504170249502 0.39643176473968 -7.17451248203467 3.77184770754983 -1.1684656995336 -0.89660723409134 2.12170293280672 -2.48685776119131 1.35253080941924
55674.799103 0.803201803763887 0.232911188536484 -0.72595 6.38887687 0.158438189576212 0.403219914909156 -0.451885100682664 0.491863509467024 -0.204757861814413 -0.339334611345944 -0.115851385842557 0.543400488254094 0.01441785397942 -0.47898078170901 -1.64981203340352 0.381501648075062 -1.25855324936382 2.48014833133476 -1.04499746023516 0.510358185366268 0.23303822615435
55675.800609 0.226215538238414 0.269538880904527 2.372043 6.382203677 0.15985236662213 0.0154371118686904 2.79244304701577 -0.0104465882075899 1.99053114687089 1.19235777570094 2.10668505400056 -1.03012590889032 -0.0978577330152399 6.76214187298205 -0.994946474410555 0.734217040493359 1.35820699169742 2.65705581051322 -2.37856097784059 -0.919847843046881 2.92033457059872
55677.814751 -0.683276948518566 0.212935487803059 1.380508 6.387926429 0.159121245268275 1.15885485656506 3.23700622966243 -0.127581062611739 3.27206726858421 1.37211307978149 1.94924819024101 -2.21210943751699 2.8757624853768 1.22980201771272 2.03759834587165 0.804788728289381 2.56988295523994 -1.09986024995715 -1.45653867480045 1.6162782586037 2.20761298955409
55680.666952 1.86587123983532 0.371405373130161 2.39523 6.392911884 0.160152745849125 0.45765572671483 -0.30730894643487 0.43097933081093 1.96617772440871 -0.10428663106804 -1.32554416381202 1.27035129011985 -0.48030707993772 4.91188888155318 -2.50515529942241 1.66053239228073 -1.4490474527103 -1.09126398685966 1.58300888096433 0.2095934814173 -0.17093576547938
55680.672681 1.67365108023639 0.343297930357686 1.380533 6.391816537 0.160487513229336 0.457574656068064 -0.89050509627141 -0.04037946142853 -1.15635939076128 -0.70794966778738 0.20052071845114 0.42577976934825 -1.38490766750119 1.82729616030522 -0.74858683372864 -1.31658132835719 1.31395746838496 -0.85639932431819 0.42275425478176 0.02544928741702 -1.76668922104556
55689.744105 1.58102845400182 0.408440539854296 1.345361 6.384083789 0.158146864143439 2.65726622660262 2.1551301150673 0.19483292647778 -3.88472347420091 3.80072454960171 -1.32497775896295 0.43171918975278 1.03123649093435 2.48487554360277 -4.45606563358876 3.87082088141784 0.79056638063179 -1.34958395337141 0.43272863316244 -0.19017126078352 2.52916219626093
55689.749892 2.31950981180586 0.372921102262588 2.381053 6.386269317 0.159027861042266 0.242748591886583 -0.39212817060444 0.00992178654963016 2.59603978237271 -0.40477040502777 -1.27385287012401 1.33796796111955 -1.73114857743896 10.2248628267964 -2.20015495596705 -0.0379065457200101 -0.38467127216335 -0.41178716228963 0.8749160057082 -0.93960162224816 0.11601173744402
55695.662819 1.71301287372616 0.319795413013646 1.054018 6.386987582 0.157824172507512 1.21669020722677 0.89283985541385 -0.44256849447509 1.57812486369086 1.02928756861335 -1.03057363556116 -0.2638355042423 0.79578931430926 -0.315575363563741 1.03219470160659 1.35042475921584 -1.55194153263558 0.3971261390298 -1.01740513491793 0.529048564618951 2.98737117860038
55695.668305 1.14780715787964 0.329096835491705 3.050168 6.388524376 0.156949952560683 2.17239234837232 2.05423335065098 -0.910236339186 1.24275341769365 1.59899146518903 0.28547813609599 -2.28265279681388 3.01448095293005 -2.75307579975262 3.34721933927787 0.38926559006287 2.24879355849743 -3.14580113146241 -0.79636198942657 0.732271346634912 4.34904505914928
55710.713639 1.33009746192444 0.529291608489604 3.241527 6.383152291 0.158416471261555 -0.429554344328742 2.01815103884465 -1.84180832103515 4.58908102077854 2.15192872612598 -2.37021268712917 -2.30530451235509 3.93591850620663 -1.02105593776588 4.45716264434561 0.6893823488369 -0.5749200771141 -0.48560301152921 -2.96682606013476 3.13793375242122 0.12686643088992
55727.817282 -0.322704117563421 0.408754784618169 1.731294 6.387142823 0.159376038632311 -0.940972980945166 1.42308826166374 1.6863468434516 4.00103470640307 -0.44698901744125 1.81856722932413 1.6515342550032 -2.14258547604019 4.40696911633627 -0.20482532043861 -0.0472131550066901 1.62227695465411 0.244710689612701 0.513037834900906 1.42430313973598 -1.39449990379505
55727.822756 -0.610720578912117 0.414707985957211 3.951601 6.387439308 0.159924668789792 0.925007623333051 1.63288578933411 1.55655427052548 3.61530723360059 1.1840547174585 -0.770557248984093 1.80700193555435 0.309734069830498 7.85354242088923 0.61406649037879 0.327020837337725 1.85752943020015 -2.75292578010643 2.12250712820994 1.80326032021489 -1.40103769251112
55735.63975 1.58446085480763 0.400166398087387 3.042668 6.395174699 0.159069437335092 -0.298873975718436 -1.79534192297787 2.9592408402121 -2.44728086205249 -2.25365630708919 2.11011996519307 1.85147955032069 0.17849527073952 -3.08765761594846 -2.69769990223872 -1.26973548451373 2.16694346995615 -1.20165033593264 1.9573988500944 2.42326293938908 -0.93991740188485
55753.685243 0.93314692217287 0.386301347167999 2.775442 6.389877609 0.160117933869089 0.828375349249957 0.0721173199362539 1.26208939752485 0.082769422955131 -0.340881717937633 0.76787676217023 0.21226215314974 1.66937162608996 2.35839676114148 0.081069783900915 -0.782762130001642 2.10992725037017 -2.32834919171078 0.827668886155227 2.39147285056459 0.30802132318731
55754.515166 0.854984357003555 0.378220958438305 2.209475 6.392332109 0.160667136898521 1.1487718427019 0.265105817367155 0.86219390471235 1.45887238198289 0.031805622962492 -0.257196086901709 1.06588084635751 -0.19474554866529 -1.82159829905634 -0.429972732635764 0.679718261058201 -0.082389214078889 0.039281575631284 0.767324223688352 -0.16544006044011 0.93641843003805
55769.524637 2.35598224667769 0.299917909014075 2.370213 6.392039996 0.16206117328029 -1.99664385669893 -0.46353201522746 1.20862839560318 0.67357662087449 -0.63684701414982 0.00251734089637989 1.2652584618708 -0.14602265510434 1.00626284042607 -0.39122038806109 -0.6055129214802 -0.789313230677673 2.22144745362827 0.0404126528403301 0.0031749711238902 -0.27453804299995
55769.530053 2.31909117032629 0.296093800173894 3.135243 6.393725905 0.16227256340357 -0.0576248632667344 -1.47036034708329 1.78524234197588 2.19238015533262 -1.83711886344871 -0.37348405120174 2.18356059134962 -0.53847975406242 3.29911900553352 -0.0606523146800897 -1.5246998901984 -0.894463493376075 1.00612580509577 1.32458563673185 -0.16609611430072 0.96119783229543
55777.529688 -5.17737795597411 0.397114589848136 5.107246 6.391765767 0.162833093903589 0.426747290423696 1.20743515338953 0.456680298567099 2.26011503423205 0.15419416454836 0.96078200430415 -1.00830400542169 2.46205676885542 1.59634388260197 2.19458705391239 -0.0846436322242496 -0.99942684604411 2.40239698301525 -2.2601039705657 3.29990473022803 -1.18571304822623
55782.585737 0.715461918453141 0.344839315914821 2.913486 6.390376197 0.160452745237348 0.518406789558636 0.490043502316908 1.57026157576867 1.76693438985267 -0.355123651670931 0.804155555278681 0.398364512074612 1.99502087499962 2.07173912087007 1.33783089682345 -1.1113878645601 1.65003509774321 -0.855074972596339 0.989504293191879 0.33832500912333 2.45826707408332
55801.540094 0.522767455658226 0.314477831150174 2.971435 6.399639856 0.163486062062797 1.26303571361969 1.73260328778871 3.41650363814395 1.01003401878153 2.09527400684848 -1.21855273261315 4.06618109649487 -0.10727104036421 0.13062482229934 0.878643112029 2.16359269001369 -1.37136905255501 0.164410163011814 4.41476332095723 -2.88365014365832 4.45744411958609
55805.583351 2.86241005062869 0.4164829841484 3.608753 6.389477987 0.158989539048363 0.875823337389304 -1.33315337576604 2.06186817827603 -3.3334052816891 -0.99385963333828 0.82938010469135 1.71874449082827 -0.15102607780265 -1.6828761534138 -3.66057691647787 -0.59913530752587 1.66720563133549 -0.36490377022156 1.67353824393253 0.14423132198819 -0.0439518583103808
55805.588431 4.28945318770334 0.404781710710687 3.017112 6.390465905 0.15937814276455 2.16262628152756 0.75416470560502 1.84293852542153 2.81390338194378 0.03731286000653 0.1598745592926 0.73919439300116 2.54250061278778 6.78052838656108 -2.6858313244586 0.75831845563926 0.21491861470417 1.39896705266174 -0.28156264919924 2.16256439015686 0.0349802664535499
55809.535351 1.9752104280579 0.228357790493496 3.514013 6.389873669 0.158040090865113 1.52383668530239 -1.70207862851731 0.92833481795394 -1.79167211278748 -1.95326166714181 1.39837429202713 0.76511910299391 -1.44966352578753 -4.5446354886537 -0.19379718587979 -1.7536624295584 0.501454110788844 0.78551510393581 1.24398985435672 -2.75932923246876 1.66760863698282
55816.499055 -2.81596028205135 0.358516513590615 -0.1457 6.38275461 0.156778912750562 2.3942513104653 1.5176840568963 1.8567011548598 0.67858408945524 1.90602408600342 -0.95507636501824 1.81703221112579 1.15635157489036 -1.9558862006299 2.79578619672971 1.33660337836181 -0.19934755539189 -1.81605127526681 1.57568715310523 3.29727354453031 -1.10997226381747
55816.50461 -3.90863367813357 0.363336142068617 1.810805 6.38444648 0.156191489023725 0.424252623583446 0.84207397935869 1.672261306283 -0.823816324764731 -0.14632588514517 2.11610646470598 0.12793631903069 1.4018367393413 0.72185900672944 -2.65909634221353 1.23723728556448 0.96958912080958 -0.17942488343678 -0.10573576598448 3.8997417678143 -2.1720030042103
55829.512177 -0.311369808672981 0.264950833275801 3.876927 6.38559422 0.160521495274589 0.0219340025378812 1.79049791428069 1.46569733423867 2.14823628070627 0.659046978143166 1.21582454694686 0.43311404148316 1.12559089700762 -0.36914452170073 2.43205633530571 0.350944364348317 -0.408318449683637 2.0555503983399 -0.391188789719519 1.27129567279676 -0.02996188049603
55829.517767 -0.92032131826368 0.266283039672263 4.787682 6.385579826 0.160491955446603 -0.833897161234683 0.66716406835067 2.58822154562107 2.23281205196336 -0.40728557900805 1.06517383904223 2.30499207261231 -0.646682629811548 0.22274421354939 1.61242239178771 -0.0835850345298699 -0.51459601953198 1.10106803967751 2.37947876338504 0.6102194138918 -4.03723699867683
55835.521173 0.107061399555853 0.272238749890828 4.193277 6.393764121 0.162588959364217 0.315685907491009 -0.044735839423734 2.25194974626864 -0.505254724529407 -0.433550037471273 0.978501046163141 2.25251993133947 -1.21561444613444 -1.65632695886535 -2.30479458913636 0.23775875079611 1.30797929554751 -0.0047983435013872 2.36339949461308 -1.73561708295744 1.75621505876068
55839.493681 -1.01264206168848 0.254618047889202 4.608673 6.395277575 0.160907151686596 0.969610666655978 1.79476649894664 3.40923594654086 2.4105828032968 0.77861558632489 0.866972656397381 4.03459771894331 -2.61804700164708 4.78704708736106 -0.10469094477654 0.0394565624738203 1.33320794280503 1.43370676942093 2.78655534737645 -0.37430658866029 -3.42650045711843
55842.496492 3.35106160271348 0.328413333007839 3.377214 6.394830633 0.161024057063463 1.08917259665005 2.59011983983082 0.72856319347327 -0.36677305376151 1.59267929006956 2.08554922169476 0.21626595201465 -1.21963121939507 -0.23449977182041 0.31045527920737 0.44730686826792 2.59156578939272 0.89475973840052 -0.45063406889488 -0.56439637201638 0.0354901728072692
55844.489456 2.32155989777837 0.293543043062026 3.718024 6.393885871 0.158687313384878 1.68279784802221 2.72610520431351 0.79939146659512 1.651955273181 2.17563042399622 0.30939970967141 1.70528166315364 -2.68091808046073 2.81543988455788 0.054712911457086 1.91355711779543 1.00638109178656 -0.3745177137828 2.31495395599146 -3.30874570075325 0.20815107207306
55987.837059 6.0093015982754 0.46961018199483 6.476979 6.400214746 0.170056614188069 -0.162373403536657 0.0895640211586697 -2.32141426773033 1.31436635909414 0.55204560839618 -1.44340000486941 0.95682115040966 -6.26086376445985 -1.66008913471815 2.08541336039579 0.21405761509384 -1.54214672046371 0.40937307682806 1.32301111356728 -6.93848403763619 1.3484441763332
55987.839999 5.05236199061353 0.474061030439776 7.438748 6.403864123 0.171974888041509 -0.651908773050439 -0.651908773050439 -1.41046452263701 -2.12915706572763 0.849941566095509 -1.96810624801414 1.38611643762431 -4.4830229961971 -3.11645153007573 1.52662528116357 -0.30431565010583 -0.79909823624919 -0.63916073229419 1.04456097161678 -3.40901871322644 0.17217336012347
55987.842962 3.91616383117464 0.475584391303601 4.853681 6.400597585 0.168394817486651 -1.15534569339495 -1.15534569339495 0.81960145972649 0.43774390104302 -0.731777663429209 -0.99533765811899 2.47839851190062 -2.87356303337697 3.16547652328457 -1.78196701196606 -0.11881327614063 0.00517321756819999 -1.53309005333275 2.13757208157932 -1.09182800840295 1.35339777620801
55987.845879 4.80872654713786 0.463955630260205 5.829873 6.400724853 0.169697285892588 -0.735520029896245 -1.87550520643735 -0.42710292575934 -0.24607194616084 -1.20443442308622 -1.18830311741779 0.92893149768693 -1.88034642937066 2.0334635738293 -1.79263619479434 -0.49290875179034 -1.96987989639978 1.54237336511777 -0.18533849879956 -3.44622925958465 6.12625069147822
55988.84151 5.79929254064213 0.228471668584639 6.783842 6.403698011 0.169217462473242 -0.221265313427593 -1.11628518755118 -2.49808399389767 0.00819479962594993 0.0360354543166901 -2.27171417911865 -0.64819933915479 -1.88588443982418 0.56886597118179 -0.2541913344486 0.47398524762095 -2.38057758477331 0.10144375854178 -1.00570071880608 -1.46719375282651 -0.0722320861455801
55989.87336 2.93505572971658 0.246941976718835 6.871238 6.402736159 0.170477381630542 -0.00362676797229375 -1.17019275417879 -1.58379999662852 -3.25017613340199 -0.13017961958467 -0.44894952546603 -0.0901495962590602 -3.21553569912111 -0.17018681464831 -1.19787506211402 -0.12185919632344 -0.81023412925534 0.14946724988376 -0.21224318404823 -2.16667033461314 -0.619873471267081
55996.83896 -0.660765099969275 0.387481750866676 1.486934 6.396058223 0.161803787823245 0.415582697699853 1.05669023205629 -1.08794291263508 2.54495699740786 0.744392773542957 -0.535718265403665 -0.079293456498595 -1.82233240956943 0.26916227332022 3.20384704824831 -0.362709328164108 0.178867466824293 -0.304303888779646 -0.547555876017902 -0.977066364914802 0.55142573865266
55996.844586 -0.363999840934999 0.407186008368066 4.190231 6.393862088 0.162164916637072 1.20592768220994 1.09679839267278 -1.02794137309563 4.20889040814505 0.789999633507387 -1.25449715835783 -0.187344958748333 -0.560238650221785 -0.46043040865779 4.19142994358281 -0.14845905405438 0.0926928932218001 -1.66480442167133 -0.118728395843415 0.608756419982545 -0.806766320965355
55998.86114 0.0604571745453205 0.346311160359284 1.686551 6.391976819 0.161769324918748 -0.122002301010963 -0.969688291986411 0.915381597832226 -0.985590495216726 -0.630091879426245 -0.205466350379866 1.7319635409098 -1.77619362533024 -5.32733881252391 0.889289325979512 -0.324470349981932 -0.695733273386165 -0.319432870485543 2.26128512444629 -2.10066576429037 0.96873730595611
55998.866731 -0.976134937024202 0.352050940596422 1.751529 6.392283509 0.16089877181856 -0.0617742082979256 -0.257933421783717 -2.94771988738909 -0.05302195319059 -0.370886247038299 0.247304593479015 -2.36731301444481 -1.74145471676927 -0.274481562516683 -0.956070040269719 0.182038529354036 -1.02301590708601 2.01977959313626 -3.34489382801116 -2.07868607010689 2.50660181001447
56001.787993 0.743186562884798 0.297753863375992 3.34781 6.396426515 0.162912038125258 0.907666185076891 0.347932435230511 -1.30055175650122 3.14485416330488 -0.32169688871266 -0.16662857699934 -0.838584639478875 -0.929267323992371 3.33453059051618 0.775114151367738 0.48619568875909 -1.88742359665311 1.38154450415489 -1.55458149486539 -0.891793463498402 2.38590612515693
56003.860396 2.69675600499171 0.359150835594885 1.511541 6.395043075 0.161450017495022 -0.194571941078475 -0.0263448614855601 0.64124167435738 1.55595410925484 0.41570941868122 -1.60225335960837 2.44275170697831 -2.4809946018879 -3.91235706563773 3.50459282621903 -0.4369933258545 -0.39402099509203 -1.62871186578029 2.52795206908433 -2.3528443933712 2.92647479553419
56005.856749 2.30313401516694 0.332082783718456 4.529061 6.396045652 0.163239321308787 1.47040203049231 -0.26429806196042 -0.27665235929714 2.51278297744113 -0.47747155285012 -0.76990414654931 0.21134418130253 -0.27129719987017 2.10962188325082 3.55296066012945 -1.22131784964256 -1.37476707910734 0.27910213019171 0.31182764095658 -0.64915089957876 0.17483386281783
56005.862074 2.21777307565289 0.376247381499819 3.042201 6.396202549 0.163017201288269 1.52649279620169 0.76483024861456 0.19565968785495 5.52159955134278 -0.19021503635848 -0.66415875398333 0.0214981373307901 1.21614370831683 2.83534020571189 2.13046544389814 -0.51311976043246 1.00949560356099 -1.67020935642534 0.4783823509107 0.10140869964496 2.22581447913696
56008.838926 2.53018237220154 0.438179616020267 5.181783 6.398281395 0.164798441215934 0.634005082439517 0.12245595263838 -0.8134572574111 3.2951209138437 -0.57592885684138 -0.15820895237569 0.47241381582754 -2.91721820966182 -1.78601375254581 3.24575417487541 -0.59172879602149 -2.09392631982148 2.47134937099291 -1.0893484702682 -3.36093176076881 5.59021439149253
56008.844019 2.03477110359836 0.416238696716773 4.10681 6.397146394 0.164141351112862 -0.294657511785109 1.03050440718935 0.73300878505184 1.63976694513337 0.82124855062857 -0.36101852350533 1.60397345688681 -1.68164512642206 -0.0796449934336598 4.24600415744798 -0.23123662623261 -1.59972278322829 1.36052241436403 1.11193741474771 -2.42856454813381 2.66059474430506
56020.777193 3.73019997122771 0.28060754959542 4.272949 6.399026552 0.165597465437013 1.1741569280703 0.29481817869236 -1.78266872108757 0.26852036050863 0.68604714510007 -0.89224152409716 -0.89944021058341 -1.10900357121623 -2.48638303826846 0.20182153636678 0.34655997155221 -0.00956770918371053 0.29343989438998 -1.50773574253879 -1.56478599060916 1.78413079878378
56022.794224 4.12783149960232 0.310741303658014 4.543223 6.395087133 0.164447803517652 0.0805177841160003 0.15713239675766 0.667429123232741 1.38850583354973 0.57699406077695 -1.48371237707048 1.76213827093639 -0.9259621746876 -0.22963116062892 0.32083807437313 0.71274675381869 -1.09229119910789 0.10862415920939 1.64197152724222 -2.8306729493316 4.08572087708585
56025.785491 3.43485796065566 0.286213483385419 3.664799 6.39659954 0.163412831499326 1.29660179836367 1.17405646085643 -2.24068432215204 -0.0359139769959698 0.93314715248968 0.48809496367858 -3.04338049821623 1.3814692913796 1.47834822137579 0.67438830387573 0.549309618253599 -0.45016942113025 1.40799244922789 -2.86693702012196 -0.87441643602239 1.52885700424212
56028.849615 -1.93175680127354 0.271747811111839 4.275366 6.390970185 0.161882728825801 1.24377406530385 3.80054393743169 -0.35782235239712 1.70098801428857 1.55523246349425 3.70252970436585 -1.69800499629064 -1.38211962142283 5.70872475342054 -2.29180646543745 2.1656279457082 1.39251557036407 3.84047442889621 -3.05720792868012 -0.744364366920514 -0.34006032267279
56031.759747 0.694525077675149 0.385861713728349 1.983271 6.393809651 0.163045793564699 1.13262946204952 1.28731836676257 -2.58960463994819 -2.26344166276977 1.99177643721547 -0.34605036715827 -2.93382219220805 1.21988201743178 -7.17147641972876 0.844108585553588 2.81524890319804 -2.86318533781494 1.78094727035452 -3.23616767710215 0.845169750438695 -0.00530041925219094
56052.703251 -1.23775677926783 0.379333189484933 4.579092 6.395994201 0.165668431246226 1.04214671323517 0.09031352732909 -0.15590445547013 0.94900698528944 -0.18491100299718 0.0936703218424702 -0.20950668614368 0.0194779448193101 -3.08990987071084 2.31095329842202 -1.1798347281926 -0.45434638969539 2.4679038878231 -2.63803886265285 1.74602409043672 0.529657843255064
56052.70883 -1.46958150352644 0.399976484481214 5.377703 6.398215348 0.167961379454466 0.0972303822804525 0.69428355918138 -1.12545826616642 3.29228922344876 -1.49186099939313 2.74339781535734 -2.14114764072617 -0.79044715118141 1.11351139793251 0.0133304119297601 -0.73664678560908 0.68135115483128 2.64208820162883 -3.17932818139369 -0.23542518178506 0.90843656976887
56053.711534 -0.192939135995212 0.35693941598982 3.038124 6.395416899 0.168328586612849 0.017987848041704 -0.334288305728396 -1.00203160697863 0.817099447708257 -0.627953432496331 0.188665809405123 -1.0701776475014 -0.06053210929304 0.147823645750844 -1.40682597778812 -0.01256632572468 -0.435005007557801 1.71757101938969 -2.82417079128771 1.42242878234449 0.54588253897332
56053.717125 -0.819227486854417 0.364047993021826 2.266092 6.39528046 0.167651449068214 -0.691745574599219 1.33125917443596 -0.277325381476576 0.61134124432272 1.07221163043163 0.221558903072685 -1.07455850883128 1.70457206979992 -1.52688331854566 0.3486226127859 1.07338813257615 -0.0454944894913369 0.816167321240087 -1.76265194972904 0.858587265459171 2.69280724263649
56058.637692 5.1912915044897 0.35734088497092 5.339968 6.400757184 0.165683995652481 0.421308242544494 -1.47993531398252 -1.81492685999915 -0.82660056461089 -0.62077600179091 -1.29660152866564 -0.48894202477313 -1.73180077532334 -2.95683435892627 -0.4793276220428 -0.35993082205754 -0.35230399865345 -1.28387849413091 -0.96423314982908 -0.45743796169383 1.7842803715763
56058.643271 5.7912837806836 0.364178010638704 3.830884 6.397669296 0.164608656143052 -0.552398478586084 -1.58498230770815 -0.83763719189998 0.85763126627613 -0.967499002227139 -1.57104634425196 -0.80916317101562 1.7776683480153 -2.70510324764898 0.81131436537112 -1.10968915904052 -0.52159669737837 -0.74754868472882 -1.62434400962601 2.98628927681361 -0.35981542838521
56059.812062 4.92452792221921 0.352236374622185 5.203478 6.396507931 0.165180420103727 -0.844308062140914 0.64106837619526 -1.75188079335176 3.99259124028216 -0.41284504839606 0.249251220405039 -1.97689581910891 0.2548041269687 4.04804280363789 0.39734304859273 0.11309877324564 0.935376855353731 -1.82750951692586 -1.01743253541331 -0.10863480435276 1.17186054464372
56059.817536 4.90736312610003 0.335478183761416 5.330391 6.395899306 0.164261821080475 -0.749351427236908 -0.71539575075353 0.0569688842270404 0.19406111995881 -0.52086143693459 -0.474793848866669 0.427930869986629 -0.34703823344149 -0.89483581559519 -0.0729670698133003 -0.53936221218432 0.12349449444625 -0.44402834273927 0.47706788768555 -1.30262744354928 2.58528500795597
56078.717696 1.38584125506317 0.274287069481408 4.291096 6.389714002 0.16347588592056 -0.120024494513146 0.39330584825713 0.67780414260902 0.579964801564829 -0.28138246543235 1.04901139080776 0.35307920141848 -0.51598189255968 -4.06813808011338 2.06681321337188 -1.29654147742149 0.893528043692637 1.73168444987347 -0.95201247754734 0.35886599521961 -0.14560948627172
56080.600775 5.11516436680754 0.247492022299076 4.999603 6.396515339 0.164105795863772 -0.359147963785657 -0.92397061185457 -0.11141189420528 -0.82796170692408 -0.29315644874475 -0.83508782987082 0.13039885535497 0.43418889753821 3.50814641110586 -3.49681622861779 0.34515749013196 1.1264801954464 -2.35731923459458 0.66028525521707 0.70522378046617 0.56350501106307
56085.69331 -0.340084944073911 0.256004975935155 4.572159 6.399113453 0.165542451619875 1.45148841959478 3.2534949949115 1.17864359218766 0.000399322102509814 3.31825281447619 -0.126698370467373 0.712532478931872 1.3781364987216 1.30529874048775 -1.287771112141 3.43403229748389 0.0585431181016275 0.726992269040908 -0.00664515253337505 0.991525381314469 1.15556366243774
56089.733088 -0.426525153138971 0.280661708373089 3.737591 6.396381085 0.165568878247818 -0.199680550492634 -0.532267308290548 1.66602679668968 -0.427208454553224 -0.647141474279436 0.430802455373378 1.57421666987495 -0.313536243597739 1.34180267488497 -0.985537016073718 -0.158169081255888 -1.25852645053656 2.35888586077092 0.332762629971272 0.687678918707196 -0.871356149801324
56092.728705 -0.677088816882696 0.54114034221721 3.487697 6.394972986 0.165526399238445 0.516859847383694 2.50031180329197 -2.04623511884786 7.87186441150249 1.37316037279549 -1.11594896056902 -2.19421007144499 1.68309542518804 16.9826470431428 -1.44779304242248 2.09286146740237 -0.35012847222744 0.129497148530633 -2.24900764006613 0.844791274116048 -1.04727725459086
56092.733855 -1.80398582984333 0.678083153231496 5.253828 6.395837493 0.163649480108396 0.770788023815707 2.00208079061097 -0.000858799950520073 3.52180354820993 1.5357617932266 -0.48136940100564 2.1944203456644 -4.72501350832709 8.13225742274195 3.31112364442946 -0.44938548404997 1.37328617340672 -0.944378997687684 1.81530028385179 -4.41662302783861 3.4039863356147
56116.502809 3.5350679515826 0.294783957397371 4.556594 6.397908777 0.161031132826653 0.52185657275019 -1.77405348148885 -0.48557386182637 -3.9816641009325 -1.41388423092121 1.18344379028541 -1.01220340382282 -0.11537864094351 -6.35756209186865 -0.551316137715371 -1.56056315029164 0.78551185126074 0.31661465935839 -1.37368516936596 -0.23146969071984 2.82790412780111
56119.496877 1.65187108284289 0.292462279682102 4.4074 6.402369265 0.161343246983806 -0.185232745099239 -0.54648532786688 -1.52041591560177 -2.27537195304781 0.46437884377683 -0.87878675226443 -1.66542738355808 1.4478240089572 -6.41571130645422 0.65673975765038 0.79233321998622 -1.67968263471041 0.26389719616317 -2.67440507680779 2.20777376518597 2.55123171652819
56121.525962 1.43365732453223 0.30292528318099 3.309574 6.396470302 0.162346820791781 0.216636797733245 -1.04692830190947 0.0883682351730901 -0.32602125147744 -1.12365666526335 0.304623935943586 -1.22745941675666 2.9548693727075 1.69116918280969 -0.75294175155181 -0.75419401827051 0.19683304625123 -0.723005444819513 -0.354240861072172 1.1480281658224 1.60468913757229
56150.566555 3.29605895821835 0.4069252025385 3.049139 6.399995705 0.164014726608178 0.45460730505891 -1.1259552308009 -0.10450339443215 0.14489304615386 -1.60260885764006 0.86762111518064 -1.88863156304686 3.39644670139065 8.18608346080087 -1.90063928759713 -1.2925223180088 0.0985296251721799 0.71941894635121 -1.86314827609946 0.177249810155 6.33092263934786
56150.571601 2.3674667690755 0.436490056139422 2.734057 6.400940668 0.163601380813819 1.44962817726185 -0.27016918520933 -0.25166440127256 0.27032260271155 -0.409510082556 0.1495180359572 -0.26062736827494 -0.15913208841268 4.95371104465572 3.65552086507059 -2.76731932163291 0.03061153233287 1.40151177813466 -1.00327968405871 -0.81917076601473 1.21783540535907
56166.614295 0.953864108874497 0.293832035287384 5.468425 6.4008677 0.166531438286269 1.56326885281428 0.742285938597146 0.893595455642313 0.164646513642311 -0.315593709083835 1.96174748927585 -0.140167265195 0.23823928790265 2.7202511983829 -1.78583300094863 0.138153223518912 0.494193057067632 2.39096004878455 -0.75138163463812 -0.00594149710872993 -0.56591593783673
56175.575327 3.28846188841372 0.295165062447731 3.903681 6.397003582 0.160766408294203 -0.656964445851881 -2.64695325690531 3.62027612117348 -0.91951347830413 -1.68627666815349 -1.46795357705122 2.99109302847308 3.57228428424861 -5.63011172113186 0.97010328270638 -2.26954303283128 1.39861281827014 -3.70309196315349 4.64994300200755 2.84959201522894 -2.31398529745062
56181.504884 -0.0554100629542817 0.304300965359176 3.869942 6.397110848 0.165124798428346 -1.18402420338102 -0.595185707545598 0.077789930155815 -1.9428523781216 1.52552781365623 -3.24804294213158 -1.00856329802572 7.09013844644287 -0.718089409095328 -0.595275071329546 1.68113766585433 -1.33985656643859 -3.27793621828665 0.69991744874539 4.42924161978819 -0.58183548261507
56186.553359 0.840975041052937 0.293355001663768 3.958436 6.399409556 0.164358464501914 -0.27819904169152 -0.0180885810418301 -1.43927043373988 -0.2774365964501 1.36235247945378 -2.52348934245439 -3.92703431981596 9.48962645099137 -1.10288697296844 1.02786567821715 0.88700926849343 -0.15863786148929 -3.35365232158136 -4.07138673552364 11.8866916401813 -5.56137486009729
56354.855604 0.56025100507982 0.300690642634618 4.95448 6.403390929 0.165106719836152 -1.76652662003601 -1.74543176018206 -1.29666704432155 0.41400771896719 -2.1888746882134 0.673407256537277 -1.76552187443907 0.34406460826871 -4.16679194606547 0.83597589440129 -1.32317674782665 0.521816822657367 -2.27983191083824 0.0533154836529369 -0.513530172737446 1.390570248952
56357.881379 3.97275835661113 0.279309997604772 3.733415 6.406677115 0.16657822323774 -0.558160548474588 -2.07488349923715 -2.60080838890302 -0.11767992846168 -1.32172590774683 -1.39978871280779 -0.37965921689653 -3.88869205537332 -2.91751270156307 -0.30797153804638 -1.82968225750853 1.71820705622254 -2.932410971461 0.15454594744618 -1.58983061481017 -3.08903462486186
56362.828063 4.9236043124174 0.455132230640754 7.713877 6.405539152 0.167033961390258 -2.87622356662166 -3.16885810794621 -2.1516538080332 7.08998400964714 -3.07907426542221 -3.25885465650447 -1.04764724386673 1.10577257622584 3.28164276921546 2.93448283215512 -3.61339904783751 1.93261620250132 -6.84534651946844 1.22903190137712 2.61047480444101 -4.7367150168264
56362.831837 3.84992465746181 0.47891517993027 3.865409 6.405194811 0.168687855163414 -0.518484107174845 -1.7435807249979 -1.50335674538036 4.9738988036683 -1.44779602979847 -2.69663161695106 -0.27220818074994 0.16592664137297 0.87216548878191 0.72580102460587 -1.15163191478683 1.50077680859511 -5.71001408613078 1.28510920513928 2.17546132850795 -3.48090748851061
56364.903443 2.6393591743337 0.390527115285587 4.812758 6.402683982 0.166937265504872 -0.791673666541774 -0.68981751558693 -3.86990142729923 -1.67580247344066 -0.32096186419785 0.0183369431240603 -2.61420019911246 -3.0604271787856 -6.0744250258404 -0.91713400241568 1.55904805314519 0.32671459105409 -4.63704561863488 0.302128189214485 0.581392027302105 -7.88045379622825
56364.907286 3.80973482423078 0.371258573755104 5.773897 6.402596095 0.166611010722189 -1.0181007207662 -0.4111886311034 -2.11106357353465 -1.10750261106687 -0.62232423869567 0.90089636606403 -3.1662742018059 1.53928821062045 -1.48527918209308 -2.27027431043904 0.93486841993949 1.65710205966549 -3.9957607291141 -1.46929339179935 5.02103990589765 -6.0212190974542
56366.863244 -0.999456728350345 0.270848366931359 6.74576 6.403683853 0.1659935854397 -1.06287220401215 -0.378402134497323 -3.98036020429762 2.94224943106725 -1.375547265289 0.554005676950956 -3.79566082491895 -1.14275465664055 3.18842642274476 -0.364199292074112 -0.582223551021582 1.153358107645 -2.08515692835575 -3.53500657688348 2.98607781971748 -5.33854953131878
56369.813488 -1.3201212169285 0.278145238351147 4.648869 6.404869847 0.164729124724126 -1.51748562942476 -1.86586641751924 -1.27252353457446 -0.515418214522057 -0.086318896607198 -3.23218610865045 0.98693175879708 -1.72866874422351 -3.82094415102999 -0.0483613305918534 0.840517471861411 -3.11231203769391 -0.88511899194796 1.35159602502056 -1.82916053694721 -0.3002772145648
56370.825751 -0.176877327208047 0.260865174843146 3.71676 6.405141417 0.166242409967607 -1.6562222443294 -3.49153239082776 -6.19958902140669 -2.91314667852684 -1.77568411738773 -1.94856702465145 -5.73884772632921 1.19198415070376 -3.7798362342366 -3.8626573994682 0.00325654074882986 -0.785728695165939 -2.68259369265271 -5.28890524702218 1.72574325505444 1.40338453049489
56372.848472 -2.16153194445337 0.262629927611217 3.396095 6.405575951 0.168545883061891 -1.63519861356623 -3.36398676080111 -1.23282979011114 -1.27362149057573 -2.54435816587233 -0.9954572514468 -1.350125715996 1.54336597571659 -3.58518640816788 0.67618831800063 -2.45234954560609 1.08222975631674 -4.74352958010316 0.43631797626892 2.9004898816382 -1.77024736723177
56389.848504 -1.02908897094891 0.292761126853129 2.741931 6.399477986 0.163684838094938 -0.764732681397696 -0.674174486004154 0.645131843486758 2.96074159012178 -1.24936354508447 -0.30330049878317 -0.39507718955444 2.98518657082598 6.13474042345368 -1.26246025010982 -1.42470335217975 2.9215586485523 -3.64508549826428 1.48729705862664 2.2778585696824 -2.93841851692215
56390.920413 0.425173881095875 0.43832327655602 2.652708 6.395284345 0.164086595476549 -1.60615835863092 -2.52741886579784 -2.63427248332321 -2.01138886023358 -1.5751298218752 -0.920771034451597 -0.813046315029303 -3.3491628926406 -2.99610472491683 -0.0438019004447701 -0.63713121142285 -0.55973896590349 -3.74896373467922 1.506394536901 -0.901133567455225 -4.93233996190657
56390.925992 0.058750269216546 0.436452889521364 4.331081 6.39642508 0.165099206857837 -0.108164400187329 -3.23495033002212 -0.522135530753291 0.3770807694966 -2.6285737885049 -1.388462635732 0.782280538441827 -1.51951811605082 3.04652071304391 -0.1575046581111 -1.36757128944176 -2.44044713847294 -1.48679442909105 0.84247652263239 2.48575593383522 -4.21714833050809
56394.796965 1.73122281804655 0.301407661444847 3.923463 6.403470164 0.165863650616427 -0.819679559445957 -1.35047174137244 -2.55002652534623 1.7366692506555 -1.80882887173874 0.055431319155 -2.52471900742524 -0.129591313059217 2.03958581196928 2.18101759719748 -2.84764921774651 1.16333966579322 -1.33160324953471 -1.92029030166116 0.796155690803603 -3.02801311899858
56398.712534 5.61228491064989 0.447362462307643 4.597889 6.401664452 0.165074758959869 -1.03165805209027 -3.96427367263552 0.0463131957416394 -4.92104018433133 -3.08147429099457 0.43064236937658 1.06080030865259 -2.94250178100493 -6.32750869749814 -3.02336344793657 -2.26116013162547 1.62864440780958 -2.88921030566302 3.77029920319193 -2.67608140365905 -4.68948273533946
56398.718055 3.20333430665006 0.451461186003522 4.76902 6.398350753 0.1639517327998 -1.86828463076731 1.41843916945542 -2.76987684303349 -4.14656018520077 1.74455280368357 1.18328026297862 -3.35178176857757 0.0380896033097902 -0.15915125197922 -2.94059227785082 0.91887104630433 4.89493635012851 -4.28338820729549 -1.72975913748333 1.32526217515963 -2.86365270804397
56416.767839 1.28022315580242 0.345541168679549 5.363606 6.402620787 0.163925334229234 -1.0056572753211 -0.96527995631554 -0.888949654490505 4.55039017660485 -1.35234706722375 -1.36025595479004 -0.899626672524521 1.63587555424461 4.92270584830874 3.63133080132756 -2.82759716488877 2.37664703727512 -5.18718414647334 0.3800420856487 4.18864085394669 -4.02623319520433
56416.773314 0.886819524716443 0.339666518348244 3.812229 6.403937382 0.163137206636916 -2.59530332358085 -2.48550141307568 -1.24725015771394 0.7977495080405 -1.45265144324278 -2.37914409135298 -0.995990439890626 2.26130853072212 1.31795006219355 2.03477286021463 -1.69582737949766 0.35968448005421 -6.0609110291719 1.27264784615002 4.17929898836183 -3.79136056752832
56454.602963 1.93719946284617 0.301339223139061 4.011408 6.400724098 0.163688788279283 -0.490422038331843 -0.36532986107698 -2.95918350235271 -1.94917586989109 0.87957385752846 -1.49375668179396 -2.29502610400657 0.138565025387813 1.46097129683848 -1.97733546721188 1.90338454088209 -1.64766008168205 -1.27008556323413 -2.24894227787551 1.72083991007763 -0.885126373792718
56455.587287 1.56920775212908 0.460420420534878 5.923264 6.400934756 0.162375227044708 -0.804650806293184 0.10441820289261 -1.45613259667376 -2.27807920297673 1.98705011499537 -2.61123689205676 -0.647852936047611 1.07125012691509 -1.68251241506994 -2.58624797141388 3.84283022108874 -3.01121155133999 -1.41488712491089 0.263093455810107 2.22744018822564 -4.7620403637186
56455.592877 0.601982239387461 0.493900542313859 3.525221 6.400534118 0.16484825396144 -0.162332044059019 -1.29738162404938 1.01322618686974 5.42290167973864 -1.36999190615861 -2.16678370588413 0.611788237928423 3.49405537630497 6.11525277270841 1.92210361355752 -1.23273168138458 -0.874813865336141 -2.28812200422028 0.09260643340312 6.45571512645418 -3.24441883022085
56458.573052 -0.986099395162963 0.346332400197034 3.426134 6.396453821 0.160587312799415 -2.12156680425571 -2.11024692720638 -1.22291447939564 -1.14237330695724 -1.67868282867661 -0.31619261697107 -1.51743063316349 1.11308935397857 -2.37015904287101 -0.660668683506644 -2.30238503669006 3.4206993195744 -4.70298263812699 -1.13831939764968 2.5749013696147 3.35236869204575
56458.578619 -0.934903160649275 0.376336036432905 4.055091 6.396878607 0.160458656510256 -2.6117418586053 -2.28989935814222 -1.86156199891827 2.47265844202359 -2.17857654282865 -1.32436109506743 -1.76876735334756 1.32923583410484 4.81965206788152 1.09935374535966 -2.6461896957823 1.28519297919048 -4.05674541685451 -1.10134026290703 3.10280572453555 -0.37084553901933
56468.709754 1.45145439709198 0.249467155714326 3.847165 6.399970268 0.160759981068353 0.211370804957749 -2.55534040286348 -0.7956331760656 -1.01180838143449 -2.59790229352659 0.489352407915796 -1.31469648698241 0.737330662307274 1.95002823350822 -0.49773828653535 -2.03147026928195 -1.20394013610324 0.998643152902923 -2.17931046651988 3.69171823673363 -3.80988382007552
56472.639719 4.96762400806423 0.433735580779847 5.144421 6.403653539 0.16387800550788 1.12395705929288 -0.78031830549296 -1.5171673053959 1.80132834136142 -2.28175810586384 2.10796971872927 -2.06114744251551 -1.16796724297513 1.92690536232735 1.44026737114632 -1.72684975465808 0.88962927827764 -1.26558138270707 -1.19614038051227 -0.86929597756964 3.39151986222224
56498.551251 -1.62597867388864 0.391083562912886 3.95977 6.402371077 0.160453007426329 0.171519084774095 0.59810942461133 -0.91121459858036 3.51178189190822 -0.4458652172094 0.41639283080361 -1.33196281276016 0.54804976048246 -2.17377861836478 2.38335049046166 -1.98627372971368 4.36281599424256 -3.47138089349793 -0.62150064312717 1.35306785921689 -0.75713208164912
56498.556794 -0.979641064857428 0.388419052041173 3.282985 6.399812095 0.161635232748766 1.19109270794959 0.953536626412672 -1.10858658702612 1.31552865640619 0.676234280344282 -0.061024131258052 -0.85285867033229 -0.56163265506749 1.18062594129868 0.50061188314169 1.3303095968942 -1.74682195235199 1.35856386698851 -1.35128191526418 0.30199506320644 -1.17375753090207
56525.50046 3.29796162092298 0.259445665592846 3.939912 6.398588608 0.162837146676408 -0.385415638690884 1.01114518688285 -0.34377962561019 0.00699427573793976 1.37139194154052 -0.70453773640048 0.56247686493391 -1.46708360901605 0.4566770872185 0.22692920722626 0.7532914542754 0.57033840003804 -0.788197548530881 0.753219064594481 -1.61015095868878 0.0528760057834101
56530.587877 1.24985736485784 0.356002229712441 1.36285 6.403474572 0.162205437402793 0.404856681584076 -0.0435557990554321 1.48175932855096 1.14092452724253 -0.226491169471229 -0.151567446500872 1.74595761307675 -0.47873800595616 -0.288886132447915 0.268635894329615 0.30002206516005 0.85781570661373 -2.95597404543982 3.53428780478212 -0.35274548084586 -1.17270595187007
