52942.566538 -2.68202889039817 0.399797811243591 -1.50905 6.237656253 0.165506386580211 -1.24976902869397 -1.88709617917853 -2.27354271436813 5.43427489383248 -1.96266964950155 -1.88847852323362 -3.3632890179989 4.47632583523361 5.31862525454857 3.13257018454789 -4.03236695935089 3.0828898910245 -4.37535035612119 -1.86368542687393 1.14812938945928 3.41417384382272
53153.854931 12.1379969101679 0.450218612032952 -0.99999 6.23606761 0.16493563147714 -0.257731168461105 0.263968149038401 -1.3185390982022 0.457606850241499 0.1388404594333 0.1063891320756 -2.75271677088899 3.05377075466419 5.93637665874883 -1.1563880955158 0.495630131911799 -0.2107661082142 0.323909347112901 -3.41512121162729 4.49029956019969 -2.2230370531314
53202.696446 16.1101047240833 0.545001279281021 -2.03832 6.244796934 0.16213433493304 -0.347669199747155 -0.2592555654258 2.146271433582 0.3082553117084 -0.156249334966001 -0.297463413703399 1.7903753329445 1.1100435798738 -6.3286654671459 3.7926726903652 -1.4216190093857 0.508336971517801 -0.997865810278501 2.7980197019895 -0.812766706880698 1.1871411163076
53204.674493 17.8273914966397 0.40282787939782 -1.85992 6.235209 0.164546407978467 0.0495006401525201 -1.7377380254145 1.2980125632586 1.6360391546823 -1.6011550378681 -0.8060201152588 1.7888594595881 -0.173562885683801 7.4234899822862 -1.2909156955886 -1.6612764335573 0.5876974838765 -0.805782882450501 1.4537807462789 0.575048582280701 -0.593497935745702
53217.711806 14.6500887180571 0.515477667782973 -0.29776 6.23925195 0.171452994412222 -0.20621960146312 0.916771418142002 0.849272553868898 3.3755209677634 0.989123384111199 -1.120951206915 0.905590983246899 1.0879220299383 -3.0779881182668 -1.4500135302033 2.0147792176792 0.315053203384501 -1.9598893547603 2.3409451619828 -0.220914482709301 -0.8009823541834
53229.652032 12.5040466442891 0.508910790255891 -0.48481 6.247830094 0.158606594822612 0.442171378151417 -1.3836103825259 -0.0410034762371012 3.341280744198 -0.6928422236443 -2.3144781492385 -0.9291071260326 4.451432303176 -1.7870727992958 1.0352660130885 -0.7203567903051 -0.0308265139367006 -2.8346644643658 -1.12022746192184 3.49189624249134 4.0708908651986
53230.685597 16.3376241675304 0.447621835310729 -1.21539 6.239730225 0.163116212564344 0.582099384182955 -0.384556118084301 1.2244880656466 -2.7813034136701 -0.0411583415137002 0.1258716304209 -0.154912471050999 2.8540808115638 -7.9678091220881 -0.518695726804602 -0.274577292918799 0.3059463391472 0.4536428249108 -0.795202650085599 3.7016195136986 -2.1196735317881
53232.64333 18.0677850554736 0.883220588909293 -2.41609 6.246779572 0.158551987989575 0.756783831665214 -3.4063655027277 2.0663317039822 5.3479400306977 -3.7028836284173 -0.635403758238802 1.3145615032805 2.2906043344845 2.3050862308159 0.2908868535973 -3.2141186273698 0.808449150307499 -2.4867824956952 3.2323226167577 0.6671588614883 -0.839775301938602
53265.562608 8.37986046275805 0.361708240065531 -0.20533 6.236757476 0.162539661851048 -0.802780748581162 -1.51084708951688 1.87956916509416 -1.04186454849433 -1.74003380683285 0.847257862089331 0.717390217828269 1.61997978299694 3.95206270343865 -3.17657494072886 -1.03328250002881 0.80429876853785 0.21967786239553 1.35622411982928 0.0759908097087099 0.203119840559449
53266.546013 6.32821824599313 0.501069249699376 -2.00415 6.242534603 0.164472024388873 -0.462075509654197 1.06531073246195 -1.47568949904933 -3.88591581530989 2.36956920481842 -1.35698261074385 -2.12251992044657 2.95045877122498 -8.03827290861089 -1.01866651570727 0.86287828869172 2.60189370713264 -2.32033910074971 -1.50769508426782 0.84712310851018 0.81070640917475
53268.575294 10.6816442181632 0.44032501968419 -1.88293 6.246999245 0.165326568491695 -0.387240267278558 0.812752179262599 0.00129814570209952 -0.144200214170001 0.869974094999399 -0.0676954692852991 -0.3908895229011 0.937098014162299 3.29258332057623 0.31374234583776 0.5154830062479 0.4520021526778 -0.7798986373865 0.513222347730101 1.0634275435697 -3.15562094611332
53269.579923 11.5322075992674 0.834077849395861 0.500871 6.249659398 0.169919560766967 0.063502764518186 4.54703579743273 -1.0397085602314 -2.11544191819871 5.13086046028041 -0.5753853740261 0.864487493617599 -3.49078176869219 3.05930249584586 -0.293233017545361 2.99131005935799 2.3054118790631 0.0913551875591008 -0.290412644868599 -1.3865099428265 -3.14960421719901
53271.545202 10.4259930770219 0.584759217793305 -0.90952 6.248540865 0.168043435309681 0.0111921955876196 -0.133787189655401 -0.2010836049198 1.85159567483647 0.6625312715062 -2.1461677242535 0.0768471722245092 1.69866785057219 -4.47592364731129 1.36460187920689 0.173328448429499 -1.30217910222941 0.60819861116231 -0.860645400810411 0.210339735227361 2.34440627853345
53272.552261 10.0966927379331 0.586950283628806 -2.57024 6.244036971 0.161444116860153 -0.585989582404546 0.76560468160549 -0.833856250805949 -1.96009958665862 2.25038764538192 -2.37211027582784 1.27705813822974 -2.02694597203025 3.15914707380418 -2.98989437663896 1.64954906205126 1.9461261764245 -3.46999629542215 3.35692424803395 -3.76407313219078 -1.68417340130993
53273.566391 7.72932513363664 0.431639468217581 -1.48065 6.242589002 0.162406836707534 0.37456301864382 0.16438810919595 -0.51147733338793 0.36821893235413 -0.98378619718964 2.18786182460571 -2.61288611210911 2.20041036128164 -0.25400978786668 0.0161908370279003 -1.66589463059801 2.40535955482865 0.77527359456653 -2.48399504708053 2.81222757723813 -4.0628628915543
53274.546102 9.73035470354154 0.564727345140069 1.844565 6.244921337 0.157005641556726 -0.475276179968551 -0.62513727429252 -0.562971577531069 -8.73326783809386 1.01352187531936 -0.620995184214289 -0.379141099338701 0.273333826910701 -7.9003423312471 -1.32515507431485 0.314161922701349 0.6330075889278 -1.69668866226455 1.0079583773441 -0.78072846978378 -0.892642839162081
53340.52541 -2.43526027388673 0.414023214284113 -3.57194 6.238416782 0.160873464071038 -0.472838619218053 -0.72665364779637 0.86372292782358 2.77316275646744 -1.28576715947115 0.19176280736866 0.0123424905207798 1.66730091650513 10.4544731422056 -3.50528619701436 -0.44095020334942 1.53879150142201 -1.21142060129214 -0.0105991405422401 1.59211747652479 1.07719236825736
53465.899786 -12.4764683059396 0.405672960494032 -3.07114 6.236940601 0.157647169563312 -0.4549792270483 2.1742361422954 -1.115267517846 -4.7009658755878 2.2878311964897 1.4748466267872 -2.4124348633526 1.2222247462235 7.2056351125168 -2.798011244716 2.1163861564037 0.454627687099599 1.5582453762185 -3.4892283664169 2.0640328492099 0.110582169583902
53466.891813 -12.2970906671733 0.55204341918234 -1.02155 6.244453235 0.161210645733475 0.716286573422148 0.672024671841701 0.7557276637041 -3.3270841574216 0.887867136554 0.626733431531399 -1.2276904606482 3.64520214063319 -2.6102599674697 0.113622328916401 0.979424849375199 -1.47101436157 2.1238820746991 -1.6987281883372 3.31390557506927 -1.43416960235957
53468.868481 -12.0627077187284 0.377762201882533 -1.2204 6.238409347 0.16170830216721 -0.00909275603240412 -0.2906008702551 1.0922820961701 -0.234199373222701 -0.6425669056273 0.808679983814599 0.861765973552201 -0.416686731796 -1.9621855218408 0.3501560392752 -1.9244109986853 2.7882182663786 -0.637757516535899 1.0796088251244 -1.208611269825 0.553048959178701
53484.876716 -13.7094930554811 0.417432601880097 -1.89206 6.239168272 0.16080263973047 1.32186582561677 1.2975137226877 -0.2242421327876 -2.8917716054579 0.556941881066399 2.5672957193698 -2.4666035637073 2.0416884473902 -2.6745474764738 -2.8952795027015 0.748745739855 2.9476740948977 -0.1765033156586 -2.6583768636104 1.4158837583457 3.2140627059548
53491.869121 -18.6322453197833 0.441156712170758 -0.37121 6.23719737 0.156869444086993 0.0712380292220034 0.650760482886099 1.1182103536047 1.3986691073215 1.1178839564136 -1.4101633311916 1.2018171999743 1.3888573528137 2.0176093465172 -1.7101049871986 2.3395826094388 -1.5162396776473 -0.397651533626998 1.0346073540448 0.868569067839299 1.6833327663305
53492.857713 -15.200604995747 0.429495408290934 -2.74678 6.239305288 0.158586821202415 0.648442625554279 1.7893064467003 -0.8353644972675 1.7696677217254 1.9673082425128 -0.974499931006601 -0.559854597979999 0.486883744908701 -1.1328147114986 3.9558199977078 1.2311517072748 -2.8797422368247 2.8240941768365 -2.7128221802013 2.6040256808845 -1.9175531923092
53511.864985 -14.3902444018615 0.500804480138777 -2.02571 6.238827081 0.171821434181917 -0.0307735416665659 0.700671860087999 -1.0547315233739 -4.2429258080716 1.5182208221364 -0.2238647651092 -0.3361696878953 -1.3184050491267 -4.03655357092977 -3.9905235091368 3.2050415029591 -1.9550259560045 1.5026063232033 -0.362503856095801 -1.0442952997181 -1.7261043532895
53542.716665 -14.9484467300733 0.463155089467817 -2.71354 6.234957828 0.168552791172571 0.770747918570257 1.454141132477 1.0496213883335 0.858836882176199 2.0977709419827 -1.5730586345733 1.5032887564274 0.740608166146899 -6.9592364940855 5.0656334197424 1.0267847484174 -2.2084293655635 0.7568055456995 0.670430396020301 1.7177769653997 -1.3040404408839
53543.722061 -14.5745851424551 0.514635766540638 -0.74311 6.241290498 0.166006057410835 -0.394032648826414 -2.0137814204401 0.8545696916766 2.4931805897623 -2.0087192380461 -0.8318913792413 1.0915229248366 0.394790603508099 2.2497490023555 2.1632345797123 -3.3925843591664 0.253895017533701 0.8367310716101 0.8530035695925 -0.9830988604913 -0.381353726545701
53544.774933 -14.5116221029529 0.49218634128176 -0.76333 6.240231255 0.166989159839308 -0.707902004647672 0.0869604149368985 -0.4180121275487 -4.0520650811256 0.124501200465399 1.2815823625358 -2.5655959805549 3.2988471618091 -20.4662331244656 4.2006420761614 -1.7186298985543 2.185089341591 -0.9383757201789 -1.8118264254658 3.5219194940643 -2.9961569634108
53545.8216 -13.1663538239011 1.08244190818836 7.115139 6.244453378 0.150424341325895 -0.0865274164429197 2.826126826603 1.9395390895164 3.0966923320897 5.0475044753424 -5.1736982135245 2.3464505150612 4.59319322461054 22.6242304137531 -0.451386933938499 5.1561917609355 -2.6162914576996 -3.1595088257038 2.7100868673964 3.0125341099709 1.90464782062473
53547.750346 -22.195610258838 0.526807218370837 -3.69128 6.243785456 0.169731412974518 -0.922818631729178 -1.1697834462419 1.7495523265196 -0.958221532959801 0.1283089564769 -2.3012917391343 3.3286574387165 -0.927725553566102 -3.5887801571537 -0.190976028131999 -0.00252230457080316 -0.417783619511699 -1.9757050600403 4.959475939459 -2.3955792202104 -1.764488764768
53549.820477 -14.255756221423 1.28026130532582 -2.38412 6.242076791 0.164601612682839 -0.170906793078114 9.0563388587648 2.9800449646618 21.0808249615764 5.3149097592059 2.1340703769293 1.2680737653243 1.47539721646405 3.4960939120963 15.9851234968042 1.6473310879004 2.1075008715771 1.8150207219727 0.3254074306644 8.84596104574182 -18.2319660046697
53550.694522 -13.5861834984308 0.556362105469361 -0.91566 6.238857038 0.164901677947103 -0.170906793078114 -1.1799417032644 0.286536861407001 -4.93424629813139 -1.13516930505 1.5207193384322 -1.3484437404238 1.9071541702553 10.3869533172889 -5.10484361578184 -1.4086979084742 1.329056155919 2.5715506203262 -0.8567076793403 -3.8703027270321 4.8394154516089
53551.725232 -13.2229430244162 0.660387852043824 -2.08741 6.230560366 0.165965627257461 0.0387667568068714 2.0548967709899 -0.895961498226601 -0.447836090582301 0.768940555201201 2.6918367548268 -2.5140795110677 0.6186086777989 11.9091024971987 -4.4833371735659 2.5044122111568 -0.0105333815109994 2.2892559549722 -1.3707424025899 -2.8104011756136 2.2874849473726
53572.780122 -13.2942098027318 0.85892217304176 -3.4649 6.243481067 0.155757403047054 0.550096502379704 1.2075251015699 2.5495648003587 -3.0313683015202 1.3739691838939 0.5068663463887 3.6239843263208 -2.9011078781364 -5.4010528658771 2.8568531890641 -0.289864293587501 1.6272001666235 -1.218804257632 3.4547113957241 -0.847142040006899 -0.719981707655801
53575.703968 -18.8952033450066 0.426557817976253 -2.69524 6.239982298 0.17226900263508 -0.561217040784975 -2.5562879142087 -1.6597410501744 1.7744834119324 -1.8315264161823 -2.0555151713158 0.123261450538401 -1.6818910608324 -4.5935671799896 3.0117400963132 -1.7107355103567 -3.3269023004209 1.1710999571978 -0.241220917049599 -1.8489358236412 -0.0439156408701997
53576.679569 -20.7905547607215 0.432044461813407 -1.29742 6.240795448 0.167526057602068 -0.404869060408975 -1.1908031477037 0.447162441180101 4.4021812597822 -1.2415166957113 -1.4077915811463 1.1524874042118 0.00033227309410222 2.8592769989021 2.128650652003 -0.5802485726953 -2.5581678783621 0.2800870166691 1.1115346794358 0.477757890800699 -0.995601985333401
53577.75843 -16.3368285664326 0.478090255390651 -3.94563 6.237991392 0.161907737606296 0.539494023344178 -0.780960436101701 1.7666107570568 -2.9551592906447 -0.2931126026069 0.0192892830383009 2.1577829829279 -0.8855042803022 2.7292016716456 -1.0400622281252 -0.636299141915298 0.9925242561403 -1.4899721182473 3.7793465123469 -3.4062038045741 2.2725299970426
53578.732698 -16.7170977375644 0.454837457288112 -3.28349 6.240351356 0.162649124932898 -0.499311689867602 -1.1830628327821 0.129918960194399 1.3407595073169 -0.932395913147001 -0.943593487106099 -0.0120664015935006 1.3480033250547 4.1625187303969 3.2648072820754 -1.969813148794 -0.9186597071782 -0.126582769261102 -0.075587116379598 1.7332433857741 -1.5796308436616
53604.656698 -20.4304825178074 1.91673131451695 -2.14853 6.245475564 0.143208777310002 1.83057537905064 -0.006128399282602 1.2571314324596 37.4123301103621 -4.5380761022022 0.4881055508726 4.1761297692933 -6.5258233237082 20.00782264785 20.7789436502016 -5.949434764815 -11.2817200562778 18.563273774245 -5.2836308003208 1.8355299198796 -10.6327710902968
53606.679309 -16.7978004344087 0.654213285611689 1.332905 6.241670574 0.15565000668531 0.176083097975542 -1.4473329763305 0.0905212867414988 6.77565608773 -2.4790930832712 0.0721896345004005 0.3301636722361 -0.6022180797023 2.4143082093511 0.794704541347999 -1.1031078336532 -0.9446394464929 -0.257759126126398 1.5884788382285 -2.7046057508048 2.1485199802089
53607.63178 -15.7057020588153 0.437991794779863 -0.26832 6.232912091 0.172031389742674 0.625405989510755 1.7467367824769 -0.776966984409 1.140157802892 1.6054471917016 -0.102280949992201 -1.4984028003534 1.7114228422954 2.1949737458064 1.3329800404178 1.253938071731 1.3493804988504 -3.0099149199868 0.6846282131704 -0.162819998342199 0.6943109159884
53608.676375 -15.5108628739906 0.38841417475289 -0.21541 6.236570851 0.170305149654343 1.29535767192706 0.990709864744298 1.019213533685 -0.0879841765783986 1.7355024465181 -1.4713559505118 1.2314237223875 1.1642864909572 1.4726322876718 -0.429110873870201 2.6848038649148 -2.5809404041075 0.2433181439586 1.3392799826882 1.5690632395374 -1.9792201029236
53609.609008 -16.1769904007647 0.492066918423822 -0.42136 6.236039757 0.164617780096369 0.593405476293092 1.0533677686926 1.0665945014283 2.3665318515496 1.1675402620901 -1.0312541071487 1.8561867579101 -0.580342060628199 5.2998246630545 3.1471723841122 -0.2357865695797 -0.853337446281298 1.1543730256457 0.437237929297901 1.4496026805451 -2.8128418951565
53668.533521 -19.4835068975351 0.550213291598927 -2.51098 6.241171166 0.176772573453818 1.76513555235985 -0.3849189653758 -0.793699658563 -5.9871932214738 0.0971785269241998 0.935476265055801 -0.439794248920101 -1.7677557118369 -2.7486627009516 -0.137073138281302 -0.508726091728601 0.624395783912401 -0.354908349234002 1.045202715657 -1.6373462710036 -3.6776919357905
53670.587354 -20.2806723520323 0.578229124423576 -1.64379 6.242036559 0.165961128983866 0.185568206521976 -1.0866632622661 -0.514799614447899 7.003183109606 -0.143811574847803 -3.9059039230126 0.536052038364698 1.8669544237441 10.6200859669772 2.4040905537643 0.6562278464462 -5.259815927703 1.3141280592517 -0.227128004466103 1.7568101753439 -1.6014755113183
53671.572566 -16.0592867769682 0.479940183964197 -1.78321 6.241330798 0.163532524343292 -0.539447831141213 -2.2439585695478 0.6947140845408 2.0773804928354 -2.0822419457929 -0.981178923930798 1.6083257982159 -0.938766362704198 8.5371265925687 -2.0176913535756 -0.215387229282401 -3.4166981789235 1.8477775754597 1.7226366605011 -1.4167041258935 -1.1427016353138
53672.586354 -15.9269500329299 0.485259177149053 -1.73856 6.244283069 0.169356977943569 0.108075562944328 2.026738957022 -1.02607510283 3.0224826721834 0.465440339211199 2.094127594336 -3.359643261358 2.8592786325521 -15.5777564945571 2.8412978209646 1.3448795715042 0.0190595179326003 0.6693658108245 -2.700115919645 3.4932299112108 -3.2074692155855
53673.595976 -16.5420677042498 0.553005572285832 -3.33039 6.241387347 0.170639130878992 0.857795614966656 -1.9362332853538 0.344778260809598 4.7814149606604 -1.0092966977499 -3.2779984009675 1.6946620085804 0.5444799048913 -4.9547727089466 1.4919404766617 -0.182832430904901 -1.1224084362617 -3.9168996581996 4.1871269724401 -0.664234620390101 -2.2630838725412
53674.558876 -16.8137995925217 0.390318501189448 -0.89927 6.234134317 0.16610734590285 1.65022711149239 0.5004510069787 -2.1424396828257 1.1234196302196 0.630881808110102 -0.677362972867799 -3.049660490521 2.8262645867763 4.8027538883824 -0.2104117178698 1.1790642265751 -0.813787119014901 -0.934280676602199 -1.5649485813727 -0.434096880568099 2.4920107607927
53675.599319 -16.8838324630105 0.444415914164224 -0.15952 6.236027472 0.164572008764235 0.508377790969901 -0.608602203109999 0.0898661634189004 -2.1522787698889 0.0465352983920013 -0.573854553492403 1.280242753325 -2.0489451128738 -1.4637130647299 -2.4271836976419 1.3558021827923 -2.2642495184603 1.563245666925 0.3218503380829 0.727110306436 -3.873733798595
53694.500899 -15.8238532355337 0.617603555454473 -2.04001 6.236257229 0.150963505120272 1.02299674120304 -0.121562509548799 0.629054910554798 -2.1801426337232 -0.3449182860587 1.0724816959341 -2.798417671025 6.4010659863001 -9.8865885939978 -0.187660803053202 0.192494967277 -2.5398436316577 5.0955015722996 -4.8114438483652 4.5906392002611 1.6284678120631
53694.504764 -16.213762377836 0.623826580326083 0.376614 6.234478777 0.143901905573757 3.6546658502413 3.6546658502413 -1.0224114911549 0.2209771643181 4.5767619968724 -1.8797322892089 -1.3586416452381 2.7388638349924 1.3115505348736 -0.4391956558913 4.5334797968293 -1.0073757292815 -0.292848172333599 -1.2247042228986 0.642991939578003 1.5371147976708
53694.508537 -16.0460402085984 0.608954994130695 -3.38357 6.235709078 0.146239364110639 0.872898447642592 0.868808017329599 2.2498607048977 3.1857870685685 0.4431814956334 -0.0971852057274987 1.809531695808 1.0588600532662 -7.0806344103262 1.3724270209859 0.0302676094307976 -0.414725061906498 2.4782207213073 0.1926075516268 0.847966156213699 0.387200779238901
53813.894138 -11.3526983393055 0.392620299204711 -1.72081 6.23587506 0.167938647174813 1.66965212056579 1.7633351146884 -1.0299031486713 0.8941459808371 1.3267381982094 0.556306375133 -0.2003138631475 -2.5045272342215 0.890184624980799 0.499214558003899 2.1398933689661 -1.9627658941741 1.9209055802482 -0.698545707748201 -1.51946683024 -0.3560549875468
53815.901443 -12.5508437498607 0.381134930492564 -0.71835 6.236537151 0.167816103957164 1.21778997948331 0.3943188506549 1.188368300595 0.355494495627299 -0.061203023593599 0.7973301154535 0.629825446923299 0.3458514972806 -3.7377942658578 1.2829075021422 0.102156625680699 -0.371282214925099 0.637696675354999 0.9512644969712 -1.5693933257497 3.64633735827102
53833.913387 -10.8002818117965 0.452074151990485 -1.06774 6.239730808 0.169455088949604 0.654315737657193 -0.3971092283468 -1.5191629487665 -2.29511785053629 -1.0293631996334 2.04065056313977 -3.43177875562497 2.0146602187379 2.43095179121002 -1.21633958587332 -1.8264666852983 2.62573055363728 0.21479651165617 -4.09112198873975 2.6985613898385 0.089259933923401
53835.914466 -11.8527234602259 0.394528333389905 -1.69655 6.23889233 0.170912544617114 1.10515817577041 0.856090957919299 -0.688615367258899 3.6664998167191 0.522792403518199 -0.657666134004199 -0.623649602739501 0.6027476518219 6.0704907286693 2.2553985551386 -0.178573985781901 -0.364589582566699 0.1836404429399 -1.5985280731973 1.9443703820802 -0.696291254673499
53861.839757 -8.93591665753595 0.43173684214124 -1.33544 6.240322542 0.165455798661754 0.602746197924936 3.21428305998437 -1.86626539425538 0.997634966507299 3.03894635139999 0.0022264074894407 -2.72024803750163 1.92316107074054 6.6905477658218 1.84264487411078 2.91417060344681 -3.04008308477879 3.67058482863681 -3.97640043498691 1.24858364208676 0.210551255825441
53863.852584 -9.12636675442407 0.434808843175999 -0.14028 6.238110222 0.170374011187112 0.606120362258111 0.78541121779134 -1.75574747359192 2.52801407743576 0.653244140584631 -0.62310543349126 -0.85290346025147 -1.29131249898856 2.2968345788197 -1.15838526807885 0.99792557784151 0.112167297826799 0.18623545344407 -1.70286566371433 -0.433985441597301 0.1246063594667
53865.852698 -11.8409778951556 0.354077220520713 -0.82336 6.236998136 0.169843404889588 0.851549136413679 -1.5021496548841 0.9367468112072 -3.4688424262519 -0.480766769432201 -0.7417105058381 1.4901452102421 -0.3840839555294 -6.07359696324975 1.3380182448271 -1.5025257156306 0.3955173781941 -1.447652028035 0.9818618332535 1.9666314810814 -1.2796995274445
53867.874605 -11.4418071795003 0.394529249730579 -2.63588 6.240070599 0.168022245344329 0.21812245043921 -0.0374474242845988 -1.6752854150775 -2.5106273119525 0.817025874841901 -0.831986531761 -0.0852471252672 -2.6273020033299 -2.38724833007323 -1.0353260140659 0.9904587662834 -1.3657730011746 1.1702627702521 -1.3703008523897 -0.584240069842 -1.2375980765067
53870.822808 -6.47860019886838 0.523684252119951 -2.94706 6.244120748 0.168044266208391 0.17532120038995 -0.29679393178798 -0.165788709676559 -0.0105527739180902 0.68365115388335 -1.97060063320037 2.98680322047142 -4.82079611257903 2.56123661603414 0.28246898313833 0.7948111309149 -1.17054618637186 -1.61813823796487 3.3525844129136 -3.10680189079928 -1.4057846076919
53882.850948 -8.19197447133068 0.346025149237837 -0.29421 6.237974673 0.168144891345816 1.31080395834247 0.0416816456074791 0.71192727333901 1.44528338656451 0.187201269458541 -0.85842613532021 1.95011505484089 -1.77426030079756 -1.62996453197468 0.44638308102836 0.0385712373125404 0.0230255626594893 -0.30347523633821 2.24357060502467 -3.17383404294819 1.77850749074652
53883.835155 -9.35970255919137 0.347501714124158 -0.45384 6.241232994 0.168618135323325 0.868963450957099 0.44481487183678 -0.43521223722956 -4.52828207707248 1.78009334849521 -1.02435756585224 -0.11969699246189 0.472015735432949 -3.8735522379433 1.47946613293387 0.136716704074681 -0.119857182171049 -0.0211597739591411 -0.587029764832829 -0.10988479662309 1.1852281704338
53886.867068 -9.15262459265142 0.375698906798796 -0.38965 6.237882115 0.167930583104533 0.631085055702871 0.763720411245082 -1.2089001635367 -3.35392586685572 0.853965042293671 1.10865603117111 -2.71071135648828 2.13713325897022 1.40438732108618 -0.939721707251399 0.56077467501027 0.9363962997523 -0.28734849132675 -1.9808970585281 -0.9197965747169 5.12616774916653
53887.816375 -7.57373252119844 0.373111757440485 -1.77402 6.237619253 0.1713498477369 1.02232916122804 0.91828611784376 1.0808933278933 -0.2651039982249 1.06610872031471 -0.20391290294596 1.90970891562611 -1.64940727079516 -3.23338087859344 0.240591039127279 0.90460106115054 0.139991448866541 -0.00842995468714047 1.91654747488969 -2.54082753252559 2.23517032590134
53917.810526 -4.12714222002717 0.545077520024114 -0.38369 6.243501733 0.168130716881186 1.55090145235034 1.57322888155481 0.18512348754897 4.4715586699965 -0.90083416646309 3.43701712739368 -1.307306089025 -0.48141293863614 6.97858789053945 -1.51716762309143 -1.31853208860423 4.8822361902669 -0.01172171546721 0.0403511010112902 -1.9716457070953 -1.97858925249411
53919.799361 -4.14551436554061 0.650342532870792 -2.9123 6.236078518 0.16477971508659 1.53715809857654 2.75693751957116 -1.53427093712082 -6.48212387564685 2.46416596771442 2.65762545584597 -3.40191949986997 1.25511559825261 6.32013331303268 -2.03163018225989 0.54615391737713 4.57391635317991 -0.79728013246039 -3.19900799330893 0.34043117633593 1.96062888211457
53921.741038 -5.76150857449447 0.72189994723728 -4.02785 6.247890239 0.15603812538389 1.65618010222009 -1.22341376732666 -1.04254638369113 -7.37829894226174 -0.418299620933229 0.61421694578981 0.31204163916376 -3.60849549483076 8.07345739596395 -5.76782950972255 -0.40000287058916 1.97421283441435 -0.89700706057789 -0.254985035417381 -1.78258115140965 0.64649525106456
53944.671094 -2.00607413136703 1.07420718527512 -2.94893 6.24981995 0.152840866004685 1.08524845767282 -0.23843223223968 2.73221208244414 12.7793409604613 -2.97352524312649 1.80461407472745 2.09757805677993 -0.542751745778026 43.0095139768656 8.31219264378479 -6.17018107631059 2.56816284817786 -0.09484750117202 1.66284351773935 2.63153767788009 -5.34659163765366
53950.70411 -5.67204617131666 0.467734663862604 1.418037 6.243098674 0.15620698688065 0.998859807182783 0.799108002008159 -0.19829191319812 1.46026277432571 0.57996720588976 -0.0499424583641703 -2.12706506401546 4.40836480310863 7.0397480079571 1.03803094644759 -0.31017468836507 1.20775734502558 -1.18636421981201 -1.83444932827804 1.98789694444948 3.99133896037228
53976.583483 0.201961667651669 0.423865065584648 -1.8695 6.239459771 0.166479582340013 0.682918323086 0.520016303801173 -1.55993959443073 -1.37886051857905 -0.686462367920398 2.90135575382256 -3.99388062560015 2.20025720588095 9.18121230680259 -3.08308475338855 -0.037369827411197 0.445660031778437 3.1207090230902 -3.81691947690821 0.518622467227285 -1.09050207672104
53980.63197 1.1847540530404 0.540592967655656 -2.89897 6.246998911 0.165252640237783 1.3991402981521 3.31146876662249 -1.63392966455906 1.89636893199773 3.77770706087945 -1.55393926755746 -0.885465936148998 0.048968203900187 -6.70674974313078 -1.71447552437416 4.52270127899828 -0.80111824052617 0.78302599010337 -0.89519902082954 -0.771404808890021 -2.23761453644126
53981.66303 1.58838201378 0.375882340307186 -0.42696 6.240125409 0.168660657555858 0.945306422727925 0.83460534062375 -1.04371926263681 -2.3059145739502 1.52568620813547 -0.55963398409784 -1.18553623660697 0.957368119109866 -1.33197218124878 -0.16031419987762 1.47428639091013 -0.0531533581325099 -1.41521487366818 0.43245970942798 -1.58308977783355 1.62792153108075
53982.661116 2.52905824801883 0.462406027732836 -2.48607 6.2403868 0.165325624887609 0.305883757233679 -0.30109959961424 0.65484125382572 -7.79120047233653 1.68410797034806 -1.38424355920122 1.91536893179553 -1.26724333235032 -15.1830252206088 -1.17745997088957 2.20986473077143 -2.59713736133727 0.98523708782821 2.69233120681847 -2.86753189531368 -0.73589425292755
53983.6252 2.97816525554532 1.07265725557912 -0.36814 6.241669654 0.146613610279678 1.40845543260938 1.3571552023408 2.26657554819205 3.04573141377046 0.0390314498520798 1.76196948605102 1.80395418241498 -0.87745472400906 -21.1664508830836 5.03801916391835 -2.80225803647208 7.76464405368739 -6.04600516314549 3.14747656771566 7.11755569395691 -15.6483915878849
54049.513712 9.07577660384934 0.455217551870576 -3.9515 6.238107925 0.162006809887466 0.928363392901395 -0.259236965273361 3.40499253203578 2.25843794625947 -0.605697232906229 -0.0695926693076601 2.50869407711496 2.0628622066677 1.44198581520642 -1.39365735577338 -1.27068735000817 2.65288333314133 -0.688126012433191 2.49543398994063 0.122377554115399 1.6077568201753
54051.537033 9.02942665900899 0.427206805354646 -0.38362 6.236525369 0.160511852105769 0.465838669389051 1.83282110062136 0.766101853104711 1.42332493665603 1.78032671067825 -0.38724409736167 0.38210364567264 1.28259448431198 1.22920438778295 0.21372168792054 1.91120491880602 0.489178450158379 -1.58327105119471 1.27908351211474 0.788372032349789 -0.357722860449099
54053.529561 7.75103009885578 0.417424057544976 -2.84205 6.237128257 0.16059204817284 1.03256964985915 0.54261670132803 0.59111170421655 2.33247076543181 0.483457946596761 -0.70654445195127 0.16584789567673 1.72208598839261 6.82618596078556 -0.40274102400146 1.51692783969161 -1.64596143378431 -0.22154808314193 -0.514115979696999 3.43368718754023 -0.489467938848261
54199.88726 25.5798714115359 0.407154007939119 -2.56841 6.241149858 0.166535183480965 1.91831782707283 1.9700107931767 -0.5174958048202 1.6697350281469 1.3547845527727 0.623256912608099 -1.2856634594576 1.0164911833517 -8.2432679680324 3.3773628125317 1.5962650126089 -1.5714317178555 1.3291175998722 -1.8174331657809 1.7157992741373 0.0770022340722996
54254.827402 25.4558496472622 0.58668651029073 -1.39314 6.250684781 0.163390853828619 0.587163607669383 2.3829218084144 0.846670039754301 1.4883282242738 1.024219829145 2.1996248316763 -1.181476385965 2.1306705910624 0.331196968471502 1.1484244838826 -0.296110947406202 2.8191728683178 1.0315111013827 -1.7304767546889 2.1932439685329 -1.1370131566017
54255.754587 24.5722120928728 0.592133456058777 -2.44394 6.248190117 0.158421317571105 1.12347164485855 1.2325695084643 -1.8131452183589 0.0473053639338019 1.5111932469504 -0.565410061716999 -2.6511343762597 2.5286351868096 10.4879468502123 -0.3252006737405 1.7882990533036 -1.5835874610407 0.5296947187997 -2.8442839671602 0.283806135982303 4.7453280726079
54291.795198 21.6848481159415 0.668914472129222 -0.40053 6.251547177 0.162091517107505 0.482543264869609 -0.490309984773898 -1.1464654745061 -2.8687579930406 1.296823997187 -2.658153406056 -1.1704118234422 3.0283415608249 -17.5784919626847 6.4950705274764 -1.8224513746373 1.2002542648987 -3.5987970543713 -2.156060978874 4.598472147702 1.7452026092001
54296.780818 16.7407107298053 0.398402220237609 -2.72113 6.244715872 0.166260433740912 0.521278909698319 -0.0252059017191009 0.577361289996201 1.8835309572903 -0.835701686681201 0.960784576658 -0.315206715089097 0.959883706915999 0.934147836390601 2.0668766776931 -2.2011987232085 1.9432049070546 0.072480176481001 -1.0205076358534 1.1611827053577 1.1337058003415
54314.735522 18.8980190331834 0.718610697855743 2.466 6.247486489 0.171863477069764 0.599614311661289 -0.0254474281816996 -1.5416168640022 4.4243916568854 0.459223961409499 -2.2622905205681 -1.3729347784317 2.0678082830011 16.8459200840094 -2.8972245733201 -0.355434385619699 2.2009809467636 -1.8419954184439 -1.7137057886044 2.7712641416432 -4.1137306812058
54316.591511 15.0286408688543 0.524299481543076 -3.25052 6.248694087 0.169621106913119 -1.5743123821295 -4.7804722280178 2.0442449282787 -2.5085117962327 -2.7155317613702 -3.2895058275265 2.0278486243141 3.7320345045402 -6.410693294276 1.9603439019103 -2.7668749811796 -1.8178249452022 -3.8403677990458 3.3967226611047 2.3461156667639 2.2377284809624
54320.778299 21.1761242332808 0.468856930530469 -2.54872 6.247528759 0.171877010585314 -1.38086760119766 -1.8994442285654 -1.4175701909462 1.6870949775785 -2.0497893353933 -0.263500169853 -0.9949690205409 -0.665166787885099 -1.7971643142259 2.8114516085671 -3.136230482975 1.6239215159397 -2.4244393598957 -0.801685380556702 2.3716777444214 -4.0424398340038
54342.655477 15.4414464729944 0.498436642658741 -3.94695 6.248795816 0.166835701920096 -1.09068197952755 -1.8412196254465 1.4083506845988 5.8342350376946 -3.0084787187 0.3788751833277 0.1736684398058 2.3159332037878 9.24824767999967 0.995182054240498 -2.4682147381553 0.6299235464319 -1.7327400133678 1.0953430928717 5.1405794019142 -7.211949185785
54343.724072 13.511316125417 0.718836342428187 -0.17743 6.249298048 0.165332422139069 0.594677653580718 2.7319472904605 0.662678223577201 7.72758812910023 1.7646296365698 -0.3858453352151 0.739560995217399 0.226500481810101 0.684720837395901 -5.52581541743488 4.63199505279138 0.800857905509501 -1.2194977422378 0.2819669478643 2.7589471492891 -2.9209785170594
54344.705703 11.1097319766227 0.552611475494822 -1.89856 6.241602647 0.162181776709844 0.331224257499854 0.5121022360102 -0.480475680336401 2.84935712604611 0.406162094431599 -0.719389823807798 -0.8867972598314 1.688780695972 -5.15540071724024 2.44930813995734 -0.408688702404801 1.8034409718935 -2.8932228671247 1.4752260366417 0.0683383492894993 -3.06911396420273
54345.684186 12.0200256067657 0.477308823705605 -0.24741 6.24186288 0.163526929534979 -0.740471601123338 -0.8829204538862 -0.9571484644704 3.83117338898166 -0.5613235787156 -1.9461825840191 -1.78706728093153 3.90966582099153 4.20079214350776 0.276729635902999 -0.6968360828541 0.5908740353865 -2.5552455321996 -0.706942396724441 3.55572911033764 -3.4451565464601
54346.711797 17.1266867134246 1.51203303911387 -4.62961 6.243861227 0.197156944947973 2.52561221734833 5.7091008745007 -4.9766148250116 5.45135600377905 -0.5276859045974 10.4500188347518 -17.2457300860939 15.96035970364 8.72077243138619 -1.8805935144424 -2.406580814047 14.5748741324653 -3.7482250480696 -15.2265456078955 14.7959330891533 -2.587840266379
54346.714019 16.9819068052165 1.40750513651211 -2.71589 6.247914582 0.168721326505807 1.3407334748709 1.3407334748709 -0.846820547107001 18.781452398974 1.6082157171693 -5.0779514131482 -0.184667648070601 3.7094513699392 -35.6101616474943 0.8104906522794 5.3331888647449 -2.7539603690857 -3.7202060865977 -2.3750029898423 8.9040916105161 -1.6430228673213
54346.716184 17.496005591164 1.11082166867139 -1.34412 6.240326959 0.174828801411172 4.4536186151345 4.4536186151345 -0.2451429368292 6.06644496244968 4.2454131344906 -1.1452401165417 -0.774039454092101 2.3006048784829 14.1166284730794 -6.3892606438696 6.2077747785262 4.2686569954976 -7.8670283780209 2.4019607651974 3.2366831905227 -3.831813872543
54346.71844 16.2755809250576 1.19781252714033 1.792487 6.243336956 0.161348072074959 0.353431485063562 1.2696663632885 4.8918211843376 4.50908411283219 1.1562114686537 -0.923193178139901 2.3935962906206 6.3186410617055 6.1639428799627 -5.7335215589897 4.6092986961014 -3.8125634700491 2.7595806253165 -0.0825614115668998 9.4314760488691 -4.1896903343054
54348.675472 13.9348619825164 1.03366096006367 -4.19111 6.247921031 0.177679281080244 0.80530634817838 -1.8104005528317 -2.2298439408259 10.3731582871774 -6.8448638568785 6.9113222518879 -5.4444781425997 -0.122832071305099 13.6770379615426 6.3555481550037 -12.224664667997 8.40028152516454 5.9304621050639 -8.0530215369685 0.571134171362901 -4.20593520864363
54348.67766 14.0947623017998 1.08679972471064 -1.87337 6.244019408 0.175195751444182 4.05046398444253 4.05046398444253 3.343789556447 -12.6065990369309 5.10158149810087 1.2012700724005 3.0879515581187 -0.659770479551003 -17.0269443032263 -9.19906134383965 4.53097911282215 4.8354869337148 -0.389790204065799 3.7387962881336 -1.3699188390367 -3.7869973340915
54348.682196 15.4330968710596 0.996570480120522 -1.84257 6.237203666 0.166920342048173 -1.6892559037406 -1.6892559037406 -0.611311267056699 6.1929566189294 -4.6800262199385 4.0575685401409 -5.1439884764906 5.6389626738473 -5.9159607554222 -8.2715481602815 -0.0752129119280998 1.0695334038317 2.075446033302 -5.2397862946703 7.043683112581 -4.4351988554018
54348.684338 15.228833256584 1.01450171102723 1.478108 6.241138068 0.169880742222005 0.718096761875694 0.646405470536299 -0.3199774870862 -3.3716794081349 1.8343221507628 -1.3571024818028 -3.5093135998523 8.239574492221 -20.7860390085931 -4.1627181781552 4.0018778765053 -1.0433257506236 -1.4573064961131 -1.7465169021642 2.5421236754178 5.072027276161
54349.619707 15.206172237447 0.470803243009248 -1.18183 6.240714626 0.164019834099863 0.454132363107364 -2.1204257783791 1.0312683264436 -4.9550766491878 -1.3002359380891 0.0625212806533 -1.7021655338773 6.00760622103 -4.9448275837637 -2.8000701905207 -0.328699389765301 -2.2641862851317 2.9527064954011 -1.9969788457817 2.1447629941668 2.9847347187598
54350.633312 15.1178227769886 0.46103592374963 -5.02541 6.243927373 0.168528581930512 -0.351563802221698 -0.967570918219499 -0.854262547874601 8.12917321567161 -1.7527640043211 -1.1653855610368 -2.1958831230876 4.1547942046446 -0.5503173408927 0.0695417505202975 0.599153561212002 -2.0176675568096 -0.681457534701901 -0.778352678206 2.5868329753239 -1.8276098864895
54388.58439 10.112802851049 0.613800854877915 -2.6399 6.249891824 0.1632027806124 -0.194904388155896 0.214468848749599 -1.64882681985667 5.55366918669189 2.4943225498855 -6.11391903301053 0.75342537562666 1.22229620115907 10.6366962847297 0.212533440896101 4.3585419486386 -4.5593692346271 -4.49744304125169 2.87115885564079 -0.761952047330752 1.4995919595491
54389.587086 10.3680381517623 0.784748896524208 -1.30721 6.255133409 0.17583872348903 2.30686693870465 2.41590899676046 -0.839981593724099 -1.28585494701323 2.78997756716777 -0.348972616116599 -1.03311010668291 0.80317699741491 -9.6757515506181 -3.49176269919578 2.52814626042142 4.64717638549556 -4.36719161038423 1.10658407452883 -0.0804778467175993 -2.83085877932291
54391.566588 6.23603419002768 1.06833993612206 -2.16309 6.240771303 0.178469381553925 -0.337545256519018 3.38211770991605 2.0620767471529 13.5793871804877 3.67063373086189 -4.15620317266893 4.28012594166285 -0.51919755914482 -2.59015988355295 5.43790002692767 1.84448895786649 1.97534870077177 -4.47719206285939 5.92298106152817 -2.34268726862961 -1.34660217128411
54392.547689 6.89203834619275 0.350238704172433 -0.90905 6.238709187 0.164711877494869 -0.510169270806993 -1.18720617326105 0.26042274783006 0.0603823470252705 -0.6919910750034 -1.02382079866936 -0.18431085335029 2.15183958389276 0.288277880572071 -1.5018190880678 -0.10082505893605 -0.58256116266236 -0.31983183695127 0.108557750070831 0.7264188983513 0.72714056622422
54393.568451 8.87139430417395 0.368108479234269 -0.37456 6.243045747 0.162761527984614 -1.27035875318583 -1.48558887869337 1.07161884938034 -4.7780341911355 0.293167501392141 -1.81130801922651 1.80881173573124 0.402168875462051 -2.4418664375464 -2.95084801075304 0.968166478905589 -0.633024427741111 -2.06289487228863 2.15603917498487 1.52264533497972 -1.49179615411835
54394.571021 9.58518931017557 0.609549296116563 0.541975 6.247571223 0.168561085236606 -0.331478206173021 0.114302599803599 -2.19992771539935 -1.06182572979499 -0.16951379900553 0.869157253687421 -2.87388455721233 0.56407916315136 17.4655853841521 -5.64870490328166 0.725871806591671 1.05861329433229 0.3172872953312 -1.90936357250254 0.21753984784926 -4.10909038418267
54554.893271 1.08319340071974 0.405414483073953 -1.94721 6.243692911 0.168328905549349 1.34632836249466 -0.095732322326 -2.46745413995126 0.83516240217222 -1.03388027426163 1.54836344260471 -3.4278904933207 0.479325931302384 2.41315593868323 -0.72988638035936 0.0985508723528599 -2.13062671324201 4.02835809264564 -3.8292352793498 -0.614254944708859 -1.11029331398192
54616.935605 -5.08920347237768 0.522830897623336 -1.31545 6.252325948 0.166272389700757 0.483279242163156 0.12910686521262 0.54179604826258 -2.15215169516627 1.36658436972508 -1.74363035710303 0.546331892389979 1.96072292591157 -10.7008453320614 0.31530387683659 0.127369328935649 1.73273238534998 -2.33192337519693 0.14386393916716 2.72248558221004 -0.62991004363618
54639.890842 0.73130670263722 0.524291030698344 -0.16583 6.255790572 0.160425545006913 -1.20900214334195 2.05645808912635 0.873251848138389 0.08320590662942 2.39531983273088 -0.70872735531487 0.91713879379301 0.73460052298481 -9.22725893003153 3.34403148368739 1.8222783967152 -1.64865858781012 1.11767142578023 -0.163154102209415 0.990657748382175 1.607185804985
54642.759601 -3.58709608652125 0.421757790240132 -2.50898 6.248259913 0.165831787017955 0.941239604791881 -0.50187737789195 -0.17184304141011 -4.23514760385812 1.31309478965157 -2.15964316948237 0.191626448274721 1.68471774691243 -6.05167758944873 -1.35259476652865 1.17710684627337 -0.32062637160579 -1.82764168608507 -0.0753232523086895 2.6677758683847 -0.91571167214342
54648.549637 -1.19501183046671 0.457541700569556 -2.26749 6.251704086 0.166367874494227 0.091545712192899 -1.57091254798431 -2.34522443238139 -3.18518243606139 -0.877755301115439 -0.294900425171083 -0.72245427184982 -3.37294665932661 5.64715519781696 0.38585435227941 -2.6033131061006 1.58719029483349 -1.24503280311738 -0.88917488947437 -1.0198653942613 -2.76950073738015
54672.768974 -6.53802857400979 0.432377595930466 0.176006 6.251240074 0.164133505386491 -0.0126063714018505 0.88489368618409 0.0352238097019102 1.01136254711563 0.90791701827499 -0.42054548382015 -0.56961229005531 1.93001751953288 -0.48682950113923 2.18023744748906 0.15894443466267 0.45209035605729 -1.32585714623502 -0.50756250453504 3.38484947471907 -2.42097062510848
54677.815011 -0.852055053804411 0.440398384892051 -1.84251 6.251824897 0.164461480421605 1.42374396023773 -0.514704704002257 0.986604863077987 -0.68121294677824 -1.00587830719163 1.21797833837238 0.227205635711462 0.350400131658557 1.95073227904742 0.24106780439288 -1.55540061924272 1.38647053515237 -0.158644683687309 -0.00584422078675995 1.67003785665805 -1.29070759922787
54681.790817 -5.22110458368774 0.492038597641074 1.132005 6.250344653 0.164189915124018 0.11679560239966 -2.08169788372486 -1.49970972994255 0.75548843808416 -2.43259390539661 0.43983111994684 -0.70323170271152 -2.29035516685564 -4.59374323493267 2.21888834261454 -3.90961695000594 4.00603589751431 -4.21885581589769 0.79485347447344 -0.65507920136531 -2.4795865426676
54700.732137 -5.8152152287823 0.43744585738375 -1.71257 6.245946695 0.171190177996309 0.489684139444097 -1.0679042181696 -0.9150817362589 4.52879500140746 -1.5668850174768 -0.56578020736211 -2.11268659297702 3.34372120944861 5.40598929432053 -1.32912953139654 -0.298721881884131 -0.694637924812359 -0.08945330692144 -1.20027417611246 1.04865189632228 -0.03684322082451
54703.727172 0.349021178398116 0.600468082243125 -3.18455 6.248174645 0.151377104277223 1.82034402738232 2.45607087598529 -4.70310440343836 5.42935373908052 1.64982148617298 -0.12692557869839 -5.93359073431215 2.94230879893544 0.35687780029144 5.89238399031553 0.60730358597929 -0.38690721579975 -0.50362789070224 -6.40310898750398 7.47443300784959 -8.92720526546556
54707.714191 -2.01407292638673 0.540499914830042 1.480188 6.246903493 0.170587599031307 1.54573179521282 1.16609959717905 -1.37488780177004 -3.8421453020264 2.77430502391576 -1.81536455003637 -0.60678421995896 0.22692397753627 -6.57566826499013 -0.35545638417268 3.04609235435631 -2.41754528070939 0.47778982984678 -0.97762224215388 1.34571259178566 -2.93861459790227
54732.493409 1.60471346885631 0.4948746217798 -1.25741 6.245483754 0.167183170279314 0.556256737796121 -0.76949789150332 -1.73881743233079 2.12077348161154 -0.3966647905623 -1.43405659061726 -2.55764095343522 3.52401671974506 13.2325690231465 0.26842402777008 -0.55974231809765 -1.7284700962672 0.60312199415323 -2.80694809308804 2.7732785827665 -1.17262495084242
54743.552391 1.51566842809551 0.596949146400587 -1.83949 6.246331931 0.179401037781731 0.717306988544669 -1.38803863957394 -0.98075993991742 -1.39056520803364 0.19856184707765 -2.62672954631749 0.633754194650597 -0.78474468428281 12.8645483010157 -0.1124982322574 -0.21608369966423 -1.9543159031714 -0.97881467825184 0.126940682804694 1.52877546706914 -3.03528273190236
54749.522658 -1.38100340901707 0.459673381641804 -2.57188 6.246441303 0.171378051114038 1.19430871138123 -1.97147225255151 -0.24038333019641 2.83195674221082 -1.76026018043485 -1.37313907727025 0.0651623204293297 0.8584248570659 -0.0808135221790098 -2.36813868665414 0.18465899328772 -0.846679819053772 -1.7781935406511 0.69986486622148 2.21628421446158 -3.23749670774032
54759.564371 -0.536291097695173 0.449736624104525 -1.40483 6.245856598 0.168118393408615 1.71558168983394 -1.59292907655921 -0.908177727541338 -1.70289632429472 -0.880305459302881 -0.793935580331357 -1.7664312722797 3.01902589707479 10.168745901655 -1.98948256830889 -1.30120156663781 1.46266579283503 -2.67634728917049 -0.55191612772727 2.29127696006951 -1.55311089428459
54933.865361 7.64947969409337 1.07157922888765 -1.44481 6.252535212 0.171191157474394 0.430334493268086 3.53735691829339 -0.15888294903745 -3.85058007731392 4.58324761286232 -0.91956110170237 1.1084971023426 -1.89242485648837 -17.9090781296683 6.08262710565894 0.2638551961788 1.97791680469985 0.778207163604499 -1.49590630236617 0.859043896077781 -1.26604123655373
54935.918329 1.81465443539124 0.356339476185725 -1.4754 6.244424147 0.16814477551159 -0.185282613064489 0.23445044636286 -1.10997091217722 0.19846754177135 0.40833564456441 -0.41640663367657 -2.25797124964323 3.62807590205452 -1.35783547232249 1.18035275448393 0.54282105105243 -1.06648075352863 -0.06837077575699 -2.44660067466316 3.15861405999317 1.26486137559667
54939.91893 9.98279620315381 0.61142133457156 -4.20788 6.251334353 0.172149611686612 0.421952093881134 1.06742830569206 -2.55853497708608 -2.81451791247188 2.72584765572718 -2.30304154053967 -3.61523416300414 5.14289925528391 0.787899085290201 -5.27237134500498 4.09141134556368 -0.3838334996643 -2.01286386937444 -3.44946812380915 3.66973765420138 1.59574942825571
54941.850173 10.1018879782422 0.359028061844528 -1.25354 6.246070893 0.166738453191835 -0.521753505087351 -2.04119651622503 -1.11352861844616 -1.0981104664554 -1.5998111076718 -0.44573647348304 -0.186726964589901 -1.84421147938058 -4.8665462341881 0.810932629625199 -1.6765229229411 -1.34220797884445 1.34858031672495 -1.00530384469364 1.12961711065944 -5.91260561030801
54953.893839 6.28224935478281 0.449674366010313 -2.2092 6.25004226 0.166461345410539 0.439530869990849 -0.418524848561781 1.07283333026637 3.1807029787124 -1.43290925127185 0.858391180148651 1.25892133102138 -1.45679840207255 -4.87339103768524 2.93019066391374 -1.85452662003127 0.41050419093534 0.55396984901209 1.16568046955095 -1.31285055095315 0.4730041557936
54954.846537 5.71509723027972 0.360802955096633 -2.94777 6.247165522 0.17044032405962 -0.323553239489756 -0.43253058893525 -0.6949276387406 -0.10304860337062 -0.509928086056849 0.189355068039769 -0.284265718112779 -1.31356409267304 -4.91510580610104 0.67596990875943 -0.76622039295264 -0.11718412946509 1.1615631115753 -1.45317075283464 0.92301295145077 -2.18746631711088
54955.83353 8.21957466866275 0.419579302524062 -0.58385 6.248447231 0.165735655922644 -0.347899492901535 0.495924353907389 -0.749024642634009 2.56263619571678 -0.61976577702546 1.25445474920083 -2.48506179429686 2.83696863729386 2.75569686280868 1.73790407388266 -0.0920583294537707 -0.92666653649954 0.94415133560969 -2.79577889438209 4.26220148567776 -2.0175316165328
54956.87791 10.157839493924 0.53559963637921 -4.91544 6.250256817 0.166450699285326 0.440947449213882 1.2793574653892 -3.55183907439435 -6.9971783991879 3.2323296327186 -1.4444970213126 -3.16477776996757 0.73660275985224 -1.4552299978316 -3.70313829165609 3.43074574896109 -0.4817358318031 -0.808512618084601 -3.36400789324613 1.11992851080253 -0.48388185740525
54988.874069 12.2787252836825 0.518397597213375 -0.18121 6.246294957 0.167884085226904 0.736462695368972 2.5451348729429 -0.344860697380801 -4.28173211530013 3.89492950670133 -1.1592033094828 -0.0313915905364013 0.686448953212601 -7.88298028829351 4.41969381931271 1.0120746638325 0.276582119132501 -0.337899518933501 -2.2831648356884 4.6551471590774 -1.3526199816047
55021.873071 16.5492996806997 0.436724178707402 -0.15901 6.248395359 0.165573716048684 0.93757436122467 -0.948421764723598 -0.892950722236 2.549393551769 -1.8852891432302 0.9426911974621 -1.0524030229831 -0.704107553357801 2.6433343258689 -3.6302078987546 -0.5427998932576 1.4986722124898 -0.158773075703799 -0.708821390085802 -0.170171401395898 -2.3571605450441
55024.831958 15.9020877054932 0.407369002962437 -2.2748 6.24699798 0.165650604970205 0.525476990283409 -0.5137666605196 -0.785259699531801 0.2683779370862 -0.0504406027801991 -0.9794509084173 -0.5471419431766 0.561656772578699 3.7006433670971 -3.7102398029304 1.9515902662427 -2.2672488084234 1.0554520069257 -0.8726887325973 0.812981632663 -1.3407995266116
55040.704367 17.7868297028045 0.481119626577394 0.497418 6.252303875 0.169723585834691 0.523686084265332 1.0015577994572 -1.3608798152733 1.4310142802813 1.0540166499625 -0.5833603943959 -1.1841271257265 0.239882185087701 -8.3024310322805 5.042078136031 -0.0898533577232001 -0.132524926297499 -1.3909728471771 -1.3509055199921 2.8978316281511 -3.012335881977
55041.690507 17.7468662615608 0.516031265027889 -3.30614 6.250999906 0.164067242643043 0.146601503577945 -0.123453929232401 -1.9476148274062 10.6853042464531 -2.506126488431 0.9807436314758 -3.1387738620205 1.6579602455449 2.1945631798824 -1.2331963769654 -1.479943249704 4.0347967368593 -2.6546795149596 -1.1153997783384 -0.848697698773602 0.0158170258347017
55048.778245 17.7668325724485 0.701563865737037 -3.38807 6.252654833 0.158269541689626 0.345717425527073 -1.0631706640433 -0.5539969588344 5.1192959883119 -0.6104345095547 -2.3734043004064 2.9782090039319 -5.5111483994166 -0.701009616337002 4.7366956671869 -0.0952070763554005 -2.6418147289937 -2.5865810653192 3.503136378028 -2.0586124947498 -1.8764171533948
55072.646458 21.952283921838 0.481678180085206 -2.96469 6.246305737 0.164712373118028 0.565081524942995 1.6932059406321 -1.8718002906241 0.505623604783398 3.9754706982126 -4.5382726505252 -0.8952445953827 2.735147188404 -0.594604795327701 -0.1626296491456 3.837664823319 -2.0347913964004 -1.8945183002376 -0.0514786047421012 0.895996382568399 -1.9910935901232
55079.681449 22.6790592443519 1.92703690095324 10.51731 6.253030133 0.103547164934294 2.20955108377531 9.1123382252893 -1.3996765031689 40.555664763195 -1.0038978740528 8.8630107274066 -5.8749828014379 0.893829199732 -54.9399963714321 0.5260295837664 8.5591742911685 -4.7594949427457 13.7783710997899 -8.3085327374155 4.7317383450159 -12.216163740501
55079.700268 23.9387039771904 1.2998316084546 3.320718 6.25875044 0.138226079698614 1.79010720988591 7.963247528809 1.1220882402943 5.048760587218 5.3107689047401 3.6517480583505 -1.9463193673513 3.0241030815652 -39.2153326995739 3.0712311516941 4.7461550212343 6.24773825446 -2.7351185901518 1.7555175244532 3.9278624660942 -13.2054401584413
55095.627935 20.0804180362394 0.41908058085472 -3.3888 6.246362201 0.164943595623787 1.13643010907365 1.0087485229569 0.825280123030602 2.1661143724667 1.1071947066876 -0.951730317676802 0.538420211118101 1.7551978061132 4.3554395766788 1.5833535662301 0.601636019784799 0.3996166831087 -2.0299693161496 1.0211950783069 2.5156066282118 -1.7922984831784
55102.541221 24.3285161614972 0.689446391047843 -0.29138 6.256543151 0.156100450374107 1.04610083804461 0.697098477497899 -0.4706188799193 1.730913847083 3.2968564020831 -5.4715901663466 1.1714817233116 2.1504622816876 1.1227151813059 -5.6867607434653 5.4931588001089 -3.3773942431794 -1.0644764723185 1.3290990421231 2.5120214595458 -6.2890882114859
55105.559235 20.6680785844106 0.871164399854451 -1.53867 6.264113633 0.157076026313594 1.43788136671863 1.7197166595786 2.8739457894659 -9.7313970479478 4.0966584116885 -1.8100364825652 2.5308968518042 2.6590199334266 10.0798179385425 -3.135101697973 5.2706939669189 -4.9432767658304 1.6538286275385 1.7592214054463 5.2020646086177 -5.4619786580764
55106.544096 24.5180774651997 0.705244819347918 -0.1032 6.256060297 0.170040507476452 1.59793066155096 -0.239673784899399 0.582457433856597 -5.0803543753528 1.8375884520698 -2.4198758834845 0.608203891436499 2.559708742398 -4.0915005118856 4.3629764906782 0.0969286745535989 -1.0495938314535 -3.2116073240705 2.3673856414014 1.3481610984088 -0.587153705626999
55110.555707 25.5914797900975 0.501088286979796 -1.73062 6.248299154 0.163865459154236 0.742564054345591 -1.795651288203 0.132852756655598 -3.8386206974884 -0.168544239564 -1.8709473282076 2.8798408726218 -4.2172625621891 -4.0447121841833 -4.4141662236998 0.381714605567801 0.634783227405499 -1.8151047983632 3.2571298944066 -0.669428090290602 -8.2950734075621
55117.542697 25.8294566911534 0.556304861054852 -0.24819 6.251807186 0.161925162003685 1.84040097902055 1.4105787420289 -0.6544321545427 -1.2261396758396 1.6437841689049 -0.0599558595136997 -0.436251588117198 -0.4284766617501 -0.281546694417198 0.469366881605598 1.5600918221318 -0.6986566400819 0.398527065108297 -0.122404575718999 -1.153830310436 0.3765756385455
55123.573477 23.8588523277323 0.62970672629448 -2.73948 6.260147851 0.165929222803799 1.49499349051311 0.0653755157825024 -0.6962546592069 -6.1348043754801 4.3075701397054 -6.2084645492734 1.7820348335402 1.120765342233 1.1942330296512 -6.5091647362547 6.0838545718601 -1.9232094101048 -6.2248675866543 4.358188035968 1.5802779923869 -5.8599803989953
55134.502706 29.7007132304973 0.489501895490582 -0.69384 6.248139807 0.167063250877109 0.472011099393336 -0.345942785904299 0.506819742954999 0.603000986232299 -1.0798367069254 1.2058132908424 -0.997963228298801 2.1090520878997 -1.8083100601309 1.3669458869427 -1.8507236206176 1.8746669192487 -0.6216254646809 -0.632754364110202 1.7664457153765 -0.2454730224202
55138.511398 30.0767039634548 0.516924827980244 -1.54579 6.247965104 0.153965005151966 1.19680877792601 0.302738127245899 -3.0859969543371 -4.559773480195 1.3146848917672 -0.446659509850701 -4.4426231599708 3.5423849422147 -3.2276042989159 -2.6664756589497 3.4715890821405 -3.6609347473003 1.3746395721355 -4.4389842286515 4.4429032301663 -3.4307237028849
55373.694371 18.7014276676956 0.56789052955865 -0.88967 6.254628629 0.15991914324409 0.661594637369612 -0.1780103365003 1.0028897755437 1.7760667452349 0.0507005438470998 -0.991469570320998 2.0540946219912 -1.3264134324208 -8.8585201199987 4.1184220783583 1.0969362340942 -3.9223805727732 0.252718872879502 2.5163330421485 1.5358738561634 -5.648425096953
55376.657437 15.5353622501961 0.709855390231538 2.32256 6.256291928 0.143052302079832 1.10090443218585 -2.657969948678 -1.7353444080222 1.2844973097774 -4.0423480713668 2.2769706098671 -5.2579281779816 5.5021679655957 -20.1798431813433 5.1971291608202 -3.8915272304721 -2.1684460862776 3.9253482305999 -7.0023360753831 6.6452159860283 -0.908868447596802
55408.653599 16.4335519540621 0.637170040604955 -2.31622 6.256291223 0.154689257261479 -0.149956160966802 -1.0436960232752 -1.3072722177868 4.3471808872143 -2.6291758675875 1.6911756790665 -1.0734478978688 -2.3585444193299 -4.7297307472899 4.0787162050564 -3.4358037572397 0.6373234640924 1.5792293951221 -2.516923842886 1.7054657693395 -4.2183732535419
55413.720729 8.58832405356593 0.496145485310392 -0.71509 6.252745537 0.157508845315425 -0.166620579273882 -0.319199042364279 1.84500252792116 6.39325938835645 -1.16417369513249 -0.382975007356361 2.62157606761211 -1.40105236485839 9.58058840123577 4.20726635219057 -2.04492162629134 -0.324312152887919 -0.23432030392321 2.14990401227739 1.05868918206728 -2.92782499446544
55487.533066 3.50145649524072 0.500770666346908 -3.76399 6.253333574 0.158789757057968 0.745342000245041 -3.35804590363469 -1.05296734464457 -3.97829191895907 -2.3168753471547 -0.78901060618078 0.41298572895501 -2.54707378408772 -8.36865566903751 -2.33084880348729 -2.08794527186345 0.96192289000882 -1.97256543288951 2.46242591783711 -2.6588220607143 -5.18008232816557
55488.506158 1.26982999085152 0.424705644587258 -4.69625 6.250832146 0.163338880269992 0.294730114789812 1.18635104513794 1.4846621155285 1.04177327110433 1.96054578114482 -1.801467185483 1.60864547467319 1.70351865667716 1.18171149290315 0.124896251087632 1.86647756379171 -0.43032625826251 -1.33943713211437 2.22332949689609 1.35447813387314 -2.26319511168946
55640.918325 1.11727047980055 0.450549279355047 -2.35971 6.251226121 0.163449336772269 0.270403630197843 -0.0297764932018401 -1.60612521430146 0.42718226211313 0.30481685860092 -0.7610168635505 0.64546420249819 -4.46350945019118 7.95035730300987 -3.30696706651286 0.86065966876464 0.0162007845686101 0.23052969228604 -0.13336020205494 -1.90686560655115 -2.92955382450478
55642.917493 0.510315156822891 0.447487793220884 -1.20814 6.2521516 0.164196835832359 0.738755313499906 -0.85861531886441 -2.63760129358276 2.52135544605379 -0.95700953482299 -0.644147193956972 -2.25650111821201 -0.18521225739524 -13.0053747521102 4.02371843695238 -0.52790205312608 -3.05095663816331 1.97366919610786 -2.97712627145519 0.18893275525142 -0.15883486122003
55674.868934 -2.02869045915982 0.450514223944829 -1.02293 6.252470904 0.164030738193027 0.365409933454123 1.57331089498661 -2.36240018226631 -2.12236225498678 1.09810223289837 1.5320607390212 -2.35025834771912 -1.65513397337828 1.37269409512378 -2.64188916271561 1.91230952040974 1.05843794072291 -0.211024951997327 -1.93262833246524 0.94279785737329 -5.31502583160053
55679.871114 -3.03378956863127 0.350548554790517 -1.40552 6.246344769 0.167077045128969 0.477405014457321 1.79771650045845 -0.1447797397149 -2.16975748000561 2.41442732312579 -0.44628473259101 0.88672906757041 -1.96940858321305 -2.56245003660131 0.665222121690521 2.06448110590196 -0.10747404999483 -0.96749438040085 0.43134616676873 0.0486897080633901 0.28812334995772
55769.727076 -5.31938226615417 0.38851958392045 -1.44061 6.249889813 0.165094236404494 -0.990235431790498 -1.83514726615587 0.32451794635611 3.10723059276709 -2.29799249660194 -0.0840338565360499 0.70546161172386 -0.82601019532893 5.12562630285586 -2.01815819744905 -0.957007704364059 -0.66818317112336 0.42999457497702 0.5493295327317 -0.26156459744046 -0.72392767864726
55777.765285 -2.66202496836037 0.513617605447291 -2.84163 6.255551406 0.162577145134902 0.493681673666255 -0.60819220777817 2.28311471502101 4.58726730509816 -1.01386473530888 -0.57951144326237 3.24745157408429 -1.63601561396081 21.1621646686389 -0.16413846053587 -0.43236300250884 -1.00149403575987 -0.5762370294914 3.12053581230488 1.41157816525882 -4.32835769643701
55803.607595 -0.179833372126705 0.855884273580761 -4.12409 6.26630117 0.157547528165083 1.76154783277587 2.18796199281225 -0.361436256309427 -4.38714284576838 2.908670010718 -0.205320658171452 -1.04568046212962 1.74371521022535 18.1659622286899 -6.78406948631179 3.87195091535474 0.408684928281066 0.081252033957268 -1.29311487150106 2.12570279036593 -1.97311926130901
55809.571783 0.558437667826479 0.387214907086914 -2.58947 6.2527787 0.164539302085926 1.52383668530239 -1.56294708674423 -0.141997657996595 -2.53323295140161 -1.12119693451727 -0.092933636229023 1.05719014735361 -2.71421953759181 -0.87265247701153 -3.20494339316781 -0.857801048193351 1.16899399046568 -0.72891915549142 2.62128156094149 -5.83636448393617 2.27557183464327
55816.566219 -4.51961400815212 0.459168681588998 -3.78818 6.248042665 0.162937517161428 1.20893290986234 -0.22788191968604 1.7338943666399 5.59328911472858 -0.26353218403354 -1.643223489318 3.59263661052989 -2.56972798226121 5.30869667346714 -0.00239436734909049 0.11209553395779 -1.20862103926703 0.75838187275783 3.06353341280919 -1.26205898551593 -3.54480118140855
56013.895304 6.30616520818177 0.489829586375802 -3.62511 6.258446157 0.169452721996758 -0.350998850193853 0.101749373063321 -0.93429869908359 -0.66913706136929 0.967069753186641 -1.4068296248212 -0.12533746365688 -0.38180418701494 18.2377656425269 1.78508746673135 -0.688926350103291 -0.30373240390186 -0.87777269220078 -0.9581756809313 1.81767832908239 -1.55343880079434
56021.853478 11.4031245998569 0.553187592712158 -1.6681 6.259849808 0.162877068060271 0.46964134466892 1.3027208481342 -3.90014192157788 5.99781227605989 -1.1101823520469 2.7323932546396 -5.28684551570173 0.29704091827784 6.97662386463417 -1.0972855270654 0.8456143176802 -1.8265475499322 4.9728476577452 -7.34983811013875 1.6867459875717 0.0825201146987009
56032.876561 11.2522023498254 0.567073101572262 -2.69652 6.258452985 0.161023592624965 0.477071854593422 2.1169097089967 -1.3693201475474 4.72724963645094 1.8350797617005 -0.8335583553853 -0.9687713600536 -0.0306511934729006 -7.93994663754442 3.32961504768022 2.1714902106363 -1.9631720995126 0.7665254615913 -2.3367867377945 1.0386386784593 2.656620933544
56056.834567 16.8625537442342 0.550714305973832 -2.76614 6.257481319 0.159236497172301 0.274946352320627 1.5027091468274 -1.4515928913534 0.2141570199535 0.616821020353498 1.5702428234785 -2.2824477544222 0.2600127915954 -5.2802160601763 1.1359136708038 1.0003916046611 -0.1056553856947 0.861613012796603 -2.8773651996393 1.7157617725369 -0.0530707001593989
56061.807735 15.3252426003507 0.445541748795999 -2.05577 6.259199352 0.164538949888448 -0.222713173645392 1.1291294718325 -0.8770394739491 -1.4213174749267 0.749924229028199 1.126200246258 -0.349284318687099 -2.4609169811947 -0.3084557004433 -2.3679473192563 0.805020456831899 2.8616894476238 -1.9159993380462 -0.127237006828201 -1.0626969227247 0.538817776789401
56079.76887 14.6355014399513 0.445394096205904 -2.13966 6.256034287 0.166556810580997 -0.47508631676491 -0.867925044094301 -1.2701567501359 -5.2273013210112 -0.272814947439 0.3885435352618 -0.666572134291499 -1.8363981031618 -1.6109356921545 -0.4139385961751 -0.2113174175692 -0.4259487522742 -0.4095380663043 0.241229429742601 -0.9413056765988 -3.0165683357581
56082.800458 19.7619954887429 0.587268307717981 -2.91146 6.25927755 0.158845419157859 1.25118802857922 2.289706481032 0.377284434977398 0.490028439144702 2.1052448317198 0.204127633292202 0.0160063710258989 0.611253666396401 6.9327909128402 -2.9843725496084 2.1672816867606 2.2969957152092 -1.4711201082625 0.550951394921299 0.552930349937398 -1.2692749139512
56117.82953 21.0781256198956 0.49120252194947 -0.44215 6.257834572 0.163472233004589 0.33275482969161 0.2426687086976 1.7885087840413 -1.1710714358634 1.4381530692856 -1.8791511182352 2.77203413334 -0.291845688128799 0.0809582300556002 -5.3252528532805 3.6332574079137 -1.7373628875566 -0.565395032486702 3.7685971562929 -2.3624527111363 0.825562077312
56154.482563 25.617238500013 0.631747248784465 -1.91245 6.261570937 0.157534399115148 0.751707316225894 -0.488059769052999 -2.6842672028707 -2.6091044634826 1.1277764116738 -2.2771296433702 -1.2162680681912 -0.965116861167999 8.4550809375291 -0.1866553794037 0.376673077526899 -0.873928379892298 -1.2301218899947 -2.5705877355095 2.7474339722476 -2.676559324841
56167.61926 28.9634160348549 0.544656761418917 -0.75001 6.25451179 0.166402550844902 1.43836907349486 1.6262865145513 -1.4299726913217 0.0260749694925018 1.9749923244057 -0.648288891245702 -1.1545355461179 0.0465193720580004 -0.413675236306499 -2.2991557031117 2.439739693495 0.754655503535002 -1.2383784849089 -0.0387195276395005 -1.5665638541438 0.019492691461501
56182.549789 26.2253390232397 0.612793364400362 -1.34315 6.259157754 0.166482568295838 -1.85634595165709 -0.0402669372511006 -2.4428830065409 1.0536563957242 -1.8820417027797 3.1285375663714 -5.9013898051671 4.5814300740228 9.9162747602537 -0.503510264873498 -1.2011215717546 1.9019406007211 -0.769359034219502 -4.1975703222821 4.3704966139561 -3.4594458506341
56216.560837 29.6779220696369 0.691821732536788 -4.35642 6.263949172 0.155528892382296 -0.939956572612431 0.761656458758399 -1.2263287016068 0.125396671809199 1.1535566797524 -0.7453839687306 -2.4545787209924 3.5975951418142 25.5039298711889 -5.4579537814422 1.9067740589321 0.789729638779502 -1.3622976699122 -1.2482095447311 2.9618866889022 -4.5248972790265
56218.536081 29.7754819261844 0.618938410643138 -0.80253 6.258030276 0.151572809667591 -0.614376969978068 -1.3572209941177 -2.5416646382959 5.9388114687162 -1.0261703330636 -2.1337522955181 -1.7492339695861 0.393468925227999 5.8061594304317 6.3576581181133 -2.7373049140087 -2.9300999410887 2.5600924088972 -4.0250445980014 4.2609778000698 -6.970768733469
56362.898494 19.6846517387945 0.595234477291474 -0.66908 6.262614619 0.162005730071593 -1.51961068235318 -6.0241031110336 -1.2330330818243 -5.250879359817 -3.623387471065 -3.0048690852092 -1.9953927210072 4.7986541759711 -6.1467926385476 -1.8735925361874 -2.5961420658174 -2.1633073343908 -2.751453014808 -1.5435981081855 5.1227096323084 -0.685229585267599
56371.898395 17.1623815084856 0.500526596064994 -3.2563 6.263629937 0.166407686547881 -2.66572330528451 -4.3010093030668 -4.6021484063942 1.2067748467062 -3.7096980504357 -1.4294837239641 -6.0145984024755 4.8234264404244 -8.8765776515669 4.1829473392013 -3.7358807248772 -0.7757100672866 -3.393898697625 -4.6693465524961 4.5151662002805 -0.124861126419599
56525.722074 3.83971733220984 0.612041306844801 -3.66063 6.265297712 0.163138060768646 -0.409585577549773 -1.67647031302606 -2.62212372349666 3.4737258778371 -0.62460338674334 -2.79466905421081 -0.99559465352624 -0.85416756903697 1.23469574192332 2.90825209430868 -3.43774552827028 5.16398502030217 -7.55028294331057 1.19571153859005 -0.0424392281017698 -3.39450128249881
