52939.764806 -4.59733754681645 0.64037208665252 -14.85035 7.020438717 0.174711374452274 -0.85010952108585 -2.39865313963769 2.67043743592637 1.38350046555351 -4.04300988654958 2.34607156966274 -0.0201867166535301 3.39708266388802 -4.97909719523944 1.4344309089207 -4.75060752159039 3.72603255607219 0.336678831989079 -0.446670700765829 -0.00104740451088059 7.12852471739987
52942.730141 -4.80997987322157 0.672950931220842 -14.23094 7.018223781 0.174241635952404 -1.37363809766631 -3.76945533660527 0.58275602716384 -1.89594239243972 -3.05977821383318 -0.14722700052501 0.1897026862123 1.05407617251353 0.62702563189841 -2.10494828664938 -3.32715358902077 0.0474476378241597 1.70393734836552 -1.94308668168014 2.28125235143134 0.33798647167666
52949.76935 -5.15144914835473 0.828465530864504 -14.30322 7.018725243 0.171199791711834 -5.19562100974651 -4.92830701859197 2.20545135404887 -2.47551526377698 -0.26827258443723 -7.43777597951758 3.92477974243583 4.14763718643255 -5.7346714585978 2.24943249127337 -0.71226439839977 -5.48650361129656 -2.87405406565697 2.51546571781058 5.02420045593417 3.8488469036918
52949.770785 -1.41204567682024 0.891531094456576 -19.18333 7.024547899 0.17249954759623 -3.88414314192395 -3.88414314192395 0.11910757239963 -1.54697962493426 -1.16973036420434 -4.31313439674788 -0.46985318402218 6.09651691886136 -19.0639119735255 0.60055970821344 3.62071779321636 -9.30114621686678 3.15018327544412 -1.28569676088467 3.19105750105932 4.20238334422972
52949.772197 -3.22339296909232 0.793887531211848 -15.96592 7.026572399 0.171508193340698 -2.88283425065398 -2.82510648887857 -3.06220074659522 -0.267147429680991 0.34993473969333 -5.93832044970969 -2.82191012645401 5.84657532384278 -7.8252210646233 1.28205014736833 2.16831222051422 -6.95780577664263 0.0822527811460798 -4.70275036874681 3.96444909236452 9.10156469109561
53000.653103 -3.58535758342703 1.09332327184324 -17.97487 7.013146239 0.165546079630115 -2.33397056316364 -2.63120833989772 -4.06057601685892 2.13508254378654 -3.47636166651083 0.35962545116407 -4.01886006689582 -0.54502266803017 1.05561334355725 -0.814980045738431 -1.3313115120391 -0.49926642359335 -2.49234884753891 0.890879667002349 -7.87727621684007 5.74575546836366
53039.631974 -2.15982821933427 0.723464836201696 -15.1414 7.019458273 0.170684780550563 -3.55727673135283 -0.17894282646879 0.20903461265559 7.69062635697014 -2.9878627665158 0.88032943361662 1.35630178075934 -3.53454797973485 7.20361702423363 3.53478056405353 -3.56369770323987 3.33056684981409 -4.72515117460899 1.37483783726825 2.4535156554186 -2.42614332338531
53039.634103 -0.159420363089298 0.777429355413596 -16.75773 7.020563684 0.169060097825191 -4.51758820525924 -4.51758820525924 -2.85272882549741 -1.49621024910468 -1.20979233435893 -5.50224780792396 -1.60783984476526 3.10848409487104 -6.05503194928356 4.45104682668245 -2.66359877971458 -4.97056623816872 0.13448450654744 -3.13240493868322 4.50494285645529 -2.53872139935015
53039.636152 -1.14744225288524 0.736615936177863 -16.40026 7.021871187 0.169954918807366 -2.63147226765976 0.44445147386597 -3.83916575843108 7.91226729261043 -1.15974263364079 -1.54752720223588 -3.27338485706818 0.40171775999576 5.73681613291256 5.68488691234731 -2.0987257223119 1.11714466830668 -5.53934329473217 -0.57091188116134 -0.45483786072302 1.65892845105436
53306.835409 -5.97403138586517 0.558255463326497 -14.5583 7.024809302 0.17182138276608 -0.662327828735931 -1.40279295355435 3.31512446822367 -0.92501434070262 -2.14781755097385 2.08678202274397 2.52951023627915 -0.60804964012501 -2.03759653793652 0.0681433182639193 -2.14308987416424 1.39329883619614 0.50935662852023 3.91208554963187 -2.42321099414308 -0.81295190821622
53306.836821 -4.03024405837342 0.567321719083728 -14.8961 7.023340957 0.171785973086586 -1.57807871174689 -1.57807871174689 3.62247062796305 -2.64459345571697 -0.92077307096869 0.309108431075081 3.73424723273382 -0.58925700134861 -0.30025489538698 -2.75408746711689 -0.0663436349286197 -1.53123079122312 2.62332792426721 3.2282879127354 -1.22590191837639 -0.72595929820002
53306.838198 -5.04656784468309 0.567634195371868 -16.42134 7.024154765 0.171672455550796 0.153694532584508 -0.0988552830925604 4.50718339710182 0.1344391627168 0.20562575403002 -0.686750006327919 1.97470898257128 6.40796801936709 -1.99918626659269 2.30367893267177 -0.632882107895121 -0.49400790881246 0.0719707514097205 2.27028119818487 4.4660201541391 -0.554529987525238
53335.700432 -4.34515747925973 0.404260869460825 -13.36519 7.035566021 0.172957250290848 -0.410462576505173 -0.297258289192611 -2.22671512051839 0.19082088907989 -1.57040624268563 2.62798059649668 -3.2207211519315 -0.99124816499425 1.27967380358366 -0.16893088875404 -0.98178719894588 0.0144606864751804 1.95855175849297 -2.00753838255233 -5.76599816687167 7.22877585020625
53335.702839 -4.11645847048705 0.415783327400943 -14.97037 7.03517067 0.173516166612552 -0.91460656803514 -0.91460656803514 -1.7209907979357 0.40883033572124 -1.34150009656152 0.62821610417213 -1.99812618481231 -0.13627626685633 0.71907561819001 0.92860209600569 -1.20461493831788 0.0287576547302502 -1.15051542572789 -0.2751213514722 -3.5766047046463 6.37355926573158
53335.705351 -4.43716211404926 0.420106922042301 -13.03693 7.033698401 0.173492682647229 -0.3398792901246 -0.3398792901246 -2.95467746202929 -0.663595822355731 -0.280013471738069 0.33742472449463 -3.25978246823321 0.28545292000403 1.81474207818557 -0.36548815487752 -0.15998459213514 -0.82687738243111 0.70601481754318 -2.06871689956915 -3.85998842518963 5.13932141303958
53335.707747 -4.37241299026335 0.430207186710409 -14.23088 7.034133683 0.172834889919655 -1.0484390883962 -1.46858886879871 -2.58229774351699 -0.33355912782509 -2.42511172501503 2.27403555629548 -3.57598772805838 -0.4871176961874 -0.62753951463291 0.85493784966666 -3.04952316148418 2.8853718454599 -1.62911207818478 -1.44052917289606 -4.04487742899253 5.25494375168122
53430.553982 -6.62831467585955 0.438825625475375 -13.21552 7.019536447 0.172729321678319 1.69942269233849 1.83264577125783 2.90504186023825 -2.93532304696403 1.62348963526968 2.32979403951228 1.11647690983879 1.34530214348789 -2.84146809341201 1.61904996332939 -0.16591981220451 2.94721233888913 -0.47958069916238 0.473314583839159 3.95135811438493 -2.58663383169275
53430.556749 -6.72149454781851 0.446957338118511 -14.59025 7.019915268 0.172912774343883 0.16145828970276 0.16145828970276 3.6986387004893 -0.35343466265613 1.52181119771852 -2.57009210342189 5.8256899549737 -1.82357091083107 -5.88586761600981 3.57826244174501 0.0381579112784003 -0.67963529257827 -1.10179789177002 4.90219677373055 3.20197042643255 -9.68509113294866
53430.559468 -6.9884577175738 0.446656575357437 -13.6376 7.017986383 0.172185647018971 0.972093456597828 1.05553967638736 1.17143465040968 1.30152365643397 -0.58698336879484 2.5190850555384 0.717549751344739 -1.91530461736357 2.29545004711598 -1.81786215463803 0.332718105489329 1.58779160924681 1.0075132510404 0.13926075779523 0.8419031245749 -3.83568497174896
53624.923833 -3.28217668966746 0.423986487785167 -13.31383 7.026705171 0.175351094950249 -0.0225632482324165 -0.0715648452283797 2.24482637849481 -3.69801676429584 1.46068037105402 -0.798206616145269 1.89348942098203 1.75076756402959 -3.34805010505936 -1.01575908774075 1.69897040763341 -1.51087103634873 0.5091620772659 2.47846763009978 -2.40521481432121 6.69795429030824
53624.926981 -3.45002769073933 0.451145978414001 -13.47506 7.025635647 0.175487976275977 0.77242602304859 0.77242602304859 -0.85336526692629 -2.47353452347833 2.48953781297784 -1.89715289464816 -1.36577041477246 3.39036620965697 -3.07162117737437 -1.68433831684151 3.17929219633881 -0.40827317965455 -2.8199792895454 0.19017449665793 1.68576733215588 0.92003595518422
53624.930199 -3.16207748336276 0.413090975882765 -14.55566 7.023794261 0.176153402856461 -1.6615844532056 -1.6615844532056 0.7527063538779 -0.95113341273617 -0.38408531224209 -1.94325272375851 0.43137917766834 2.99149108152482 2.41327247200181 -2.85695938230729 0.35649325075771 -1.55130780687685 -0.0753083490898199 -0.30694762889287 2.83430047605119 1.12334928009031
53688.653278 -6.82737956903097 0.339227905418371 -14.38172 7.021796812 0.17500858086091 2.3430827947295 -0.30064863263759 1.04349030829239 -0.34237004561425 -0.24449883071115 0.1113956071362 2.79850896463367 -4.12484083755972 1.07926513494062 -1.36953202562936 -0.46880005428963 1.65079074509623 -1.04273336508498 2.57180906713481 -3.2542111319817 1.63680335927356
53688.656438 -5.33448311607126 0.33745565277393 -14.18819 7.024736817 0.175357507502108 0.32325970555837 0.32325970555837 1.02809753212242 2.22614529202387 0.18940293608093 -1.25206972290758 2.88579430857961 -2.66554022082115 1.84343280378063 -0.16039321996639 0.26853661045859 0.64104281197526 -1.88344583671271 3.71759245720424 -3.89365169227803 2.72217311226651
53688.659609 -5.51593708280664 0.339746276658058 -13.10398 7.025119953 0.175580232599355 0.507834898025577 0.86569863460757 0.88379494368329 1.97514738086399 0.377285853442261 -0.30412711493525 2.45333317490971 -3.18512383277387 0.97834769479976 -0.63809000138071 0.71764014589865 -0.15825081838584 1.44141683082015 1.90574728149009 -4.64330725938867 2.77450941882435
53690.765607 -5.03417994447416 0.671910492073178 -12.21207 7.024511647 0.171721345628545 1.38873445986343 1.44940238089199 -1.86018541828233 -2.41082804314723 1.85246879462896 0.58720846099507 -0.999324021260739 -2.51260489451404 -4.68291013964148 -1.05805444622146 2.08673620745843 -0.57874464224472 2.71081893497916 -3.35901021573541 1.91564325591396 -5.62051290156093
53690.766996 -5.19286649079124 0.642784526413327 -13.89546 7.02107603 0.171016199442835 2.01411492558522 2.01411492558522 -1.22053019544813 -1.81481106512253 2.58462559373115 -0.0649504678955104 -1.97898485272194 1.74355906739515 3.2539968400358 -2.77227390696215 3.23244082575467 -0.67979214042631 0.190151958212581 -1.50285333373222 -0.0987579263618601 2.16706440020806
53690.768385 -5.67713450693073 0.588574837102572 -13.08279 7.020868673 0.172090407232573 1.66801032012671 0.45201810213418 -3.65957709798418 1.48303729003179 -0.899587808113609 1.81964347106531 -1.66568063825165 -6.43871926303323 1.58280492115737 -1.683555918252 1.30235601587761 -1.42863923499375 1.94427847345265 -2.38532950427132 -2.98033653481654 -1.87882149112831
53932.906963 -1.99745099768249 0.700982294747576 -11.25257 7.026510494 0.175644245426761 0.250400379483866 1.7753430446637 0.28052929679761 -1.97171815905457 0.56933252328639 3.56479796421566 -1.14917765956014 -0.764252249070623 1.24794014653045 -2.04080959302871 0.99577399981796 1.38723940335501 2.25878811088636 -0.482615078770422 -4.62446789190312 5.9733163920915
53932.908409 -1.26874383559458 0.63456757057383 -14.60832 7.028295672 0.175711246375104 0.26363639878574 0.26363639878574 -0.0173087194925801 -0.696556732428219 0.735987290740864 -0.510512729674614 -0.81788822534423 2.42849297571691 1.58595441866029 1.17225592892975 -0.210226639085511 -1.69437863669898 2.31258453160663 -1.6339780477056 0.70416318503654 1.55334346254079
53932.909891 -1.01966607831866 0.628023180359392 -12.14973 7.025513006 0.174768418099721 1.12464416668723 0.359539651457718 -0.671104190569388 -1.97732520419097 -1.02084547367978 3.94267751293701 -2.64141356710083 0.0286300005006499 0.245700612825318 -1.6164677514085 -1.55586642527696 3.1737331688486 2.11949783941832 -4.23344406961181 3.38230948679502 -4.47873162322894
53936.830198 0.949661368316387 0.652062239085521 -14.32235 7.026920564 0.175842743117414 1.80674939588578 1.79736503601116 -0.922447148364089 0.576075460898657 1.65332023779789 -0.0564095296567499 -1.09736584659128 0.46606076366385 -9.44414284461975 7.52673778415298 0.56037923807647 -1.36296120654256 -0.460791788256543 0.976244537593373 -0.32605066731981 -4.62015613095781
53936.83161 -1.22166699691846 0.629097706306189 -13.80591 7.025093783 0.17561416073395 4.04621390772796 4.04621390772796 -1.97176844617875 2.50416116299133 1.24070734221871 4.07329128221834 -2.95985982313558 -2.34415358842404 4.45380743546746 0.72414372634788 1.52015067695537 1.85889944190549 1.22016388891845 -0.42965386796328 -3.28286981358391 -6.72447798262739
53936.833022 1.59316849578416 0.613809795631696 -13.93821 7.024062608 0.175445922448705 0.600616438302273 2.79777242776907 -1.32888831565297 0.773435795177065 2.37097681237343 0.38240045601113 -2.4036710488887 2.03968579001178 1.91915681470977 -0.058391815787938 2.38281819923807 0.60572712770717 -0.69911357145397 0.12821397608714 -1.63503344885651 -1.74241574498802
53973.841341 1.29474136068678 0.696301471737698 -13.05726 7.026134359 0.177492292687472 2.09111609038904 -0.472662609976318 2.12838248878282 -1.89211281353385 -1.71813308959075 3.60914580249501 -1.49095092727076 4.21743387767696 -6.07256683754816 1.82570273493486 -1.56712794174349 -1.17119272505562 5.8328280963089 -0.70432992142115 -2.94263776127567 4.34383124451689
53973.84273 -0.59915341321156 0.745251160804926 -11.38819 7.02962784 0.17856250569706 4.57361865698368 4.57361865698368 0.90591908764837 0.0337921931540301 3.17483063631467 2.73015075964644 -2.18636948580062 3.97070038714274 -5.76451088775956 2.94545993156013 3.62895200210614 -1.68193857332682 4.49376756147407 -3.57892505298342 2.28541560990326 4.07035244198521
53973.844212 0.0352704970191461 0.802359525414581 -12.30947 7.03245533 0.177569506485272 0.697167948255692 0.937308029495633 3.87414676593902 -0.380299042915566 1.51978437873895 -0.913106382427819 1.49229166239851 6.398852548819 -11.1340874163429 3.69623216340703 1.232719796763 -1.27821860595253 0.929482508180526 2.03188507963873 5.3540367157417 -5.97023098115845
54049.690234 -3.64287397770471 0.542313855902471 -12.58968 7.025907161 0.173809014849308 0.400343826370805 -0.49584407574197 -0.33323196885613 -3.12779632361533 0.20477628422401 0.49671737426196 2.25468310266705 -6.20428259597612 -3.62510187928874 -1.11580250101026 0.354418041618699 -1.11682460637452 2.91041027287972 0.91383246130597 -6.21820874021968 3.31469771575777
54049.693439 0.640324976018214 1.35437968993845 -18.52652 7.031852398 0.172869377038467 1.23171487571457 0.221346385845421 -1.61290248620767 9.61602984625216 -5.69921027381247 5.99729388198817 -3.39447433329461 -2.38911256678237 14.1146486651483 -2.08221040185296 -5.86835868391136 8.04114169614379 0.11565521517198 -6.03865300674688 0.21416617710498 6.75897412418409
54051.704501 -0.716500536713078 0.403342317613042 -13.43633 7.029659744 0.176552603861666 0.603913554587136 -0.072234627655679 -1.52293242408476 -1.00297381178698 0.83508082459251 -1.27156775033236 -0.78771694463737 -0.12292536883594 -1.14774375857397 -0.456525948764332 0.503681622502469 0.18920358351554 -0.997362068602526 -1.03162099029563 -0.00388542594013019 0.76803370054991
54051.707822 1.05476505422537 0.416460258716128 -14.69012 7.030123314 0.176643900767633 0.485365443381935 1.85694736690053 -2.27776045565314 0.000925466403316033 1.48713919439548 0.80174618831033 -1.54980928507275 -2.75868379358025 -0.663948157807046 1.41244044230009 0.378576801339269 1.15707573847375 0.73029552314164 -1.59985803721593 -2.4428311803201 -2.13896331033912
54053.754715 -0.541527574765786 0.332324407795719 -14.02228 7.025630064 0.177162388624545 1.61249317436159 0.83728517605457 -3.0375558533612 -1.93456997789824 1.48847293619973 -0.111183170445856 -0.480142277125283 -5.67184275544774 -1.9418708818718 0.0632352562878969 0.883153449809301 0.582893088976356 -0.444044906797507 0.086399566450682 -4.86917538459898 -1.82281871408447
54053.757875 -0.464138783369645 0.335388709451363 -14.13128 7.026588563 0.176576869780513 -0.384689569709545 -0.384689569709545 -0.227198603438451 -0.088294141986383 -0.88205501350879 1.13946439933724 0.800826769075919 -3.73220826406168 0.0108452284134509 0.599934815586913 -1.26150618595106 1.06190511601036 -0.122628511693493 0.851874625628356 -4.49195287413871 5.21183250338816
54053.761358 -1.28562515424635 0.334797722419834 -14.81967 7.02639096 0.176484515486614 -0.491260244657788 0.465247597111241 -1.02923316254937 0.0426078936812502 0.000465148843529883 0.977942384216974 -0.538930745246127 -2.34654915781756 2.08099649236644 -0.743833907630304 -0.34995658943404 0.72888613121841 1.52841554002125 -1.25741119368614 -3.83207823401498 4.68622386243921
54055.730821 -0.176518039589364 0.370228574971127 -15.98958 7.028108831 0.177530049859661 1.09632222392828 0.730196574331047 -2.96980626841283 -2.62591428035604 1.44121609623221 0.244045467957031 -0.708533694357601 -5.38264088145792 -0.354014051739368 -1.19323403857573 0.689763917386789 1.8819430168393 -1.45995147800232 -0.9333927846066 -1.90576613005482 -3.51317729647396
54055.734293 -1.10168727149927 0.385373148011037 -15.53072 7.027630383 0.176720525714597 -0.397595531435375 -0.397595531435375 -0.92711961944017 -1.01057301264292 0.305578983834943 -0.813098058788993 0.933429836966285 -3.21596396700595 -4.72202103166024 3.24081516775442 -0.74892416765229 -1.37991711424667 1.02478095574602 0.204724275173334 -0.197733892093968 -5.99605574966006
54055.737568 -0.147305004911751 0.39276506739216 -14.94281 7.026268579 0.177150265013667 1.34255843451153 0.715983947865387 -2.66942233073277 1.523028713864 0.119274174736748 0.256600431234541 -0.853233929285058 -4.37565553288327 -0.2366365634507 1.18854560004135 -0.08985485618682 0.00881901946963304 0.868571346799882 -1.96407059222192 -2.48133816804772 0.34066829763428
54058.572319 0.5138829588745 0.842772574048038 -13.5984 7.031557644 0.173576301213505 0.120735192422187 0.0967377013738441 -2.11934911468951 -1.75271135396268 0.966933720851379 -0.68029371677568 0.274454026882928 -4.60089260265839 -2.5553497494649 -2.00868064258267 2.34653234285726 -5.62791018187387 8.11051212981853 -2.8130396943137 -5.76316688502893 2.40423267956475
54058.573743 0.20809018646829 0.818193508937659 -13.12285 7.032629102 0.173879674477339 1.05949086931042 1.05949086931042 -2.64852947206814 0.340675324326309 -0.149806607536115 2.15860090691176 -3.02831748952457 -1.49048628071141 8.57072029774402 -3.96634377340424 1.69731205148767 0.208685110104403 -0.240701317595442 -0.925749694555947 -1.61248935376918 -3.54333969906355
54058.575178 -0.803368787269914 0.761813172975808 -10.35621 7.028659193 0.17570655209737 -2.56922637242569 -2.56922637242569 -2.2789277897343 -2.13670086040712 -2.30696931060593 0.74584236010455 0.07043612030261 -6.03185570077168 -3.75285768160337 -1.71176012055261 0.204629056172291 -4.82245386478089 5.09230274361373 0.233045822941698 -8.49713488143594 2.63418591226121
54076.591929 -3.58720458515103 0.712531043685954 -11.15684 7.030076803 0.173137367364375 2.14869330523493 0.20196098123025 -1.17867530449503 -1.12286758226964 2.31801883085217 -3.43725782743872 2.32727955977706 -4.14260842576287 -1.59860971048351 0.42007550474564 2.01078362766443 -2.86293562542459 0.101638045833041 2.4818825324263 -4.86406250204618 0.13057351674499
54076.593237 -0.215477905246204 0.680992188058754 -12.2154 7.029184596 0.174161151793329 -0.260179582849553 -0.260179582849553 -5.97589533449986 -0.855300383118625 0.707812517732905 -1.37606242773193 -1.71288709688621 -8.05349089987481 -1.30873132549739 0.581099999823104 -1.25066338294493 1.11684622342 0.549198901920246 -3.37446590023292 -6.56885621908399 1.46325504227127
54076.594614 0.720305567723363 1.20020776306576 -15.57289 7.031453121 0.170013424667163 0.776907321074761 -2.14237671875271 2.24809806181954 3.17132068528373 -1.77964355918322 -2.29166067320342 3.68584685582596 -0.83426735287068 6.90652537453153 0.89584186598865 -1.45608960629091 -3.9094437241306 1.84827349115286 2.50168088786313 -5.03284752231329 12.596479125339
54076.742793 0.572802893872879 0.50709755036396 -14.95853 7.029495642 0.175715939880624 1.1797725269918 -0.139536915031472 -2.4383556418611 -3.29980031294135 1.63139002821969 -1.51360674307435 -1.51262681862497 -0.37750476406937 -2.9191436582103 -0.45478088428888 2.41977256112317 -4.60497457723508 3.00394699864875 -3.4473675145031 1.64264959431133 -0.969504572396407
54076.745246 -0.398574235692892 0.483184152116908 -12.3798 7.030237165 0.175896021162235 -0.182864988619062 -0.182864988619062 -2.2147636118186 -2.72292890398207 0.281758230876836 0.741536840062028 -2.02344389380784 -1.27218843197649 -1.65516973162884 0.266401640439684 -0.706724064379173 1.1276585962998 -0.17891006254736 -2.51299508685112 1.18953490264434 -3.22240603875575
54076.747688 -1.69313588367688 0.503498524404304 -11.51926 7.028902522 0.175115910834148 2.06824708445697 2.06824708445697 -1.54998891093845 1.19441567938314 2.52035909823131 -1.62051234144553 1.08597400885513 -4.15861709189176 0.63199354058927 1.53020596063548 3.06447644339169 -2.82060006350733 -0.20283271969795 1.18282031610436 -2.00485858358314 -2.04899083315914
54076.750131 -0.71778731742996 0.522481670035648 -13.97256 7.030572457 0.174594087647017 0.582244154600458 1.39071728532117 -3.19714458533464 2.47826310608758 0.820094350422638 -0.368438452738417 -3.03426952787958 0.0456036289043298 -0.4366544902755 1.94789405376922 0.390331194315055 -0.706720958676872 1.81088661443732 -5.44962491953936 3.50051699425146 -3.23050200805848
54100.752058 -1.70276657047674 1.63939549468403 -7.1712 7.034986261 0.171522085626948 1.57281967380679 0.120656578826825 -3.99222602252181 -0.899875905158597 3.62097089146092 -6.14388224499805 -0.0942778561768196 -2.23178397389135 2.87704544768217 -0.265447063840007 3.5415446796759 -1.34942027198503 -8.17952920795012 1.28146957257301 1.54969289429246 -1.14616655579465
54100.753412 0.62906564837692 1.42737323683346 -11.7869 7.033429769 0.173058985166971 -2.35122077482676 -2.35122077482676 -5.51782718145379 6.76418319267396 -4.37603006214216 0.434559740565129 0.494902558993009 -13.9135417776006 7.21569507955326 -3.3841913024083 -1.73994674274991 -1.23224407833212 2.59373303005403 -3.59218380972688 -6.86945078383889 2.54907884922814
54100.754615 -1.05340922582317 0.880167883797103 -11.43876 7.027229427 0.175876534759973 0.605616470041897 -1.99410872476057 0.01390113632487 11.1948591374768 -4.16611669804792 -2.05853132111022 2.43342889837487 -3.13324851958404 5.87895640927616 7.4159555683638 -3.78602406628571 -5.58379639254348 3.39210585236546 -1.18503574232922 0.43090175255945 4.05263706146148
54115.573888 1.03222934884954 1.53101471024895 -18.99503 7.037186581 0.174691537778452 0.670174983807275 2.01670245646346 2.18742948627341 -1.23295637989122 2.02017687367214 0.64580931556779 -1.30345759307329 7.28971859739027 -6.45828281022732 -1.97942014585357 4.03483481268654 4.30313983747343 -9.46502002830824 2.49791953986194 0.765645019904099 20.8743100967454
54115.579073 1.14566875555117 0.84917615920723 -10.5316 7.028677325 0.176109180936667 0.975961027298826 0.975961027298826 -2.30320877228905 0.076315865056312 0.543447503615011 0.80823946668505 -3.77745343419576 2.47052560442616 5.85816998948329 -4.84736527040192 3.13146893816699 -3.12924624613028 4.06261035288923 -4.24125593395481 -0.890883443663832 4.27710126617075
54115.590184 -0.473888046921218 2.369124034276 -6.82764 7.038549768 0.165608566904926 1.84961931031497 0.759408549107179 -2.29662207913138 4.28843545343074 0.300998112051664 -1.16061075401638 0.954343615452218 -6.03894298136424 -8.88888840626996 12.1412412689094 -7.27145751072881 10.6929124424808 -9.7583703397206 -1.30780813311771 1.71024372436904 3.91887975659905
54120.606618 -0.0198331309424254 0.698903521312299 -14.23157 7.029249943 0.173927794910115 -0.529714238161955 0.107739344178861 -0.0574161298412985 -0.139431201794443 1.22979524004605 -2.08648809977082 3.50717269371751 -5.55914841488549 -3.5475171383146 0.854955390712438 3.62905752868705 -6.86655204217605 2.88086397929138 5.30055470101588 -12.3327861195993 10.8160641010135
54120.614546 -1.55831995521513 0.755660763634865 -16.23019 7.02801049 0.173327786079616 -0.352639780663122 -0.352639780663122 -2.98200098922892 0.640217439335668 -0.352916761720258 -0.37555528151232 1.7810457373596 -9.99923190888821 -3.40590801282057 2.42346308949235 1.13079558723164 -7.09427248506464 7.23425286378121 -1.90226013651154 -6.15992859514144 0.59468289641082
54120.61678 -0.927610895661954 0.760787109357547 -12.4962 7.029348212 0.173661052580455 -0.102599275112844 -0.102599275112844 -1.44407511946569 3.70392295654068 1.0692199881257 -4.53701811506972 1.30327126318292 -1.21819721129136 2.74995725260194 1.44948397521481 2.47995043860245 -5.52928972186047 -0.66285809944411 1.12667142370028 -1.22177980424873 2.78166756037336
54120.619164 -1.44144103896573 0.699964496299163 -10.77297 7.028529158 0.174588901762874 0.965709488780605 0.965709488780605 -3.56126197438813 -3.16100632949141 -0.38564957072985 4.56353255723988 -3.00518160544981 -6.06800905678195 -1.30813601837662 -2.68806847133008 1.98191823443795 -1.41287393436921 4.36271276148035 -4.4114052587441 -2.16200137376473 -1.68474024699433
54120.621583 -0.221115238600122 0.709005571443149 -11.0234 7.028232447 0.173207557354835 0.318435727130743 0.408936332098231 -3.17101854942806 4.51283242480501 -1.04177876698673 0.083424456438379 -2.98350463537539 -0.49770024263213 8.31083333154652 0.898579899046805 -1.87691713469832 0.347270800517859 1.17684532417688 -3.15154273858887 -4.61790475698057 8.01269734239367
54121.579152 -1.52883879289591 0.494980731165647 -14.76809 7.027472427 0.174383890142489 0.952251501378909 0.67215046152908 -0.13678994189745 -1.08835833829437 0.95210678911512 0.11462891443089 0.308168301976278 -1.13290681472663 -2.61933134319501 0.37565102644003 1.67480500049392 -2.07797931766546 1.53236524333641 0.160546112982014 -0.9054595961356 -0.23874568888874
54121.583133 -1.80631586501793 0.450209105959844 -13.05244 7.030079929 0.176261081059505 1.79776463693257 1.79776463693257 -0.09590809418327 2.3366897726167 0.89880508944027 0.376609258979615 -1.56049504964716 2.84857369889606 -0.91845166908194 1.77449520763015 0.70506290457251 0.07179560745677 1.07896899042988 -1.24623573246373 0.00786859047719002 1.81740463711758
54121.587265 -1.75568543487785 0.431203733108278 -12.61518 7.027081811 0.176057324864387 0.256895985793479 0.49433736279989 -0.72174015488093 -1.20787676099388 1.50371008570253 -1.33221213973512 -1.36704867289367 2.99687315111797 -1.8745677231997 0.71204566402318 1.11876756777867 -1.30685001752377 0.31249612610562 -1.84825809577842 1.26093327967405 3.67952319334238
54123.577031 1.64361079362425 1.23315736532381 -18.97125 7.023623807 0.173890080411401 0.251759076417697 -2.66667790736538 -1.7379910000929 -0.558499792981 -5.35410429813823 5.46632510133053 -0.92117269521526 -7.83228940462949 2.45442132880611 0.63014993546508 -2.40905632976772 -1.42442908511317 0.137381938057186 5.54368109362874 -15.0378501739207 7.07718056401186
54123.578316 -0.589491870130322 0.928878416791874 -13.08516 7.027980904 0.174566757115893 -0.844246462966225 -0.844246462966225 2.13170793341843 -1.6713486907466 -3.70545977751884 6.56137123802286 2.39236565668877 -8.05604359014236 -6.38926246877069 -1.32242406196002 -2.17679501883513 2.55907579685277 3.87625353366916 4.09750671767968 -16.0561699523195 16.0245698790581
54123.579774 -0.0494781508083351 0.804012678787123 -14.41086 7.027025694 0.172528103372601 1.89833724853441 0.733796372109381 1.5714685731157 -4.32242321937498 2.74166335651839 -1.40346399034557 5.34716628627035 -7.20077847712973 -5.52401282088378 1.98335071343345 0.376925447814448 0.293498210958297 0.042954494428371 6.1973938286252 -8.25739397721079 -1.54954869686987
54310.930619 0.239729834494391 0.695432636296776 -10.45158 7.031174506 0.177918162189048 1.09421876313004 2.08524337524283 -0.51007282641516 -0.503166988824965 3.0135011914409 -1.53148433751123 -0.038750075864062 0.658852411933541 6.35421532709018 -2.99985422430797 3.58769122719038 -2.77925437582224 2.47319586905216 0.21282424946044 -5.45474352784031 7.74052626022628
54310.931985 -1.2166044619287 0.650580339048222 -15.52676 7.0282298 0.178407746152209 3.00225960998957 3.00225960998957 -0.363373231133246 -1.1412210653679 6.70184751932053 -6.61228466433142 2.32056087199561 1.34581720193974 -7.05356769567337 0.95457475902509 7.8412262886201 -6.19293724486695 -1.31889855532975 3.99938316098369 -5.0980167753255 8.17666576878457
54310.933374 0.530501101499099 0.630901141858362 -15.41645 7.031392449 0.178792949771618 0.531448319008631 2.075488772305 -3.13720255500936 -0.140927165047688 2.60727783888158 -0.97955180357024 -4.41006023288425 4.13209463016632 -5.88012062196934 4.140723582187 2.56100275327857 -4.74293067335583 4.14905834617037 -5.24744102657402 1.39926408275641 1.75225648435229
54315.866973 2.0123487056626 0.740585972975185 -16.43865 7.037121062 0.177814731781991 0.175411289841575 1.96176270018751 2.52424498841756 -1.63752297936426 3.2754869723398 -1.62594346504723 2.86020826498258 1.08590436518112 2.62469580340095 -4.20672102520788 5.10352417189072 -4.2548647010586 3.57353109028238 3.06747044754543 -0.31931537502429 -6.26810789470318
54315.870538 1.64158544892425 0.696287972442299 -17.47983 7.035820177 0.177423155418853 -3.21111984230265 -3.21111984230265 -0.428607524649399 -3.23359874295462 -0.47299574226926 -3.47550447124622 -0.76865239698741 4.76154748411056 -5.53121993379886 1.9763644648188 -2.40676640854438 -1.70287957210868 0.28370770218731 0.542133019835467 -0.326311847450683 -1.90386310697489
54315.874137 0.821079063516461 0.70093105818703 -12.64527 7.037861665 0.178141887951729 -1.92073948797942 -0.406980948308131 0.656833713441805 -1.13911514968808 0.402589287660643 -0.909171959615328 -0.571219868541261 3.88521105625482 1.51139513332275 -1.08767660638546 2.43839322443166 -5.80851470914057 3.38645834327816 -0.075876133452363 0.95855691184963 0.59281528256643
54335.815676 1.09752154744763 0.72587927416212 -13.13443 7.036467575 0.176000868627885 -0.373294380604659 0.262593776981697 -0.324857712201193 -5.43019933406566 2.38438926450295 -0.995715435610538 -4.25059499711433 9.96718944063308 1.38400530638497 -5.45958719169934 3.73799085515084 -0.79651073135709 -1.91383787832881 -3.87322812172768 8.40567923599397 3.00055013575686
54335.817099 1.80796560891582 0.932139506538058 -15.13603 7.04099166 0.177022585992829 -2.81657708827011 -2.81657708827011 2.81752881715922 -5.63208213543709 -1.16481425444886 0.03409273824911 -2.83575308568682 12.7618103229436 7.86028593646638 -9.5600741956463 -0.119195001934757 2.58562384001193 -2.7202132075895 -2.74988063421076 8.6062902975574 8.63947880991452
54335.818523 2.50264667330945 0.816924751345035 -12.91868 7.034751423 0.177678326107005 -0.899228001078743 -1.27692506542584 3.22628540333429 -6.64102245823345 1.49518376103464 -1.5725780576292 2.81847295386644 2.67595047812774 -5.98224997808452 -5.48379614522158 2.58413196048781 2.64555926906688 -6.58795092121269 6.78725545001511 -1.62518046436499 4.06084418470043
54350.908359 -0.584416065831986 0.542189341159486 -14.12109 7.026580672 0.178042542480728 -0.38351738094595 -1.01794784230499 -0.251801292744963 1.09601802931729 -0.40775891207437 -1.93039575352499 -0.39966396697087 2.62396870363447 5.53925894770503 0.222524729866897 -0.850739734241913 -0.877920910552757 -1.84180191486809 -0.90461512415935 6.90020454606041 -7.36883524744184
54350.90976 -0.962541561978738 0.549263203449282 -13.46085 7.027516092 0.177555344100203 0.246620321251696 0.246620321251696 -0.801052080064316 -3.48337962415314 0.40154061965757 1.79513256893823 -3.84937793171166 4.85706755764288 4.96255476227261 -3.28977527526369 0.0264714132933299 1.89913186653133 -0.308822476527437 -4.10464825727637 9.25078041437553 -11.493377506249
54350.911195 0.28219338478505 0.558682608464111 -11.87589 7.025908715 0.176860552056907 0.473602687576047 0.473602687576047 2.41782421111863 0.311783373859839 1.49058807876181 -2.23569871123498 1.79988564689745 3.89153120282592 2.77144215344008 1.09900145477207 2.10227814575843 -3.1850171168268 -1.91833060758196 2.37137356923248 10.5256081824524 -15.9485117122357
54731.793817 2.74164316658449 0.454724068174002 -10.08808 7.030130926 0.182581908216396 1.02890288296331 1.8736680043909 1.22570007257523 1.15483225988411 2.58381788627432 -2.10369049408427 1.0811813572966 3.15214282295263 -0.957271469343819 1.076725130927 1.0365634664737 2.43639760505737 -3.45341924781927 1.54804802031811 -0.71449277700604 9.36640836206515
54731.795345 2.73908248544481 0.459059533346621 -11.87103 7.032084478 0.183002821695678 0.29926853997795 0.29926853997795 1.3854511393915 -0.60379318486848 0.47791991714637 0.0306254824746701 -0.5535680398218 5.1866796104613 3.10970883019117 -2.07276666545335 -0.00332329861217007 2.82526880949125 -2.89138840466759 1.45720955451178 -2.05525508877158 11.3954943855986
54731.796873 2.66592251296478 0.449211638530514 -12.24858 7.031167746 0.182587399066088 0.42522427486225 0.42522427486225 1.49743236437765 1.58729820546489 -0.31320434653708 0.44157240146471 -0.73156995326442 5.58049194709944 5.32969336988576 0.3581781717827 -1.18741013194226 1.68813354451974 -1.45449596881677 -0.27271070611289 3.29119343656788 4.06130945319322
54731.798377 1.97671191784193 0.446866973168392 -9.84452 7.031036251 0.182495566386864 1.12102982370187 1.12102982370187 2.23652588519695 1.53523042000053 -0.0936149138056699 1.35536711249494 0.6905105391447 2.42344874471918 2.36129263804676 1.98829622175528 -0.96234064941261 1.67690226983981 -1.22956271836668 1.91709618566839 -0.99602923285105 6.50727232267221
54731.799917 2.86838222249074 0.467686123671808 -9.84274 7.030796555 0.182080734507102 0.24380266019092 0.24380266019092 2.11158195496969 6.07474781184503 -1.51208290910932 -0.36548066171904 0.25865495813768 5.39477626275765 3.29039553352617 3.37130755086377 -3.37954365508532 3.83005308940347 -3.20183787688715 0.97236298885303 3.31286364068717 2.14398808070072
54731.801421 2.02344238048011 0.456306012714987 -10.3686 7.030657342 0.183206824522305 0.89207695352128 0.89207695352128 1.43928504320997 -1.47892719659288 1.02741178228914 0.67021624675707 -1.32869113212145 6.58532047762231 -0.18763904116354 -1.05167015171311 0.806780190153826 1.30938205357045 -0.56527297370719 -1.03716003561823 1.89762812430751 9.35257278712727
54731.802961 2.47264399662223 0.470973077921749 -8.75183 7.033463728 0.182145786108803 -0.389661699452154 0.64341106384502 1.97873405993279 2.47264406137447 -1.13077502892439 1.86115508843073 -0.77484406337222 4.92616948535435 1.98304298393546 2.35959309829809 -2.51422731755744 4.20249037946853 -3.1719594855896 0.20210416792261 3.26463760563792 5.29757784718141
54736.722175 3.43916406313111 0.610701651379562 -12.15474 7.037981436 0.177605161431623 -1.09726118418129 -1.61932708968397 4.84015006398836 -2.27899154559623 0.97456074702047 -3.58737678004715 6.26368073507717 0.70441023111328 -1.31698703659272 -1.70974201154681 1.04148862334823 -1.96614533237056 -1.06444562775674 7.04925915740271 -4.45623351220403 8.15209842637503
54736.724906 1.3447531043584 0.637534598393943 -11.92552 7.039827371 0.179008895687395 -1.1963232370163 -1.1963232370163 1.90740481180705 1.56038432387103 -1.40845492306616 -0.516420541464131 0.522641640170081 4.03478996218203 3.06731979852033 0.41778968019205 -1.74777093052515 1.05275962027136 -2.34070138292807 1.70486883592677 0.63446713862494 6.00923350221856
54736.727545 1.18450897258578 0.582605723740558 -12.64267 7.03515821 0.178431498714626 -0.671138670697634 -0.671138670697634 4.54250339785481 1.65601276260721 0.42105711107875 -3.09584762114903 4.4726944543804 3.92822312124283 -4.7442025348096 1.75347554836626 0.35375126773575 -0.29863527513791 -3.03366988900031 5.35330878450258 0.11881203506802 7.45464026276749
54736.730242 3.05525814011542 0.598246109650253 -10.31416 7.037212661 0.178830190036596 -0.27192672163811 -0.0134233181412999 1.91519391134845 -2.73319430072009 1.39246010892155 -1.06105897297145 1.65318717162286 1.91197093149536 7.77632412139561 -5.64550594294139 3.18764399388644 -2.9845365168954 0.98977620392474 1.63971103690237 -0.10002920959633 4.11515349363452
54737.81645 6.98695101243207 1.03198150860498 -11.19747 7.036385414 0.178551873903738 -0.900771604265529 -6.66625489344281 8.573900223467 0.0885850595235613 -7.37251632715541 1.26903944679406 7.57867692611479 0.9698950295675 8.45487677499366 -7.38856828709319 -4.79821314134449 -0.88764613204312 3.19713424676492 6.06355536380718 -0.521549813754801 5.1559631136328
54737.81792 4.60150809732876 0.848139322871525 -15.05478 7.029118493 0.179163769399653 -1.88328806542305 -1.88328806542305 -0.48255446772503 3.15898127340098 -1.86110494847162 -1.859041794763 -1.88859330926598 5.53745799548844 4.85640315991911 1.78118064943208 -3.03165689193068 1.80859453717092 -4.68314360261591 -3.00306803716164 7.93164306373865 4.62156056315234
54737.819437 3.51195736030775 1.0073554680031 -18.35403 7.036431544 0.179657459744487 4.43093185298161 4.43093185298161 3.34780022157783 0.064577807473827 2.32577094135093 3.86255553718152 2.04976841740291 -1.13564321044486 4.73601570421788 -1.46506945308914 1.04753382978325 6.39913323424776 -2.21842672380238 0.23245907416218 2.95638536463139 4.23515270936198
54737.820953 4.26016980847619 1.00013663747594 -13.21411 7.035371738 0.179579565835341 0.0233498582490199 0.0233498582490199 2.28408072533932 7.03658143007203 -0.17531925189847 -3.58891230824227 2.71460529968 2.93422390463902 7.39441352285883 -0.163141399623179 -0.0634884897476704 -1.85531401121749 0.99905733377924 -0.22562115197495 3.28379160292908 4.03178542066632
54737.822608 5.52017959841194 0.909770130582293 -10.29318 7.033154737 0.180082718409263 0.35506800979287 0.35506800979287 1.98662530292825 -1.57767514603474 4.39982369392906 -6.72953729228294 0.52456600723019 11.1990946974015 -6.39967808823763 2.61644492334492 3.38374609528352 -4.07932986367278 -2.18136843985067 -0.21237287859111 5.14537844112438 12.9032605490234
54737.824043 4.138348665873 0.681104861502857 -13.08315 7.032622302 0.177832856465949 -3.9126202571449 -3.9126202571449 3.05863330166187 -0.50972287476871 -3.10252709255152 -1.23214053091413 2.84650519895559 1.95513100253132 -0.43040565180438 -0.96967260751412 -3.58152720031382 0.0105681730693101 0.58654105004781 0.76884013660689 0.72020500182583 8.63309164223786
54737.825536 4.84749089089056 0.675953981874762 -14.8251 7.033638129 0.178654377474944 -0.47519010460525 -0.47519010460525 3.53956573837135 1.88577213387831 1.58559256207779 -4.9961923961752 4.97933779414147 2.26519675931724 -3.19181167278815 3.00454100682966 -0.0370813362793303 -0.81645038448237 -2.66782574482362 3.61642324884444 1.92557359120153 5.72370236901797
54737.827064 4.87176308857683 0.677692250193227 -9.74503 7.0333266 0.177821628635543 -3.34502153739584 -4.90036859157239 1.70643719576989 3.21703194312591 -3.30294998295459 -4.92311267984886 2.74937897131607 3.20912650033782 7.77651431921133 -2.22160062242872 -3.05555990086847 -1.77557439712143 -2.31573830153498 1.20387585763293 3.96222831222399 3.70492024578882
54738.819384 7.87676897917374 1.14306675053819 -15.64349 7.037710836 0.180492415719145 0.440149624868149 -0.0801486488327505 4.95788054504484 -0.659994524956869 1.3414896756381 -2.27510492249618 6.83858883032126 -1.9446439746687 8.66470719085288 -2.12917151000314 2.22790367071633 -5.02151823182754 2.51566372151815 4.89975015298202 0.237405827378302 -0.102794307492101
54738.829476 5.27224441371528 0.975925955642491 -13.30211 7.041195472 0.178977517582588 0.39627895518588 0.39627895518588 5.03424131291155 4.52715501705904 0.94645369214073 -3.56849595647176 4.94881430768545 4.12440432619878 0.538477558681726 5.4148915950753 0.47059570758086 -4.90646984724479 1.31271813936035 2.96933945005531 7.82506297632059 -6.65422337100083
54738.831178 5.47040619326373 1.27124599637123 -16.69308 7.042704159 0.179618423086985 -1.62373575814492 -1.62373575814492 6.2178023999224 -6.7138314809464 2.44878256089394 -3.94764515724537 5.05196613520682 6.95324455922231 -4.60404655691597 -3.92543636508384 5.16269081849356 -7.69359698710006 1.91835989342146 3.78545547947498 1.5491043649645 15.2964594761695
54738.835622 7.05822719783715 1.05881207794435 -15.09297 7.040535512 0.179069690387199 -2.982644444068 -7.68660935066249 8.00273194615179 5.59338560869148 -7.32172089593252 -3.69653440964346 7.68314668462762 4.69253804929246 5.8286642164509 3.19085111594511 -9.02221841855448 -0.87306031510137 -1.04760768024483 9.16834952345038 -1.41782027451498 3.01735379587118
54738.837196 5.52718107943369 1.02848100410566 -13.79533 7.039047977 0.179315311135703 -2.982644444068 -2.982644444068 3.3210168235933 -1.88071412488061 -1.32470871942321 -2.03277127518615 2.97433161312287 3.00510314191647 1.14275214901902 0.246666847803691 -2.7572625777194 2.28633754875041 -5.83185181172597 5.8374252758303 0.63946397056627 0.92634901466352
54738.838631 6.76590928814823 1.00523882962444 -10.96496 7.040450234 0.178053836494479 -2.34253996474874 -2.34253996474874 -0.18518411831941 2.13183553566702 -2.16362883754333 -1.51181305355868 -2.65316840945114 7.55854574094799 7.62788360671075 3.74110391454411 -4.96703521860178 2.6579438572798 -5.6306839889813 -0.50732104555021 4.73227200824312 3.01160982762957
54738.840252 4.88413065933221 1.12625100365515 -12.2625 7.037694375 0.180106554234649 2.01250262636176 -1.63411334790661 1.97929489250195 0.57471559828165 -1.82138797257479 0.0396987069293999 1.75230316322625 0.479110240424941 -3.08106478583342 3.62155056558411 -3.3186146473931 4.20331512066713 -6.91931582151567 6.48254314032817 -4.4054426268007 5.07764693543013
54742.753994 2.6386288275222 0.972103640734114 -10.80298 7.034868237 0.175666073786888 0.882252457707397 3.78772800348487 1.14069024937967 0.88901981587007 5.06552045502672 -2.94514745171341 -2.06197627747298 11.0958954887881 7.07823152331982 -4.11537591295128 6.97527308750646 -2.52632080103481 -1.73578387416183 -4.82179159290528 17.6073416153731 -6.43895445836466
54746.726548 0.809373111757601 0.415869495588657 -14.18399 7.034663326 0.177416442593691 1.08555806328619 -1.52298244846382 2.94951745778975 -0.42976573225721 -0.990934071000959 -0.757501405156531 0.199726029800766 8.59195640855742 0.3298224078268 -0.814826315674684 -0.447715056759698 -1.65594294004609 1.03195243453502 -2.09273642214304 9.61119130125426 3.00966725835135
54746.729708 0.669716113075945 0.415571866676951 -14.11885 7.033023543 0.177386365165296 -1.74989463620034 -1.74989463620034 1.96403119492678 2.38333836354791 -0.86414916501294 -3.20035066097014 1.45987837143476 5.57134574071194 3.33723959312317 1.36869877219503 -1.33337090262176 -4.68295824883451 4.09639596672738 -2.51495638611702 5.85072514069196 4.28852512918588
54746.732798 0.527626556575284 0.396861630747884 -12.86727 7.034508546 0.177463655240461 -0.309543486436402 -0.309543486436402 0.989794153171782 1.01386946293618 0.0766315823600251 -1.39528686676499 -0.607562829819678 6.36393820269794 3.04314160971243 -2.87089523758221 0.816017660498031 -0.555349175385938 0.610056830222346 -2.68267197632031 4.98376876000185 7.44983012516109
54746.735796 -0.0962378434981701 0.387959772517163 -14.32977 7.032901311 0.177772217570763 -0.0381935611956265 -0.779069138228896 1.7982655790834 1.41905923414832 -0.614028056065808 -1.24165474396011 0.767276142520897 4.62493428639108 4.47667417526651 -0.242562043394093 -0.63948573460247 -0.72002264223196 -0.918003401306657 0.809535574708263 2.11981033829759 5.8606469753257
54774.704776 3.55309041461895 0.375018634265019 -15.52141 7.035223703 0.179183553572444 2.09326321217478 0.61038648611056 -0.84210129740202 1.04798976638317 -0.21857329808372 0.86246211471674 0.57541166850926 -5.04129263441688 2.0526533013821 -0.54312261352901 0.33321581188621 0.29379118893486 0.0581264209113401 0.7784634643759 -2.69265624922638 -3.26477133074081
54774.708503 3.66687955649695 0.402164891419886 -15.39528 7.035103346 0.178784082292323 2.08214288198761 2.08214288198761 -1.38374929245233 -1.29638607767155 2.06265976073468 0.854952750267549 -0.78060736501346 -2.6754076839536 -1.10829423847328 -1.66455988472292 3.29932761550429 -0.404888081119591 0.31140813514901 -0.66587632608028 -0.12186550170166 -4.49578056157943
54774.712334 3.77578199089178 0.402592644447469 -14.59225 7.035986952 0.179079732858385 1.61170876772622 1.17661781469543 -2.78828395369095 0.7609104166859 0.5187085445514 0.73903911849712 -1.19286814120966 -5.24717312581279 -1.31451224538166 -0.30630775957396 0.97810806178685 0.80277905335614 0.16157608760546 -2.08307152871588 -1.2343550789482 -3.07817084680996
54776.732669 5.74226668411494 0.670174367813066 -14.50078 7.038631226 0.179025296590715 1.49036993637332 0.0214174801738602 -4.29065699862954 1.99090476774891 -2.89732611460227 4.26076607419546 -4.87029222897374 -3.43177753319154 3.85078695844124 -0.7510614907906 -2.07760360569165 3.21357388068143 -0.605745454923071 -4.47218621631029 -1.21931603208311 0.52296418038396
54776.7351 5.75114671956196 0.608424525221327 -14.19373 7.036762909 0.179320681500197 -0.0220149281756594 -0.0220149281756594 -1.17993484082447 2.07920848961277 -1.37510394535748 1.27209045456226 -0.698692617455721 -2.64059076724215 -3.78128254362024 2.84941023343635 -0.68069168326806 -0.37548291380734 0.17293952929978 -0.0635150559499404 -0.456550381948279 -4.8204924756348
54776.737588 5.12778673844997 0.59071923403435 -15.50693 7.035682615 0.179480836875594 0.63553214882332 0.63553214882332 -2.31716210459011 3.24883204380736 -1.94269672326227 2.84877864124619 -1.26697726402013 -5.89090067215012 1.42321393355728 0.7151689345882 -1.22681721959328 1.58811268095416 0.71927157895344 -0.92900985761756 -4.52336327734375 -0.501525175346046
54776.739949 5.04968777950541 0.580971079732949 -16.3392 7.039279701 0.179608614456263 1.57737043422278 1.57737043422278 -1.8346052204456 2.53890488416527 -1.0366847293842 3.3212084860345 -2.25585643501324 -2.78161804176496 -1.91367706511814 2.4836025011057 0.25663137519292 -0.13348453518812 1.34716789473275 -2.29003182298558 2.52371380884546 -9.43582201989775
54776.742438 4.99199489332546 0.585358803957623 -13.72893 7.038792817 0.179653039831165 1.15355744235032 -0.69996208384073 -2.28900786456665 -0.62297319792488 -1.50277544641131 1.85391389195906 -2.63518090304198 -1.25118467327218 -2.02355792007271 -2.2014073050799 -0.131257605850619 1.8265781342114 -1.02823836642124 -2.19628027330718 2.30542270441017 -6.88702318140607
54800.657378 1.6041333373372 0.327849963132634 -13.27268 7.03760934 0.180611956494723 0.298865310250217 -0.40123460686195 -2.64793911982192 1.21581927017975 -0.85627255640585 0.0391102548028099 -1.26137066104939 -4.37573852440426 -1.93116898168966 1.24710143163995 -1.12223264784129 2.98362658599639 -4.39241134099622 1.19835382911144 -5.58132194127958 2.3478571027808
54800.662841 1.13669595570458 0.328646418981928 -12.37937 7.038030194 0.180696041806214 0.633960367706275 -0.11156317087548 -1.89440126985708 -1.12860061302584 -0.235191937104503 0.948552151831613 -0.16465005985888 -6.64501136184014 -0.79845499649581 -1.88456608319679 0.137506815899722 3.04521227573503 -3.04992842108035 1.47971890219469 -6.11304437686829 1.13100220847627
