52937.568287 6.05127393208957 0.592943124777514 6.581074 7.192588169 0.1464388418702 -0.34816745545013 -1.91800067808352 -2.05411337517172 1.05465209586864 -0.988821040375059 -2.46719577292757 -1.8556790376975 2.25774602477834 -0.868401127448371 0.950759368461701 -2.49763987071196 1.24106996219835 -1.80033635030047 -1.19201713144329 -4.5884186050843 11.5891386462883
52941.557719 6.51023071293453 0.631311997502077 5.099292 7.18934791 0.150152578918891 -0.18506799862788 1.76326796826605 -0.27470633871435 2.82927436528765 0.31889075614457 1.08994151964833 -4.0653841789406 7.43330406471376 -3.00925360613112 0.41617708740635 2.51947191512428 -2.54227499446613 3.45411506265397 -5.11992961586184 3.59068802829531 7.00713894145175
52946.506099 12.4366543337459 0.547508257449669 8.624202 7.192059651 0.148721880172578 -1.54183803278243 -2.4023910167323 -4.0146843486313 -10.1025834531011 -1.99288505801531 5.72531803706801 -8.90492871599049 4.43709022613889 -10.8525230153578 2.8867302964079 -4.70780042706481 3.40212043642021 1.1014528429674 -5.52178340833056 -6.07413557216648 13.5939356301128
52947.591546 2.28710965374424 0.542228807710788 7.376487 7.194702242 0.149079960678903 -3.66526271582497 -4.45454107222248 0.607717823885454 1.99913884303539 -2.17422378550857 -5.93208335734018 2.0496099029267 3.49055478398697 -3.10921869549198 0.95425738774615 -1.68417413831012 -3.70738050218076 -1.65600711429029 4.04648835170834 -5.25522547132307 9.73844024534043
53203.835356 -3.46160077272231 0.514491970608941 5.041503 7.189853327 0.149870463059856 -0.117187838333524 -1.12379097455552 1.4217782826022 -0.56793694233344 -1.27917287322244 0.64908662196211 0.57112011380705 1.23096920803701 1.77457918212574 -2.33299697026503 -0.90429270142177 -0.0870812001472503 2.38527540808032 -0.91209768153306 -0.77221864981079 6.18987515380858
53206.827584 -3.72466581219539 0.650977356396407 6.033193 7.193197944 0.149642173521716 -0.113616761680591 -0.0889491739827601 0.16788663139132 0.78937144404114 -0.70741188891953 0.77449965414391 -0.44702155300393 0.54363102223075 -2.14680886755437 -2.56255029801567 1.72779366868383 -3.40042542836505 5.73188223561597 -2.75423593917415 0.1751030675749 0.8139479245768
53206.832676 -4.6272442631223 0.743785435254313 6.013442 7.190263777 0.148227684414583 0.274608383255373 -0.60063415862748 2.2290866440746 1.59211374221302 -0.18035756029641 -1.62209588693074 1.7838928389266 2.82400954357492 2.04996089786267 0.99974726097761 0.17234870213744 -5.50392227467302 6.41650242956498 -2.26260028780978 2.52786026728135 3.92686822537005
53211.854032 -4.32004134105134 0.491115673798911 5.441747 7.196757376 0.148640200827045 -0.21565659626248 -0.21565659626248 1.36354371330044 2.01724056075254 -0.66796073501031 -0.26807088386682 0.0410796260196404 3.34412589343238 0.95667234806721 -1.121676619866 -1.43823724342644 3.72589027208084 -2.2564662039915 0.50005514788347 -1.58178422297384 9.75850543107463
53216.827809 -5.74884921724962 0.694192403330518 6.124618 7.193858847 0.149022655772021 0.952229425685635 1.83059797569753 2.21431215489085 2.2521127672466 2.4970167859979 -2.51765537947124 6.58205391360221 -7.29467396671856 3.35592106183848 1.88605490020228 2.92095883322664 -4.62748767765772 1.8197439434518 4.92999035366456 -4.03204905326027 -0.549191357429891
53216.832844 -4.78283838677337 0.649213730725135 6.368231 7.190633574 0.149230255841377 0.0345953486352233 1.11254046706983 -0.141735077270971 3.30056123255719 0.21429762308922 -0.0378595938493698 2.24917960226654 -5.52573102958928 4.21879492548787 0.51882791649327 0.60572304089331 0.61770322130323 -2.0451120974484 4.10207471823331 -6.19340229077888 1.28759643299605
53266.670717 0.694424683813668 0.545453182502304 5.715292 7.19073015 0.148889327530545 -0.357013405504315 -0.314539973149867 1.4533261044664 6.89419669421751 -3.34719481458151 1.97081989331518 0.4967249293295 -0.02867001188311 6.03500288654971 1.94638026036327 -2.76626107517306 0.215683738053263 1.68904687695427 -0.21338999969532 1.1459824778089 -0.96636458733646
53266.675983 -0.123161652091512 0.524397887092401 4.305009 7.192011445 0.148379338496105 -0.322677417603284 0.616629149900359 -1.02490845402035 1.97732227783257 -0.467825516682751 0.983893103959932 -0.735316525293534 -1.73862173519366 3.1785857764364 0.871443368998731 0.093692174482943 -0.905567276576197 0.758591950481208 -0.714386186033654 0.013820235448519 -2.49477965772871
53269.697938 1.52983039476289 1.15795190067471 2.84449 7.196530347 0.145065912568923 0.517207457805849 -2.85983805210026 4.7834473102841 9.11167861098135 -4.76648542438439 -0.837022956859591 4.5002827968077 1.51217323011734 -7.49696430911091 5.53616693745152 -5.58503005802372 0.0716410460161099 3.06207801074569 -2.90862007928992 10.9863573058389 -2.69656258757815
53269.703829 5.12706445252649 1.08281788911748 8.387531 7.201835763 0.147038507096913 0.252025026047747 -1.04209797957656 2.98944684956781 -6.82183617302572 0.26952738582463 0.93383178313899 1.61743483432696 2.06343845375161 3.28216176905087 -3.04570552555101 -1.43765242431758 -0.55405590745099 5.30192851567981 -3.24289394766131 5.76379221532645 -1.70176408366462
53289.609601 1.22061741736126 1.06568299578158 2.50319 7.187378119 0.148710058980134 -0.493084839667161 2.10358095387983 2.23293351169633 7.90848450130637 -0.722316714201698 1.60116628092282 1.33724281877519 0.32444392789283 5.44266360028628 -1.25204309744017 1.0150674448995 2.35828619401147 -1.43566251823532 2.81992195895552 0.434208526271489 -3.12047001767275
53289.610643 5.68711904926091 1.00416943695282 -2.22909 7.189049899 0.144096679739687 3.25208397437942 3.25208397437942 0.00675730765214944 -4.17463565490149 5.90222244020535 -2.9432927397855 1.94658787279536 -1.17786099050338 5.94052853717012 -8.21293976155878 7.42384881660661 -1.80204572040198 0.0645472914294398 0.94359300100383 -4.98438801810599 11.5151956790709
53289.611719 5.19238510001452 1.18615367397105 6.093471 7.19438289 0.141016100047892 1.59483777152857 1.59483777152857 2.02954281447263 -0.84493992116331 2.75473454315518 -1.80055844397699 4.03931840865559 -2.52379301667064 10.1217795169077 -10.5513487376025 7.74410766919538 -5.3899116676754 2.82803512274404 1.93850165624169 1.82818137859353 -4.3847296027035
53289.612749 5.87720560291111 1.11787178970565 5.832879 7.189167431 0.147527349168988 -0.83857114633054 -0.83857114633054 -0.660563273559641 5.12236550607354 -3.59938480296957 2.71948925278622 -5.5464122006498 7.88538736099071 -4.02899247018489 7.24974107020185 -6.57683714604638 3.39876999941969 2.24948879191464 -5.90228994478729 0.32902983939253 10.9156479189601
53289.613791 4.03228456619115 1.21831754941661 3.956759 7.192655086 0.143404340927952 3.14433076381945 3.14433076381945 3.2096513527675 -1.34114509025193 3.90946805907267 -0.82103127487575 2.45746042616652 2.50091029380855 7.40907062257026 -4.29974453150045 5.97070189169816 -1.733994391527 -1.78935814747152 5.02489669171347 -7.71988259279142 19.7942356093729
53289.614856 3.13923643730432 0.975366808176669 -0.28699 7.187487733 0.145800782430519 0.10752671256743 0.10752671256743 2.75487721687804 -0.57398973587599 0.40563101999039 -0.27800955154431 0.78430129814677 4.59669993565723 3.64400570067068 -7.32919450945708 1.37768249696016 5.75229957917281 -6.54332583058397 2.35283953609267 6.74567301836544 -4.76482695610795
53289.615886 2.91682206430582 0.960561811706778 1.849944 7.189784189 0.147009967289322 1.37865138248487 1.37865138248487 1.97407916102746 5.65681006044308 1.43081310399939 -3.00628507964768 2.48811505920208 2.04777451367503 1.69427740023931 4.21841925844889 -0.36565985978945 -1.97643469334188 2.78263927917841 1.26566308539241 -2.42667659186909 4.19610232544552
53289.616962 0.181066135778707 1.07502591534899 1.68903 7.192697773 0.148510673146771 5.43562721542688 5.43562721542688 1.77631119597712 4.17682355050568 1.58934472111832 5.28008183151378 -1.53764503190117 1.74862788843969 -5.6655418789063 2.94333247834796 1.00334404029603 4.67972107911565 2.1437869686793 -2.72023144916716 2.94658742767248 -1.2265490953661
53289.617992 1.42222763120911 1.12798157635831 3.281675 7.193784929 0.148422437539236 4.19758236779272 4.19758236779272 1.63860670716706 8.23702132142137 4.38667534437739 -4.31280730887026 9.23958613396924 -12.1581092136374 9.85311654059671 -0.374877045044984 3.25416876082798 2.3185612302619 -4.36211794654881 10.3018367376321 -14.3045637619075 7.33987932484094
53289.619068 1.79706076182161 1.14526405534562 1.430864 7.188343468 0.145892115869993 -0.917880410959225 4.83621057946393 3.8123948975089 0.36808328989638 4.22773222066802 0.97339207827391 2.82491460805458 1.14831897997667 10.0370002086645 -0.428956652226812 3.21901184880483 -0.29073515743696 2.8137747069497 2.32389965847255 0.47346972044706 -2.53533012934048
53290.593436 5.17748234717051 1.61767251508822 3.479567 7.19514592 0.133557006167976 0.429027470799544 4.62884100482171 3.44677083774516 3.85068616721739 4.70996858226737 -1.86374006161867 1.86453630883893 5.34014803262158 15.7511916180342 6.0050518822506 2.30161049907057 -2.64827083144012 0.15769475594562 1.3392836596991 -1.98961127760056 17.9496293062409
53290.594513 0.945403062746843 1.54551276730915 1.422858 7.197693049 0.136701623831812 4.77333128105833 9.05772336469084 -4.25384183071828 1.79433535018232 5.06832723764951 6.77538151776642 -7.46283833019336 -0.00958293608550921 5.05947727250699 -1.95106655422449 6.32146788967352 -0.598293429706685 10.5354866478235 -10.6714128977161 -5.00424538954705 10.8148437679813
53290.595577 3.93952778833656 1.79736126524728 8.295327 7.198161004 0.144227136554115 4.77333128105833 4.77333128105833 -3.19394217028956 -4.7441214921815 7.80681126816606 -3.64508468604482 -1.49828593812422 0.03976731941101 11.3825696078188 -13.2852760002057 10.8679400980416 -3.29767550358308 1.75379876619822 -1.4670571676902 -10.5698107327423 19.1518387811732
53290.596573 0.571555453077557 1.68891511214301 2.110046 7.195643279 0.138836544310372 3.62557127743103 3.62557127743103 -1.37997218391604 -0.20203303190924 3.72089014489185 -0.0898155087325598 -4.64805399931123 7.08270951089677 4.47776711702815 2.60222345629471 4.17649868516134 -5.1339391194086 3.98551989513935 -5.04952859560489 0.55845356890784 11.0934138560632
53290.59766 6.61121523125706 1.88881541855946 2.239287 7.199513491 0.142547598201664 4.48198710819616 4.48198710819616 -8.21702744033954 1.4243611128347 1.53590738553433 4.88628464904872 -8.18997295228451 -4.95889383669154 4.41630396429761 0.27829187774043 0.86302378654455 -1.32309463507675 11.8960775065402 -14.7770633088456 0.24271476455804 -4.63060996220189
53290.59869 6.24728443937731 1.81073667171454 9.518619 7.20057334 0.133655506936756 5.23836853571885 5.23836853571885 0.46691554434594 -0.39509847038271 4.61427561737383 1.33746609215835 -1.11375534529085 2.06376050108929 3.42940403508486 4.7619186706286 4.68552326366798 -2.63889006378641 0.11200516142398 -4.1748097353547 8.90038603188405 1.4319914413784
53290.599732 3.4373661749526 1.54907736763099 -0.29216 7.194109539 0.13665894679403 4.60017267981359 4.60017267981359 5.16973021308744 -4.1159839079982 -0.76048943977727 12.0377560197595 -2.47325401273588 4.24629267614019 12.2811819598173 -8.24356378826723 -1.46802004958047 10.9150061907112 3.85565624111545 -0.50216614515627 -3.62749563431586 6.50957735337653
53290.600797 4.98454589826781 1.59559445217066 8.444748 7.186039658 0.138565366411092 -0.0154162971278096 -0.0154162971278096 -1.00587056646108 -1.05665942929445 1.40844992678861 -2.23395847566031 -3.65375732513559 8.11078001622567 -9.0486221579894 0.73456655675072 2.77505549330208 0.675550349903651 -8.08336365071196 2.48161328097927 0.63493894211685 6.05811200090366
53290.602892 7.04065660949408 1.53706239538351 2.373559 7.201626536 0.133450839228072 -0.317131122229351 3.44457946833335 -7.67796571415475 6.17395815117148 1.93309581789689 0.0567287400498699 -3.67730689663035 -8.80979069804843 1.58218234209311 -1.10118801777602 0.24604655866849 5.57571628478737 -0.3812702794638 -3.218585326941 -19.4464460979328 22.5503417773641
53292.589227 7.12416779161198 1.4303311869019 8.299979 7.192604618 0.152797439284355 0.184559517023475 -1.18252415649859 3.16555615458896 -1.7300496462355 -4.25206707795289 6.58165672283359 0.73197127155813 -1.41422841533517 10.9075128293101 -9.34359065057523 -0.9092851358791 2.46023263908797 3.17430484952418 2.09829415727018 -5.88247700199649 6.73641611217769
53292.590268 3.47665546735396 1.31135438992343 8.635801 7.191625544 0.146910244106103 -4.5023189005044 -4.5023189005044 5.3630378465871 -0.284446986987709 -2.55171474267546 -3.56147643018013 9.13780273411302 -4.58401690543445 -3.79258377334167 -3.11470258498843 -3.12183544447906 2.31956087974065 -3.37710108520278 8.10117096498645 -1.53986991497265 -1.90736840432299
53292.591321 2.95508647360819 1.25566559688341 2.756592 7.196085959 0.142541900045822 2.39078121505998 2.39078121505998 -1.0440911081357 11.9596787391125 -1.38134778604685 1.27797107899254 -0.52103455772328 -2.44457485932328 -3.57060279167527 6.52880950460637 0.99150923722595 -1.77596635609806 0.20750009226535 -0.64152454173715 -2.83154814232537 7.72872194478435
53292.592432 6.6590540981138 1.23211471973938 2.272531 7.192121671 0.143391317072585 5.27657908958978 5.27657908958978 -2.76841925476723 6.71306855205054 0.98458966054556 4.94107378995461 -2.89970164543575 -4.88978379177279 3.07198368778739 1.65473059122908 0.47190189135332 2.5316188460172 6.36650355722201 -5.45939773816386 -2.87041021578594 -3.81871823272483
53292.593451 5.35732341450832 1.19175070163286 6.979908 7.186113656 0.142528348596235 3.50561184057092 3.50561184057092 4.10244245083796 -2.40708443444479 2.95412471180326 2.20762955322973 4.46702466991999 -3.09014897583842 0.76240841816511 -7.43186703428025 4.23214564561735 6.24902667451891 -4.87777238628819 4.5203526573185 -0.75887435630977 5.0800068764286
53292.594527 4.79245791482381 1.14059339978501 5.363556 7.191541967 0.146118305084875 -2.56024956532701 -2.56024956532701 2.964714124027 -5.53941618821572 -0.74935534745131 -0.78775029365819 2.1506378132154 2.62681052369189 -3.65434109241489 -3.79135164311672 -0.67098731749412 1.28219602953274 -2.02216071023915 4.54017342940389 -8.91471433580842 19.9272460159388
53292.595604 5.50291557125411 1.20433647443839 9.88993 7.189608916 0.149075084096972 2.16898062497579 2.16898062497579 -0.26234779249753 -4.23114478885626 1.10871989522121 4.10524890076418 -1.60303915108454 -1.38064146258735 -10.6904739706752 3.58249113723681 0.533023724429469 2.26728304606359 -0.81611156101058 2.8314839836597 -6.54609649964149 1.64297372997225
53292.596622 4.9542501884557 1.46564335335973 6.149167 7.197744746 0.145729262083601 -0.474449732270094 6.27441438708827 -4.33294010794785 10.6749223394169 3.9120378986521 -0.45325025665883 -1.19051012013147 -6.36201988020722 16.7202439801974 -2.08819265055936 9.86245317594917 -9.03027598471765 4.84543636526916 -5.2376582042033 4.25701493344044 -7.64138352914108
53297.663199 1.48225296710731 1.11492153057211 1.143908 7.192699979 0.145369831095393 0.626934935854074 4.25444144824584 -2.9550165474739 4.16402599295514 0.339069977487953 5.42075926948024 -4.77617270733741 -1.60464704564766 9.03450771796423 -0.271833201630793 0.313294458666184 7.25457098381115 -4.93615237209005 -1.56803893992667 -3.22910090743993 5.62599713925453
53297.664264 4.52567190231242 1.22922087422006 2.390564 7.195160213 0.144423000856276 -1.78059651432599 -1.78059651432599 2.50202901835981 10.148994212423 -6.74757966391598 4.59742926973031 -1.16517647731808 3.23603059056865 14.530874122476 0.56743882597245 -5.97611216578982 3.2428227290131 0.97223364321855 0.79580014240539 -0.18920000315025 0.159270295871091
53297.665351 2.8429053149252 1.14375177537504 5.246456 7.197278957 0.14012671170234 4.59079340141396 4.59079340141396 0.33878656852165 -0.301194742883868 6.87599587804628 -4.21032332660043 1.21756216901987 2.44978943250934 4.66951713972007 -0.646257500027755 5.82139063237197 0.27517376483193 -4.83133287039658 2.40457050465978 -1.53686772464874 8.80494607728965
53297.666382 4.86739512034924 1.22960308514089 1.811461 7.196202117 0.141866223536432 -1.94077136015628 -1.94077136015628 2.49479776436102 0.47421434769462 -2.64857202238552 1.10639476862945 3.30166848033899 -2.83663806840524 -0.36148786438971 -4.33864163262332 -0.64553574311308 0.52190525312022 0.80972316059077 4.55848643341428 -2.79220682768945 -5.14256919365341
53297.667481 2.32712994998605 1.25087897328385 2.666024 7.198069871 0.147568900387856 1.14334904749904 6.54928855346102 -2.83023134225612 -3.10543984360716 7.87612640223891 -1.03812696685733 -2.56194904279653 0.46604563450268 -11.2893310329272 5.50920370122719 4.16692244055849 1.58957098995487 0.26986928032133 -3.6527519575554 -0.11412781199217 0.73960032060483
53297.668534 1.04500678223059 1.2140939768382 4.670555 7.202185143 0.142672029024712 1.14334904749904 1.14334904749904 -1.9028679139349 -7.53683648658231 -0.36389169630496 6.49114080817828 -10.7673609128621 12.7374033419114 -14.3091907243791 -0.00478296287166402 -0.263576628001707 4.47448483616051 -0.0614281932777301 -8.67399237925356 11.484536646357 -5.71033910595331
53297.669576 -2.98900697296504 1.27322035237834 9.855184 7.195506993 0.140980320896854 3.20314975253392 3.20314975253392 -2.2539187021549 0.21523841467189 -0.95137201786424 7.68194335679942 -8.28563684967939 5.30802654770573 4.16378160531658 -2.18491661445898 -1.84390311309689 7.94484056599635 1.00896419817453 -6.01999378577841 -0.06379304193712 1.89518861148437
53297.67064 3.2779807929032 1.29762252744153 2.303365 7.191438043 0.145492070984413 4.91135350558663 8.23230955228191 -7.49105004748599 13.0404283420209 4.5311690966921 0.98369282023646 -10.775891048641 6.11358013223955 9.84179889853812 6.92876791234857 5.02702139083523 -1.88583313524585 1.45205913110063 -13.5167219509919 9.06520686604518 2.24936325732576
53297.671682 4.01844587702674 1.20803129428031 2.109075 7.19747529 0.147481235346717 4.91135350558663 4.91135350558663 2.1947059870885 5.93365152463308 3.65780393820558 -0.52359918953501 0.68756890259827 3.86500042848693 -2.03289928584844 4.07324655706897 4.3751421833206 0.60820479319474 -4.36731668239401 7.14968943004975 -6.0340928429101 5.27990179069124
53297.672782 2.76644048258951 1.19556314845044 3.650215 7.196553492 0.143257495367111 0.635136663013823 5.80929563363024 2.29686450713071 5.12315587216965 1.6180971433527 5.49319455818236 -1.53518514169585 2.70307323061016 7.61091582165888 -2.74609534223058 3.22822374879275 2.01017251427387 4.99892599460667 -2.12220788020029 0.84569406087009 -0.394343069518101
53298.544605 6.278106584105 1.33414649187141 2.464631 7.195867755 0.143920205082185 -0.614269260781774 6.22914390386701 -0.799082295364739 -4.76470955256912 6.17752300483252 2.38997709748821 -2.91785618180653 2.14632613887934 1.72869441567001 -1.02545499597327 4.21010929366659 7.60211999680341 -8.11420417144293 -0.66423886168669 2.8506532322821 4.72206587990362
53298.545705 4.9393270334954 1.40482162667818 7.624274 7.198214931 0.150472860516771 2.72202527730921 2.72202527730921 4.62134256332993 3.79438198285466 2.9726563131807 -2.25799381041049 6.8727990415463 -2.58291296623482 3.09357153268152 0.25719674603083 1.04005336243586 4.32653834151215 -4.72663170297787 11.202993744537 -15.4286021938042 17.527270552371
53298.546758 3.61992297502943 1.42466734248757 8.631491 7.196040459 0.144196368344119 2.72202527730921 7.29190807859737 3.44150243152742 1.06249630871675 10.0403871911243 -5.68678861466347 5.41031293790447 1.5455694556393 12.6947357789315 -9.56418417070575 13.2946071548518 -3.6682645390771 -2.25465248871862 7.18540003897699 -8.90089417674086 18.7283272019371
53298.547834 7.63734199666602 1.41984715636484 6.591435 7.19250674 0.144481968929183 5.58532694174669 5.58532694174669 3.11844742469822 -3.78959128417264 4.35586944306977 4.11193359951321 2.6302885413796 -3.196822540409 6.20062332019848 1.69088813762316 1.73200912013866 4.01800823723057 -0.391245162040081 3.94504024336488 -10.0429084992236 16.9409200168228
53298.548864 7.26084053996909 1.25437423279166 3.10862 7.192346278 0.145948989223773 -0.81654833466972 -0.81654833466972 1.461229670631 0.47073157352584 1.47663702390398 -4.60536999116134 2.6319259943203 2.23184221684456 2.87475030344106 4.2823779707731 0.0921370078858494 -3.67876780496695 -2.17350430330496 2.43476887496446 5.50256077388923 -6.14767745057469
53298.549917 2.84075827381644 1.21557494605226 7.417439 7.19593122 0.142796142765583 -0.81654833466972 7.14339996520967 1.4253526203579 7.06234814949085 2.36830198126934 5.66075067726511 -3.49990853552018 4.89238475193263 4.88259098319023 -1.00149148916807 3.18883339954189 6.49374847264091 -1.02402345925477 0.34382492910063 -6.45009751765354 14.3443458568162
53298.551005 0.111116992009694 1.23832728788805 9.659123 7.186915021 0.142260604375621 3.0649847094688 7.05034194092752 -6.54282386695639 -0.66240456700598 6.51508838547372 1.35130209491281 -7.94405636656545 1.67247465709699 6.75735305663181 -1.76177927913897 4.52101848749818 3.68720450881018 0.53958402006801 -10.3991536745773 3.08490680358339 2.16335218822297
53298.552047 1.02782166659617 1.21226396599819 4.748023 7.192810066 0.143592566009228 3.0649847094688 3.0649847094688 -1.17226360741821 3.02112639606018 4.17554378534135 -3.558966814122 -3.39332720648208 8.59831330938067 18.496318066112 -6.94500302584925 5.93128704871861 -2.94760751297857 0.51146138824755 -3.19163660922488 2.82770723800548 5.18208040543232
53298.553112 1.5817573330945 1.0808167438459 9.633616 7.190056103 0.142868759826711 0.00720381670913853 7.36036919822602 1.5099151782713 2.68888222240337 4.60784519972086 3.91119318558137 0.92371984063382 -2.84606701446496 1.2817496592447 -5.55479249118303 6.04519056999966 5.82387783463314 -0.31557846221146 0.79320055406337 -2.00225015372707 -0.0183971060153993
53298.554165 0.0493745120670481 1.26017271526716 10.588086 7.188594895 0.141753707298976 0.00720381670913853 8.63979395664497 4.07140252394851 14.4666064335405 2.54314789952885 4.51474243400669 -0.68629660432327 5.72711050645269 14.8607055438988 6.97976160759583 0.17879048156019 2.61007086658698 6.37917816556523 -3.13116763248859 7.42854397828475 -10.2670403665908
53307.530682 1.31302218899215 0.590579249681504 6.599297 7.197503517 0.147920405999418 -0.174290658799774 -0.040810878841368 3.22341544699207 1.90027543862164 -0.452645206041297 -0.293353026119231 3.09873924394645 0.59812895332082 1.24037599736949 -1.54022763174245 1.78751582968296 -2.54858990526917 1.13679943581607 4.01290835483927 -1.68404136100402 1.43883831339722
53307.534282 3.01206473335242 0.561688336681404 6.404514 7.198606697 0.1461093272608 -0.47426783508482 -0.47426783508482 0.89224883401785 0.48024774577605 1.51067043482584 -4.20767894883897 1.20930902737895 3.92273326903505 -0.92900597519019 0.5507487564037 2.53013768185785 -3.93078985157442 -2.05666067562328 3.53090520981849 -0.55009049743764 2.35551594564696
53307.538263 0.318164590448514 0.608136789953671 7.051622 7.197340398 0.145536258847801 0.187990076672191 -0.603133183366527 -0.0185512194556778 -0.5874970628603 -0.751001226343599 0.626337509765934 -1.93420192231083 3.57714603248277 0.576460208980356 1.16585860604749 -2.71393428988061 2.74080244688581 -0.843196223555589 -0.728885623091883 -2.21666771540241 7.30821728670954
53315.588122 0.405997999042368 0.614837637436804 6.663605 7.19365644 0.143586753811587 0.0929260727935824 0.208815835686664 1.38653303582654 0.655303568184708 0.190889276335987 -0.34310679470569 -0.951654418867425 5.61500872175489 3.97847627115194 -0.058964673129453 0.0575939566462149 -0.0812147111682839 -0.940760425990067 0.605736076208553 -0.230842190162358 7.60291284824362
53315.591664 0.0899269138877609 0.637152451473392 5.491341 7.195598978 0.144721486389302 -0.526366732037858 -0.526366732037858 5.96329737533433 -0.997470911598532 -0.616631635716894 0.727278417237646 5.13346214250008 1.04524406631426 -3.95659076138794 1.00357334513166 -0.825254727798425 0.21337462824701 0.628529928380427 5.96206914542051 -3.79577484919818 7.66494914900333
53315.595274 0.516385214174849 0.617320739324727 8.267425 7.193514865 0.146063976631438 1.13360457943879 0.950967310374439 -1.00036530787879 5.60231702946991 -1.1676593585117 1.02149844270871 -1.4839452777605 -0.0314543353613798 -3.80370774593392 6.83934771534518 -2.13085937582654 0.183467026206003 0.688430195717255 -1.33827318689832 -0.97883366045634 1.63472956220452
53340.578551 -1.82408653720613 0.41072976677987 7.062342 7.190666321 0.1486343288676 -0.398631546744082 1.77000435478517 1.52540076123923 0.59653937393966 1.35977918073784 0.46458615866166 2.07183908992972 -1.77926314597109 3.5409957028965 -1.53608551942457 2.31608714015029 -0.23424294750529 -0.45751254166416 2.54727982619326 -2.50078283711241 3.69978664614578
53340.583712 -2.46308901705897 0.435856429815832 5.25458 7.193111857 0.148202414674523 -0.492754777728625 3.17612891157548 0.910496520464352 -1.06990058188402 3.00096156561856 0.979200727233589 -0.566007612982039 2.20040958270581 1.78215448987807 -2.21756519633534 3.27283983474079 1.83660908627469 -1.38036834811982 0.413439761759 -1.13216861062799 6.77130909115872
53345.581822 -5.52372418534219 0.346300186504166 6.38042 7.208633389 0.14934554297654 -0.0780616259132069 -1.36365872905762 0.70949278244684 1.08189139696611 -1.39229840884869 -0.78026447818521 0.72397603623371 1.0223887306546 0.793179968255941 -0.154242522115551 -1.59203103672909 1.07529727566873 -1.62488259694922 1.09512690740443 0.16716074606369 1.38794454860464
53346.532076 -4.10427459580184 0.355279410062869 5.26455 7.188119773 0.148819033060628 1.06445124973083 1.06445124973083 2.39636636424623 2.33157126305232 0.0486092444681701 0.63167842117778 0.69248796108827 3.06014764294506 2.17689799099184 0.23286524274262 0.46852619225338 0.0634256092402303 0.41809418882076 0.0416127360201801 3.10614724374478 1.9687872893442
53346.53968 -5.70612252544167 0.358121569144165 6.065657 7.189252 0.149277618757559 1.76063233448604 -0.17290440115657 2.77663658205007 -0.95316516302149 0.0535169719005495 0.14735229779153 1.83275119722815 1.94770935918762 -2.42712112584443 -0.38178099010203 -0.0501754151168301 0.89225723122563 -0.35853552119183 1.73543601619771 1.51110805994153 0.69570148097247
53511.919054 -0.904481985301576 0.506166866384639 6.698751 7.190911536 0.149452429364215 -0.243276488430996 -0.346919453754127 -1.43528198226526 0.93659292236695 -1.10164903349245 0.95705313324463 0.085776453440182 -4.65822402557944 1.56255492195038 1.01890364442865 -2.38938385387514 2.13725541208633 -0.00118592902713066 0.0206785378742053 -4.17631192856986 -0.131532014499229
53511.923152 -1.62447685363434 0.49807019354219 6.031917 7.192249081 0.14930748445617 -0.899654776280666 -0.899654776280666 -1.5926804099315 1.63989679355539 -1.66770054052921 0.56250419252609 -1.01486601504795 -2.03047968755184 -2.27913797955811 2.26440535955945 -1.58204802493838 -0.33387801087998 0.3461659527148 1.03806107979384 -5.9887905300878 2.23945751873526
53511.927215 0.352680428310297 0.526440654337335 7.359524 7.194481171 0.149697094239669 0.471928114777248 1.20783170509223 -0.19542229593862 0.222327397853895 1.65367123338573 -1.01877233679457 1.26733121986783 -2.23425375187181 -3.8268103349502 2.93880243348467 0.769184367868667 -0.0885584095076299 -1.24224073897731 2.59837079224455 -3.66525783026685 0.232098282230796
53512.88149 1.41593298887577 0.541657053688145 7.495426 7.195367395 0.146657443176268 0.579220385092849 0.06153829067359 -1.2663045671411 -2.24529304236444 1.81597094669629 -2.16985259321515 -0.669557568563958 1.14016018561781 -0.47171926853741 -1.7570591348692 3.06168003514834 -3.63824433433205 0.685082919379542 -0.0440066757277969 -1.48393541179031 2.29838996291929
53512.885182 -3.38286673101136 0.537405992572629 5.87907 7.19514357 0.146693953775767 0.99969608448531 0.99969608448531 -1.29098467753342 -3.53752279639015 3.00358387647712 -1.91337078286517 -0.18312359902977 -0.33654726944368 2.19813173469792 -4.1256580137991 4.36055113133893 -4.27357009493128 3.19071926044924 -0.8002453649623 -3.70049505174586 4.82515082133155
53512.888967 0.15985401960533 0.566099219662732 5.398182 7.196203972 0.146823305824266 0.205588701071572 -0.999239658586316 0.195388308789829 0.415065279609614 -0.473291832301874 -1.2921898665569 2.03395862498731 -2.77189463313949 0.48284068275739 -0.966996732226324 -0.358529579224874 -0.812960468534781 0.87037024275713 2.58826311636656 -8.14508729020326 8.9500693884186
53543.851218 1.33814011155869 0.58584272801737 6.149292 7.184043735 0.150652339010531 -0.516366830583095 2.46748861251088 2.85620479665285 2.55415878703236 0.697107904787591 2.02717779038192 0.37629866599801 3.43592400126757 -1.52871831117907 4.7999502416361 -0.696156729203967 2.22225102171911 -1.10892235194342 1.78973128258102 3.07104454692883 -3.26785102498972
53543.856484 -2.96677773564052 0.623833247012333 4.109384 7.185247119 0.14987073064131 -0.381196852633129 2.18208096371197 0.79585730330231 1.35504650854227 0.53632663453792 2.46283157248404 -1.91708529866917 3.48038492666101 1.09813802307016 -3.07411900742247 2.5254337691668 -0.22320705401192 3.59972417272457 -3.46747954718789 2.25640872721271 3.48378790387191
53547.891489 -9.33158721181265 0.436509969240698 5.629138 7.195942943 0.149912538962744 -0.683538265248744 -0.4594835936268 1.04444358691775 -0.330783700160381 -0.983577798416549 1.26907184110514 0.17756569936993 0.52809261298121 1.31845217573362 -0.46121140882642 -1.2316511096641 0.608244902104461 1.42796706360324 -0.541210560634029 -2.93253141018187 10.2604099479923
53547.896721 -5.44545757626681 0.473552731406268 5.768315 7.195153462 0.150249789244618 -1.47298117598379 -1.47298117598379 1.10163466951377 1.51616710583877 -1.79733946817414 -0.26083210071278 -0.976754291156739 5.18032410512657 4.67898909869057 -1.38794288573218 -1.55666108933062 0.58535026938803 -0.84324712102341 0.0400731579826799 0.582246431855911 5.97931229353664
53550.86795 -6.28564209326449 0.380005853244995 5.212109 7.194777129 0.149810947589406 -0.132176979303856 -0.92894591182025 1.07016821550285 -1.77821833025087 -1.50754022840751 2.36646665754307 0.35777803179988 -1.22605608715296 0.39536791796819 -2.39751083599309 -1.04801284165476 0.716233445763221 2.77791322747798 0.01378368456768 -6.08631186293005 11.3874784442722
53694.573829 -1.33128290222013 0.508887759816022 7.550196 7.189303051 0.146966132771399 0.946418067006689 -0.31822839531023 3.40986765122215 -0.983815786013476 -0.80019325830126 1.50848253863921 2.2418567553172 0.958153258749179 -0.07910890213192 0.45475475095155 -1.35670937001837 0.08589691538968 2.40390744369025 1.31277459054792 0.755079409895353 0.09714723225274
53694.577313 0.934176913030242 0.498127666468434 8.819036 7.187296499 0.146688262895218 3.44802755197835 3.44802755197835 -1.1838719457936 -0.08890066270075 2.86810362005435 1.20119881980307 -2.6188306575942 1.8977677922024 1.6304673423853 -1.84134104620901 2.84826534435684 0.78995827014832 2.37511580979306 -2.62137361215479 -1.83211538909593 2.6795551675088
53694.580831 -4.56748011513608 0.484281151164732 7.91071 7.189052044 0.147368122476065 0.982515440661825 0.92698895439363 2.17744305679532 0.983974435092089 1.56391037198828 -1.82042194700932 5.16734714875104 -4.77992538840109 0.672379147324039 1.71086529181107 1.03017165650752 -1.95962101253771 0.72428326938391 4.79353656099429 -4.3653068122805 -0.0661847942907707
53700.572663 3.05195029934947 0.644945351202983 6.697491 7.187914087 0.145547469819188 1.33676566238054 2.51710673430408 1.92029383593809 4.22361432524634 1.58967310511238 -0.52878483929275 0.9521635391116 2.77954466855663 12.1051547558813 -2.55991652394417 2.98633336323367 -2.14920129975601 1.81703728047957 0.8360412724714 -0.1156113137727 3.5183141239504
53700.575175 -2.6734948508961 0.661268586625341 8.704679 7.188826386 0.144302143881149 1.7578694053518 1.7578694053518 1.02583685575243 0.42632846087825 0.72769880679659 1.77861930224025 -1.62117425642467 3.98455517103431 -2.19649868066033 1.07324870667569 0.0501799289840301 1.55818300893806 1.5050380493845 -1.30897142795086 -1.5353397731541 7.84555201550167
53700.57764 -2.88215677693095 0.624819413923737 4.557333 7.187242001 0.144264090858384 0.32664408585528 0.32664408585528 2.18832046864982 -1.0740790828496 -0.66455122057133 2.53638025430878 -0.11583676905048 2.41916236416815 -2.85233335820358 -1.39394327679111 0.488255931330241 0.16962129476436 2.33183380597823 1.19159130103791 -3.70962832024701 6.76925399354648
53700.580128 1.44895952774327 0.617647911997791 2.540262 7.187178408 0.145654962939133 1.15146281160781 -1.01408211168401 0.27590973833898 3.20131930448214 -1.77168385585985 -0.281048910945937 -1.25390232818379 3.81928282475068 1.62846870272044 1.51022295723708 -1.70723016887265 -1.46807025302716 2.20447785563643 -0.75576855682507 -3.28977959085727 9.27268660504787
53866.911547 -1.72903225647794 0.383685899389595 5.724745 7.189853039 0.149674862616812 1.10904623289746 0.73451872270942 0.40887183139467 1.33460234641849 1.30783253538412 -2.02213170139162 0.65358665465816 1.91735762574937 -0.76443922002231 3.70050096273526 -0.500417602196102 0.717395374159858 -3.00961712183945 2.38111598814935 -0.689662307091837 1.1958896350551
53866.916802 -1.3005114461271 0.382165510029999 4.894569 7.188348511 0.149915424053589 -0.145365058209964 0.35613445827359 1.20423101132293 3.37753116273024 -0.722017412915267 0.12271158685839 1.84312811214195 -1.67091183947081 -0.1477379435908 4.07285722744512 -1.67630434335717 0.35708758935189 -0.58288483463268 3.0865606831283 -5.39828884227151 6.6859725984951
53944.797105 -3.76378045890754 0.460600500173459 4.874866 7.19650396 0.148573660469845 1.05657180284175 3.48109327623901 1.64694194495392 1.64984378777525 1.66242159843583 2.66498028045365 1.65089106087686 -3.16472167460237 1.09515127419686 1.12151368728685 2.01338250259123 0.73527541899436 0.99681744676932 2.11520520620057 -1.85782962951615 -2.40617507170498
53950.850917 -3.74906390535725 0.528750770297884 5.941671 7.195447035 0.14739975417809 0.892667324715083 3.09345855595717 -0.47563155042628 0.16268147367528 2.26033291089489 1.56925879446073 1.01423824836496 -5.3428512576456 0.0593644017699502 0.43917510578989 1.56888974590161 3.50245911254024 -2.86040132414377 2.77069661320583 -7.39470624541001 7.19980314931406
53974.695997 -2.08480638682785 0.619111064811043 5.442095 7.194377667 0.149070421141802 1.56930571735553 -1.74109269991376 1.99453930510254 1.844295023728 -1.42800492775757 -1.66164151651192 3.22024154742727 -0.949803564016814 -0.30080385079468 1.58300118109625 -1.96303454203978 -0.35857972621589 -0.83742123900336 5.50592873929999 -7.22418699508553 5.49884894196836
53974.699087 -3.47045590196633 0.634314074267608 5.802886 7.195535733 0.148694444145147 1.75121856166725 1.75121856166725 -1.80043631000078 4.9155041243785 0.68411432146404 -0.67122697220877 0.50409837224163 -4.47822929420978 -0.0570377862608602 3.86025677567675 0.25152850671374 0.0816456997850397 -1.17158767958698 1.86437399019286 -6.4252357122576 2.98382061604992
53974.702131 -4.63995735544257 0.648377964624602 6.021034 7.198556092 0.147701315779004 0.192524391543548 -0.68479411386143 -3.82321690906765 0.0863848982617199 -0.67647681550533 -0.0637871706681299 -3.88182520972359 0.20687880975038 -3.35842668091687 -1.4586790330876 -0.44361634752168 0.25084904020178 2.20950129119899 -4.03192376855863 -1.04849554658455 -4.03423773382815
54047.558359 2.0249356642855 0.409682447737398 5.516469 7.19473501 0.147745755516379 0.371849075413338 1.54298307162147 -0.47089907105855 0.469117057153996 0.62693154873382 1.56332004265774 -1.5685688752435 0.70792790506583 0.856860299139773 0.899021029225179 -0.860430624112794 2.69736181865445 0.56721822961312 -2.94035583762955 0.20820717730976 4.57688130931382
54293.810594 0.0907023509098759 0.318676913893123 3.980304 7.198120002 0.149199011617243 0.226910443123526 0.140615221292024 0.748822209381098 -0.898576058023668 0.78965964055592 -0.788477366851703 1.46673061235031 -0.818980686984697 -2.15283531170713 -0.479219412944953 0.92948421961725 0.338638370187125 -1.46732998228081 1.52863863053689 -0.910188053264574 3.93484317462171
54296.831593 -2.10183047010835 0.277144906984013 4.895247 7.191627954 0.149756346231328 0.60185154455887 -0.18560115709053 4.66421249660185 -0.36681156077377 -0.0925793453352699 0.0468856051221902 5.8175498290944 -2.94128659500577 0.21959162329925 -0.40037882370134 -0.56743481769669 -0.45676427659635 2.94413995563412 3.79336022011464 -0.4702520572681 -5.4077670569448
54297.921935 2.52377959900691 0.346166551167577 4.270966 7.196534429 0.148981245103826 -1.14428879000229 -1.80824596865126 -0.957885680262837 -0.69297273306649 -2.13709044110509 1.13362267574107 0.0356777882074701 -3.87898164365943 -0.61676006558786 -1.58747743869563 -1.22136188278299 -0.27787024022791 1.464885869929 -0.58095403449291 -2.53077872225738 0.00307708991878902
54388.633241 0.31396666987561 0.596498589392932 7.033614 7.202143506 0.146387600684139 0.284702914238521 -1.61408658752215 3.24050077633349 1.57994861784718 -0.773904173893144 -2.56191552684354 5.29279467227585 -1.76677353570242 0.30640692203961 -1.91065509825609 0.297304054592277 -2.31356475135376 1.28603450176522 2.78990381427585 -0.36200982978924 3.15139608687713
54388.63838 4.16413450217894 0.561779745040178 4.267449 7.201563174 0.147397184736488 -1.26225937692021 -2.42817412638589 2.33848387578863 -0.78262440833313 -1.37886023283172 -1.63593549026995 4.59461109557175 -3.24676293665012 2.88068147626827 -1.55428197501893 -2.16166835089736 0.56263793464461 -0.79611765656301 2.65679743664124 -1.63590894477329 4.56094692035668
54393.629394 0.0892198780030715 0.467504057891881 4.222933 7.188702239 0.148376600737154 -0.419211463163401 -1.08997206652638 -0.600843308070629 -0.33627133751135 -1.69773898701117 1.444696839983 -0.727826190289939 -1.41521987606167 0.147919102684036 -0.395624231391517 -0.6509710179287 -0.497539989899022 0.131216789347504 1.22854757663599 -4.02549448838071 2.29950616678032
54393.634348 3.56912576648031 0.516879960110144 3.96398 7.190999588 0.147214716648177 -1.22549234011631 -2.35121252021723 0.86801614762199 -1.06875257339925 -2.42330529773829 0.78204342743608 0.34964175502618 0.28837590996233 4.58672795501557 -2.14410418421911 -2.87663136118771 1.29706674249679 0.44507864247571 0.22507297375566 -1.33081112193312 2.88041169453932
54673.83844 6.0229833624985 0.623247266953703 4.031899 7.203051141 0.148557770496369 0.289737820065062 -1.59804215345042 2.16460523430464 -2.58409587337485 0.35671810126484 -2.3830507319576 1.05517815276709 5.42227741698638 -5.53457462511462 2.03976355450068 -0.92950421552425 -2.46139235832508 1.93873214722209 -1.13537681331074 2.05718426979692 9.3425798012972
54681.844562 4.28775228204538 0.43658546110233 5.587944 7.194854093 0.149575415327876 0.104875916139914 0.82363478212587 -0.172647523991039 2.68223411830619 1.96544140051061 -4.16317773463488 1.82152623461397 0.49462110863048 6.86282344169741 -2.06169674415133 3.04631889574927 -4.44198002800129 1.56198065745226 -0.29084325402949 0.18804542261003 3.75174637155065
54733.685926 1.1842420266188 0.587308380344205 5.709242 7.193483171 0.147143370949793 0.505016024173119 0.45871207686087 -4.12055369531772 4.76782414142328 1.35478793331556 -4.21688842042392 -0.299120387162836 -4.73656099660779 4.45004155420301 0.53318431287914 2.30835902505934 -3.89303276310177 -0.306177265671802 -2.14911916570906 0.791440207298675 -4.85241087411505
54733.688611 1.7239673600222 0.581842131573694 4.61967 7.193207606 0.148267927691866 1.21785655776023 1.21785655776023 -2.06839661164561 -4.46060302244498 2.71212441873709 -0.37314575662626 -0.54016253056397 -3.42362372780832 3.49010705858397 -4.72619020398071 3.80659657055466 -3.71519818225521 4.8070457376068 -4.76445798154101 1.79686235187556 -0.443709794943171
54733.691261 -2.10903883340932 0.593295559496063 4.751373 7.196317818 0.147457822933679 1.83257532631168 1.83257532631168 -2.40262768343658 0.74764571410347 0.87907704749292 1.4003331194289 -3.1205186517789 0.12781047688495 4.75751523769222 -2.71217203667519 1.08723236544852 2.40141270222598 -0.444287503051162 -3.3153834654039 0.94251798074596 -0.63830778042247
54733.693946 -1.14761769376222 0.57066308290982 4.157069 7.195147561 0.14909279373671 -0.12014303722106 -1.70360455256442 1.75968781702089 -1.3630538133582 -1.37552753770747 0.14514471824551 0.46040770004777 3.13581926502259 5.57283187573907 -5.34805836808932 -0.15090292228751 0.13408357326025 0.6494210445983 -1.62729322046839 5.55069725156922 0.56569209590697
54736.635007 1.42121081395263 0.708832460410698 6.821442 7.198236748 0.147447993680947 -1.33039869570578 2.26456445783311 1.54400327721352 3.31381106700652 1.65798024819142 -0.67296066357842 2.09100732602239 -0.56209435910017 1.72919570596302 1.55264090181093 2.20205005215257 -2.14884472704874 1.44476092366636 0.84662040360343 0.33552150087159 1.68070357313752
54736.638849 3.64817570070499 0.651405079476504 2.586721 7.200387525 0.149062245222162 -1.00888550929026 -1.00888550929026 1.50607055330809 1.7802991571203 -0.98237168350827 -1.04152985938898 1.38006488296491 1.508558219319 7.51336225269594 -2.36465104621421 -0.0591276549527899 -0.33895642311965 -1.74186722451959 2.13071890063104 2.56976406524493 -3.73381152322539
54736.642761 2.94206682887086 0.687906786225187 4.069043 7.198144973 0.149337215869926 -0.413654494612664 -1.3480661597671 1.06557737132892 -0.30857037092233 -1.33586599688737 0.14574315303817 1.93958750743062 -2.25618785731975 4.71514267417357 -1.32797968793464 -1.39527254096417 0.22465455910257 -0.24608366281415 0.33610682856097 3.82893884916955 -6.29859676900389
54746.630657 3.07766772800435 0.397790873471641 6.400679 7.19645539 0.148619933051755 1.23779890932599 -0.78358678689956 2.45140642216227 -1.60099790986775 0.5125405171053 -1.53759421812029 1.99179566111901 3.17422778652537 1.48419227082152 -1.13676010124901 1.03222686005801 -2.77466001919011 1.01698994770554 0.49933772037068 6.01584500966817 -3.99179527036124
54746.636236 3.15878635220051 0.401010447701411 4.673568 7.196551235 0.14836715531522 0.401216421936071 0.37319530718912 0.88494304415045 2.16346038040608 -1.07722522906012 1.49355069947138 0.31859269055304 -0.37088940108684 1.35415986819544 0.95005836580146 -1.19654167160364 0.73805286617112 1.27944559458804 -2.20308836762136 5.77720311274614 -4.69935124314302
54753.660738 1.21370741030868 0.3951397221238 5.399516 7.201481954 0.147861246887639 1.49822502150862 1.30425842026656 -0.30428539755105 0.169928110314725 1.48562811547619 -0.43781649582868 -0.43614388997221 0.89555663150179 0.836199266820256 -1.66811539600618 3.19879319904367 -1.90868532288619 0.16776215968322 -1.21159360041482 3.73508884587699 -2.04330401293907
54766.614845 5.81838516942036 0.633689445052927 4.862212 7.200417973 0.14976881110018 1.38684728311144 2.54242696980594 -1.73322039678399 5.63781402402565 1.24292906365692 -0.72206088987437 -2.29762875522401 2.24627051799653 1.55963298479368 5.92375962603888 -0.472426618743 0.13067961207844 -0.45830882777481 -3.03182595886329 1.89592401863686 3.14585704837095
54766.618803 2.28097110077526 0.580216937255626 5.435027 7.201473184 0.149510545599746 0.2594606857884 0.2594606857884 -0.44372648321663 4.22500579796573 -0.673073556937 -0.58507164486071 -0.6844797336544 1.24763655325089 2.48459818717555 2.86161627361667 -1.21988875396158 -0.77314244437538 0.77160321589774 0.12902376871559 -3.2146482170262 4.57653913481026
54766.622529 5.47367474674674 0.581736730188882 6.651513 7.20269872 0.149363774424331 1.04464735077004 -1.22321423113272 -0.89284508541299 0.82510185841227 -2.58221148461887 2.0989638608609 -4.72850933208367 7.03672449133223 -0.0753633420451605 0.473145912647301 -3.17057269219796 2.07766631488853 1.10313334652165 -5.84156892883846 7.43530271114557 -1.62939824984162
54767.579378 3.83498047213002 0.479728108673737 3.71446 7.199203974 0.149850406636292 0.942712966938404 0.83054855297699 -0.39416606716763 -0.66436522161051 0.78608629139777 0.46765854813471 -1.13203598569544 1.32927355181701 -0.7138776923769 1.62872459560677 -0.13693760432093 0.50406703098625 -0.18631966646958 -1.46365397595683 1.92428523279554 0.3478396436289
54767.583243 0.623908951346273 0.492031023533823 3.130857 7.196773376 0.149427891903184 1.81259304140231 1.81259304140231 -0.17256075323422 -0.848392528502347 1.36847851747003 1.3320807570951 -1.54223016566163 1.87128128545172 0.98380964031635 -0.952649482139569 1.82096462046202 1.1692942225886 -1.30309433328883 -1.66432642164158 4.65286376904653 -2.22006181911943
54767.587062 0.51231026772167 0.47977486540974 4.755628 7.195365046 0.149675203210656 1.06705473948922 3.69118199966189 0.4521334628086 -0.77371418691491 3.38897722341315 1.03207366055386 0.42081003379707 -1.17770954904373 -0.52282854017667 0.75872504131163 2.63889966938108 1.55788187833878 -0.76200514339809 -0.56066384762554 4.19604381989441 -6.20035726419035
54777.545188 4.87383475461997 0.549348538409662 6.13762 7.199884726 0.149541107139364 1.31934459330684 0.53806268814056 -4.29913187137025 0.51737316292843 -1.68122489841006 3.81001652261789 -4.77960226754246 -3.1037436967956 0.57229680210083 0.92387482147582 -2.13537309935322 1.25579820536003 3.72816419435169 -5.2162980054954 -3.49141446400601 -0.635730587155797
54777.550592 6.61360612220442 0.554929546317702 6.410257 7.200491414 0.149128425131488 1.08905210204018 1.81834781380374 -1.96237173120587 -0.47580261428153 1.76093260761257 0.37151653142907 -3.19460064787128 2.57576782628442 -0.77107797082216 -1.38957558363062 1.91312367333111 2.12193793866555 -2.02768697596033 -3.43899945969849 4.17328928613665 -0.57685546589141
54780.562668 3.43931602783083 0.455451943704 4.396267 7.195767765 0.150410199106359 0.646700409007103 -0.69391643318103 0.20678705657881 -1.82325760441513 0.0332771252984401 -0.29143123460297 0.0489781043905002 0.7389982059989 -6.37673354467941 2.3166193327527 0.0642936327897994 -1.90258622054389 0.80210154453164 0.76333137138429 -2.09919466658519 3.47938290995426
54780.568061 5.37907503319178 0.48863042473854 5.800668 7.198144518 0.149422584649498 0.797618110082765 2.16595875944143 -2.31443160258225 1.12552859654546 0.27455767341746 2.83211231935008 -3.72572685604009 0.309745314641121 -3.51765927898502 2.34836349242162 0.78499413738297 -0.14149844964773 2.27132621617521 -2.71604610770456 -2.56206421506155 1.59154001184688
54801.510986 6.25771696910299 0.382152822795975 5.629538 7.197037822 0.150789735299355 0.145743136961335 -0.0156587102379397 -1.07388492633655 0.25963165525418 -0.64517147906277 1.0048181184132 -2.95167158292546 3.95104539295216 2.69883686480921 0.44981606603861 -1.17101923583968 -0.21488913112895 1.81758140425831 -2.80834436635866 -2.50928001720796 11.3885441538554
54801.516623 4.96305668594424 0.369783831410939 6.299649 7.197281786 0.150233222048596 1.19219019973069 -0.33111452574777 0.99312165003357 0.22314011892587 -0.140028402806999 -0.48836953661151 0.84411341837655 1.06385264345079 -1.93485083891558 2.24375584159688 -1.5595819296291 2.12108995024097 -2.82932892105458 1.79472830850696 -2.06610381666228 7.92977646819388
54803.511854 7.99395143005754 0.501893896829397 5.324179 7.19798838 0.150617498048085 0.733744017151601 -1.17947065097115 0.130071765387879 1.91389244700234 -1.13529945420244 -1.16630835896041 -0.13552637328561 2.0046424257186 0.30961054965559 1.07334335150109 -1.33443109322871 -0.83923003133339 0.36805154665876 -0.51810846580127 0.44338026560527 2.59252855615724
54803.517478 6.22949951321368 0.486156373531627 7.097971 7.197714257 0.149403808160562 0.664748422864775 -0.25015607482458 -0.57047823201723 1.13286037991998 -0.945077810793379 0.63580050427419 -1.27305098899949 1.06107009364572 0.97888328572691 2.06177792121321 -2.8387380317323 2.35685563438086 -0.40542203702119 -1.4256611537094 0.88600366105187 -0.6393923375728
55025.734075 9.15985581261235 0.481365101010152 4.817722 7.206913684 0.150037532203221 0.436254771918518 -1.30447546015279 0.0226024365597706 -3.50038884227736 1.03813811023796 -2.45825109283465 1.34060314444132 -0.41495050442655 -2.374034138732 -1.10380754090308 0.33317551932163 -0.982606420884689 -0.39168690763341 1.07449596077635 -2.14225788697386 3.68724586906036
55036.798181 4.20507910522064 0.314277172244554 4.845141 7.199834742 0.149947022215896 0.740205259896614 -0.62844058471219 -0.97184397678762 -1.0123239437236 0.26092798830063 -1.10932471599832 0.35656178095842 -2.29108991651835 -0.48654042645472 -0.7123096533252 -0.38869434990695 0.72837676369103 -0.86829268513124 -0.95691531525638 1.98691007970678 -4.07140527396894
55037.910375 2.25449273143714 0.299931166299296 3.901574 7.201884422 0.14959428862827 0.160569910596097 0.20254920148697 0.90052330100334 -0.36405308523769 -0.12609722238221 0.84548633860081 -0.16026450045394 1.68887949027923 -1.09175024177942 1.10008319690452 -0.67981227490326 0.74850540709269 0.00693326626957003 -0.56794718585318 3.30744393035115 -2.53984561970483
55038.834124 3.79514099808117 0.327653769756901 6.188817 7.202823666 0.150072714649348 1.02160354893965 0.6676527374689 -1.85729571543007 0.23236856977187 0.54755896012131 0.0952198890047704 -2.54585623213222 1.66881253257523 1.49238611078913 -1.34937879411588 0.76809805970536 -0.01924939659555 1.1142652202616 -3.65326160675577 0.60068311057812 4.9291926466796
55039.805466 6.8757890697344 0.357856091532972 5.062197 7.192675265 0.150034677403149 0.745231314167689 0.29953222627921 -0.23973285346154 1.08337019714293 -1.12599528139226 2.06169398467418 1.05136355670223 -5.7562784353006 -0.680151215022629 1.79725978671141 -1.75199588085611 1.12502501410423 1.56223897401676 0.140796444821051 -3.06497363738458 -1.81002736430392
55045.81183 5.12271942688725 0.334105084740323 5.65177 7.200314981 0.150030349039416 0.475697282269846 -0.0314526329607698 1.7135494754745 1.09338768295477 -0.39660309970677 0.06042471800325 2.27082940438417 -1.48950330980068 1.66637650270304 -0.0746704025043394 0.29264133487654 -0.65326678682278 -0.31423626793848 2.82944888350406 -0.82600384496282 -1.71769710502653
55047.832275 8.37604689054936 0.407869227808423 4.917464 7.201851824 0.149493443417074 0.739335191596702 0.47651906614111 0.370621052208211 0.92301348308753 0.64567613804045 -0.86249465560784 1.23158776385682 -1.09709070419376 -1.06282890704241 1.06892705344244 1.2147265500242 -2.70546936357405 1.89352745611381 -0.16655857619679 1.05875838017536 -1.74382816287882
55064.736815 3.59194257311585 0.338399227852799 5.209556 7.203759276 0.150878733904623 1.09282261437617 0.56305963264993 1.56126463812282 -4.20870689729861 2.58090983541542 -1.3607671859084 4.164610498564 -5.02128710195014 -5.49273031784695 -0.30294572848656 3.24907154262746 -2.91355749457493 0.49026841363341 3.96600031703806 -3.20972666137563 -0.83160221324269
55066.774836 3.39628026102634 0.391057285126256 5.970952 7.203990341 0.14995790949438 -0.688249773999419 -0.14686975741067 0.15596097649951 -0.0576577603650499 0.53070584870689 -1.26228223473793 -0.74101795106801 3.74957229379766 -0.95964694180589 -0.20532101670515 1.11261092297703 -0.91296826763282 -1.26950425791851 -0.00554642738709976 2.79791539483637 -0.40913976465169
55068.73518 5.29582032210728 0.377053780610024 5.792678 7.201973531 0.150245657083035 0.300047367806154 0.86397130169822 -2.30472721966598 -0.0413746944774198 0.16900357641488 1.3371349634373 -2.37427073472246 -1.38548863457406 0.19145632030646 0.31185442711718 0.59773877194356 0.10609916303467 0.0436444993427605 -1.86435707670554 -0.36779179360569 -1.86897518744984
55072.738443 4.84154550477828 0.644109062743587 2.311384 7.19461408 0.148798502467858 0.316979562790828 0.7339922717682 -0.90035893069389 4.68499642236558 -1.3228360698473 1.2722042186765 2.01765508075316 -8.43646851794247 6.33871707828732 0.457566337846861 -1.11046410081753 0.35409443048985 1.54971637264517 3.04812770578865 -8.73637234979211 -2.82620914944518
55072.742147 0.242615983860793 0.644843231620386 5.922303 7.195831803 0.148963136048386 -0.38208870990893 -0.38208870990893 0.793375431299875 -0.010727871260885 -0.01438732759929 -0.686004439612515 3.39283174811231 -5.54443977047819 -0.698642594484943 2.2254686826782 -0.0489465511460698 -2.74685411833778 1.4147704786666 4.88148628648168 -10.084605751416 6.0598577726094
55072.745723 3.16217612500128 0.661917382549551 3.116613 7.19336467 0.150112449072386 0.704540066237374 -0.00259403165355021 -0.0675021745801598 0.64710150387391 1.3417513544541 -2.8667209071895 0.0471658342679 2.93399974898838 -1.83955587632096 2.67093368334015 -0.151619616639 -0.52991720208662 -1.62301589830536 0.64666196303123 -0.0636650057501202 3.03358968321894
55073.728469 4.1737667530385 0.579270432066014 3.277089 7.196969604 0.149923992423448 0.845350730778725 0.54209307009036 -3.52395940074702 -3.76350094189046 2.08826647436382 -0.79407048935455 -2.30593824953804 -2.04911133650131 -3.99998212195466 0.57708721463187 0.889535833354111 -0.521882182097831 0.77658553431267 -1.5048250913395 -6.58208695902887 5.62778181984565
55073.732277 3.67491006267472 0.568471999319549 5.01489 7.198603735 0.150422503289831 0.00227831004242018 0.00227831004242018 0.72765647189619 0.91006728758027 -1.99773892559902 3.21919584958698 -1.43091764452588 1.62450841176103 4.14465511110233 -1.02872146033085 -2.16818074105665 1.63705333103034 2.98698353454425 -2.15753012754336 1.67122766899935 -2.65481721257687
55073.736154 4.90201956290354 0.575727015089276 4.097367 7.198061432 0.149350749560705 1.67514986157045 -0.650763994196111 -0.268685844354559 1.18409460444291 -1.49032044339247 0.92185990651605 -0.33364235720962 -0.89277580316805 3.59606510220938 0.82519183143168 -3.47461247625771 2.52337332014195 0.88663466204256 -0.72140638344077 -3.65238828200106 4.71259567383067
55078.699423 1.45974109045573 1.0294004567364 5.158369 7.204284132 0.150274445909374 1.13976902771792 3.11676900395867 -1.98256798623027 3.40529194825579 2.74603564874857 -1.09515115527422 -1.94985509525866 1.10443211526715 4.82848461995443 -1.23098716780596 5.76387424831135 -5.26725282166358 2.30478723146439 -1.26490042979818 3.19513941836839 -10.9765897048936
55078.703104 6.15321250816015 1.98161155851614 2.946264 7.21036972 0.141733913715766 4.796605369526 7.94389551160435 -8.24389475071263 4.51303263538571 1.6467966235092 9.4847785048528 -12.3130799199312 -0.62107129775816 -2.26085382931784 10.9648324735259 0.93798332926634 1.00697968484834 4.66661649558082 -7.74076071283061 -3.55461026989905 -9.60545963841165
55095.705191 1.95899995494581 0.60638330405247 6.947763 7.199559861 0.14910852679882 1.19066297460871 0.37416956620084 -0.64244575865857 2.14602103329302 -1.00968063583958 1.42849371858271 -0.58824631712314 -1.71464325920828 3.14095188635997 0.8715106968661 -1.53104213168653 2.09487119383066 -0.86313437877119 -0.44644732904164 -0.2033114475299 -1.27444797971787
55099.687921 -1.17074723995676 0.324709529625831 5.154994 7.196370407 0.150277666779871 0.408633078028285 -1.03459624724464 -0.49791888455549 -0.332849975321432 -0.925323381655332 -0.0051477674090501 -0.37089057410063 -0.31579093951452 -0.284718675034797 0.325221357752343 -1.07325578211478 -0.2677779086148 0.27492736669763 -0.75332593556832 -0.78841536303494 3.24088139819079
55102.605196 0.458786448553915 0.381762229745234 2.616925 7.203919358 0.149770680905412 1.06009236744015 0.662807148455521 1.18980034139989 2.19059000834586 0.495093117892432 -0.954015196292623 0.777445071430808 2.09398212921481 6.65710646931577 -1.48980392968645 0.374467549997481 -0.913263489337579 1.94943494695695 -0.751534526088776 2.93951796829839 -2.95994675724306
55103.667267 -2.53718165281521 0.47986112806793 3.42877 7.20530717 0.149581078405426 1.27071297862607 -2.06538444588045 -1.57805845439013 -0.73024606188975 -1.31703547997762 -0.99488413910405 -0.99051705247564 -0.2801150685334 -1.03406959299191 -0.283057384492686 -2.68297109617946 3.0404233843873 -3.15195724608326 -1.68466248908294 3.16407098099726 -2.88408976831134
55111.709092 -3.44818476488783 0.358811966162407 2.792596 7.203457324 0.149978927107916 0.371630748225286 -0.48631432557563 0.18049668455631 -0.39119165264274 0.987044321442 -2.56769115386802 2.86016083651385 -3.53847466472539 -1.05998682235974 0.33865501945427 1.06700817736352 -2.65175561716917 0.46556160253047 1.37398163530695 0.54113507089616 -4.59821152609268
55115.689182 -0.542386786232091 0.623559219414877 4.114665 7.201375724 0.147688905299609 1.16724439194495 1.90852564008333 0.349513611844991 -0.8516505782892 2.51274452233308 -0.662940548994754 -1.95517308909203 5.99360294927624 3.55967878190479 -2.7555849330324 1.72013175917276 2.32367709741585 -1.39891782380755 -2.95376795658748 7.06253350530159 -2.25782062647343
55121.665266 0.231050534943573 0.565344680884072 4.484571 7.203895261 0.147791113267902 2.09644204202562 3.54527188786821 -1.79710731709917 2.91513206405901 2.29734693753119 0.7189261438785 -3.22854998228638 2.54707271840784 0.85276008334832 1.86597652703481 2.95195168063788 -1.31333774947291 1.25186634527478 -4.84476091468701 3.67140084520056 3.47640110242178
55121.67103 3.86108537172287 0.528443499495728 3.298349 7.20291945 0.148194202067931 1.77711300946536 0.0216888176062802 -0.18120316970214 0.73103885853953 0.60405887287399 -1.49027856928854 1.18986742013077 -1.60832290184231 1.30641209876536 -1.02205546201575 0.68511283489699 1.14501477847031 -3.16673028334693 2.04792531553049 -0.5826374037024 -1.20821363434053
55133.602684 1.8818807286255 0.433386098911505 4.47857 7.203534246 0.14892249097272 0.601094396423368 1.11019379146868 -1.74952563885682 -0.16383365491055 2.06315529734782 -1.69092297342413 -0.31531806179302 -1.52576703373885 -0.405249894488664 3.62457589976858 0.50448570042421 -0.59795200333887 -2.16104371887783 0.640437360420402 -0.42743237195638 -2.82201861604443
55138.621694 0.463441084577254 0.452615158096483 5.571896 7.19814765 0.149329589165131 1.49663928411403 -0.511193503575318 0.018878447838531 0.363347401978796 -0.396562471078596 -0.423519850599467 0.860381806470668 -1.5220565077265 -0.0676988987248699 -0.507494671303706 0.314719169830838 -0.959157709593487 0.175179199515923 0.872318884385774 -0.2479889891415 -2.85545039983645
55138.626983 2.00481013527671 0.467322937366441 5.044244 7.203275652 0.148724259589599 0.746962678969829 0.52930193260614 -3.67082906057017 -1.09431861744598 0.33765012354171 0.97301308140775 -2.40823530457491 -4.04738403099354 1.8776799043135 -0.88181883694771 0.75412905412941 -0.15419935764917 0.15333341082414 -1.27654723134548 -6.02197136376701 3.7951552465581
55141.576347 -0.174219125718447 0.429544499498916 5.504431 7.20002199 0.149491296148796 1.58471342888582 -0.509358373352172 0.0811751807685 0.01138409746808 0.999935454301416 -2.81622012460744 1.97431180224003 -1.41020638296095 -0.132394492462922 -1.35358128627346 2.71593372857184 -3.10226629095127 -1.45669705234171 3.5805759768152 -3.41595874065364 1.5251584808833
55141.581717 0.791132051799822 0.449570922761518 4.908199 7.200855379 0.149030711798618 1.50956536158486 2.26614062372339 -0.06094059390061 2.0545733330869 2.56364062391302 -1.69525127888629 -0.800260923363683 3.61050271449728 3.2303405092767 -0.297616326667507 2.21304751109823 0.80417738129635 -2.26402481399025 0.013043515924863 2.41844288769717 -0.70600777308456
55151.54272 2.41512224007224 0.481585911650494 4.682421 7.200483112 0.14946413286696 -0.119383406862229 -0.0722324992673804 1.53691446979654 2.12087230313178 0.96978221384748 -3.09922874809707 4.84485759937516 -4.44479680866014 0.84973950389386 0.62641972424476 1.44726705993288 -2.89762998252812 -0.08107521800342 3.6251892590925 -2.02258021836874 0.0988627149274799
55151.548206 3.4961250894252 0.488902672621068 1.820166 7.197624262 0.148321431431972 0.823150064433675 -0.27146081889321 -0.5769959293635 1.24587576249809 0.47681807236408 -2.10131615452154 0.87204106013387 -1.1134502618909 5.67506711044404 -0.592180835798239 1.13797292861009 -1.90975996400988 -1.85883260516778 2.49138360342408 -2.458462805614 0.51620852645993
55156.562935 2.60346870448792 0.633603173729729 4.869176 7.203930982 0.147195241613 1.3325401875952 1.01653793820986 -1.76128999681214 -2.81676384793355 1.94752343475061 -0.18718352502719 -1.81659697246573 0.32959304129708 2.53665959555438 -2.32082170827216 1.20185531050118 1.13315338101524 -0.40079407461848 -1.45098867615828 -2.0000793711026 3.28075717175412
55156.566858 3.46361456625198 0.704789775360138 4.670386 7.197591558 0.145792360937532 2.92013018781485 2.92013018781485 -1.69882936045901 -0.8705738747418 4.25899001238508 -2.02259429246293 0.48557193119885 -2.90639760406423 1.95506492787655 -3.05249683480471 6.23252227791404 -3.61556110146295 0.80617307721844 0.597165427623709 -4.41654199696712 3.98773760360494
55156.570631 3.94489398247434 0.719913609339118 4.22593 7.200904658 0.147645483060319 1.4680649528745 0.86651965670377 -0.47250576977678 1.8141169311696 0.11874264302666 0.417965628737759 2.09975158739604 -6.4150333200522 0.13517425263226 1.11013927051872 0.0784844263908804 0.985635149939999 -1.19176977441034 4.02719532982592 -8.08571522031309 1.41640056475998
55159.578982 6.09780118957977 0.390175486859525 6.553357 7.197059116 0.149219848553375 1.12538339144188 1.95967892626824 -0.90595932664901 1.9272997662215 1.76495140542168 -0.769067174925611 -0.42175026894538 -0.285157770321 2.10313508144069 1.01136584952585 0.71326541188911 2.28896433113355 -3.15473801736662 -0.0530760463688695 0.71046288367334 0.56554816645072
55159.584456 4.16741673271321 0.40065136061489 4.989847 7.198688836 0.14947748919405 2.34765704761324 1.44045312994835 0.0445578011865901 1.06918013901818 1.7371943348917 -1.20643606416988 0.43931986836936 0.457679925747621 2.90306734903707 -1.59493817681954 1.4623415317768 2.67323083216936 -4.18456308057761 2.14370891511453 -0.40158221766202 -0.219502289147499
55373.861265 3.7526017057996 0.865711996815819 3.801174 7.1984794 0.148506052079913 0.453683335373941 2.17050336896526 0.85505999512034 6.79139919698914 0.27799417639519 -0.00298468469360991 5.35511642751475 -10.5961621606802 4.3508394530434 3.10083258725583 1.6032127366514 -2.25216639909686 0.17661192898036 8.93361904029889 -17.0461450284101 8.924497810098
55373.864887 2.08240046742969 0.873834273758073 3.096211 7.202479117 0.148127469923355 2.77772889799067 2.77772889799067 -0.33824200308109 -1.53768406239193 3.75965098547295 -1.01811119186333 1.72104973027764 -3.78676814928452 4.15863624927912 -2.56064571330215 3.937607496208 -2.6092107758755 3.59689402109837 1.55364834536396 -5.92114016255962 -1.02457547160013
55373.868464 1.51449933854656 0.818907908174776 7.366847 7.199996361 0.146502124292565 0.735060971213 1.56408132687815 -1.55058523338736 2.96957117575884 0.51403560701048 0.41921402760597 -0.06847197541483 -4.01178913306124 -1.08977421384727 4.2079115820138 -0.90429973415256 -0.881251161381358 3.44973670879515 -0.910062672198459 -5.6009827555057 2.00839464018845
55375.827092 3.64189758332811 0.837530959249322 4.950452 7.207218775 0.146976760403857 0.502763823034357 1.00924163111885 0.61960755535728 0.65101189316253 -1.1439507543328 3.718462167707 -3.29607283562327 5.19667515077272 4.19815660743968 -3.45192622793174 0.41085785620184 3.46220614396609 -1.65586342799836 -0.74052962285425 -0.50470914961868 8.19789894659004
55375.830669 2.20397708678383 0.871033135337827 5.192797 7.210561649 0.147264943255606 -0.75011925679569 -0.75011925679569 -3.30586559899056 1.62470567108235 -0.81489839007743 -0.73028924655345 -4.54590046682356 3.90667258900458 -0.672896468929185 3.96448017406864 -3.21369092391778 1.22862861952127 -0.37019150079976 -4.84353689193355 3.25262093537357 -1.85657355154888
55375.83435 3.13556916326195 0.806766690903822 5.824826 7.204793411 0.146913514165538 1.11133525269004 3.59046384750182 -1.92613692459434 0.08722236078586 3.72669893748925 -0.28994984117237 -1.37496493035932 -0.98266133900932 4.12256698509253 -1.44789852118026 3.49452900011246 1.18861248597791 -1.34080669004351 -1.11100424733186 -4.37188970467152 10.6332817274109
55376.831604 0.882897186562853 0.480322402287719 2.287515 7.202655785 0.148036956064409 1.3507248958695 0.361197585462427 2.66242500775256 -1.00188386296236 -0.61642795649775 2.26394089115284 3.19556657434559 -3.74218739518734 -0.274560675620438 0.516273631668786 0.103587912049581 -0.733139003573443 1.53992497835035 4.62646947093447 -6.60387676062402 3.84940016629954
55376.83753 1.58824888437273 0.535789086787753 3.841643 7.204260487 0.147705464739914 -0.441229524766254 -0.48414812889112 -0.00504586300639009 -2.89937560967553 -1.1320629103898 2.61219494562524 0.86485529179824 -4.84581424489088 1.75628120447821 -0.28867275037441 -1.55651594859555 1.46086704154471 0.10598387914121 2.22444126845091 -6.75048142759343 4.30628442136621
55397.886419 7.02811517093558 0.575463499698221 5.514771 7.207579839 0.148411601850851 1.08878896426184 0.76710186399185 0.36353756017198 3.00545310021545 0.55691812164251 -1.23084794191372 1.46023663555072 -1.27159141591975 -1.10630980720909 2.0991835477002 1.14622880031559 -1.12506062753986 -1.39474256926599 3.8715954783511 -4.05762845823431 -0.43534513529044
55403.791931 6.04713154933605 0.523572046473267 6.051773 7.200684042 0.150446860766957 -0.43222561695993 1.49130505140288 -1.14303144605136 0.44861437647961 1.60134330506856 -0.45295176972418 1.16583668626566 -5.06396855980527 -1.98396861775291 0.0032147581647699 2.24432585842303 0.878363203730119 -3.12846020016856 3.444634615007 -6.8274375531693 4.09514110311873
55411.732363 4.87023367122786 0.389960348689635 4.171793 7.206197562 0.148984855437532 0.351121769500539 0.49665510475503 -1.59907909183459 2.26090908646403 0.35647800046091 -0.98283139032112 -0.77600309389896 -0.92398754806297 2.74346560298389 -1.05545569256618 1.14686495815562 -0.15402709393119 -1.18827847516307 0.47556579980193 -3.86956025641131 4.05982752216203
55423.741805 2.66592757464573 0.601822704741152 4.135337 7.203346886 0.148937952537798 0.666215667396142 0.71372688172493 -0.96603135610547 -1.23025006554412 0.57989419075889 0.89620613724118 0.46606901760183 -4.3834102900464 -1.212423542153 -0.27468874988758 0.43723485959131 1.01268043455542 -0.32326093965518 0.84845125952359 -1.94936308128652 -4.9981037758875
55423.747476 3.27362350777516 0.615208392550039 4.986707 7.206305698 0.148953610973817 0.76890616259786 2.25176202718823 -1.39885802142882 -2.55208044467484 2.16598493882898 1.48597977826542 0.61329608988395 -6.42166061346347 -4.92347848766618 0.11369697091743 2.18840733011204 0.06001621441222 1.65656384010349 -0.21306524818499 -3.3204047601313 -2.82565642574448
55424.66685 4.77090104830996 0.791941545462679 0.610387 7.204506362 0.149761956341544 1.12687210482302 -0.614179531584091 -1.83987941361638 4.79907797547472 -4.1264474198741 3.89131701813732 -1.24251804171111 -5.61544034599928 2.05396009353268 3.21351323809887 -5.15421712299317 3.33723239520441 1.45320473828363 -0.331161180712771 -7.2992892778249 1.62667516111615
55424.672266 7.44223729807869 0.91922371881396 0.489905 7.204353774 0.149406108886533 1.21128177413174 -0.45450799491548 -0.90599519328336 3.31016593509721 -2.82881512873381 2.65060439452657 -1.11204665536479 -2.3881026819507 -3.56579857159436 0.77168604746779 -1.07667669079353 0.919710078992749 0.215999811348031 0.76475108968978 -8.59491325094493 13.0792530829294
55450.759291 4.77053279937459 0.426930165042414 6.247877 7.20841163 0.149189259138828 0.864162827723499 0.000293355209429969 -1.85443602520325 1.72868798916486 0.0919153253508096 -1.08597752192287 -1.85026924711834 1.17904887625916 7.47548152240214 -3.46231769759871 1.29396299889391 -0.4669174182963 -0.822460606728869 -1.62579267329738 -0.42031307606309 3.63932594442402
55453.61688 2.42026103831682 0.583168468275884 5.427655 7.201011535 0.147832991860904 -1.35949275677921 -0.54315514690074 4.67427478117511 1.39809451733805 -1.87568325941225 1.70572628994148 3.86132043233368 0.11200275448418 8.18215669347457 -0.18859305134518 -2.71980156570654 -0.239055201329962 3.99399440975834 2.35275693902668 -1.86624528495595 4.32576332831505
55453.619565 2.94568249834738 0.571904104212825 7.756799 7.203507997 0.148162420185334 0.95355150620411 0.95355150620411 0.71674492221308 3.20184610193215 0.0617952373491999 0.00365750550069999 1.56097760437995 -2.01004974827245 6.12346528921187 -0.0185267187318003 0.30633707325206 -2.43252154813398 4.3258186372196 -0.996812721415649 -1.14666375254767 1.75530592168352
55453.622285 -1.19139998522568 0.578925360578344 4.190967 7.205599071 0.147810615237648 0.965669007552463 0.965669007552463 -1.466028407914 -0.824536515634222 0.825822057017114 0.670563538886412 -0.604263164540384 -2.77542115964643 -1.62432085921748 -0.14197491473298 -0.24421574366951 2.32795625354889 -0.251251454463445 -1.78503459927153 -0.68081918052654 0.37716589591744
55453.624912 -0.18950503036942 0.566576459485497 4.170067 7.201181835 0.148222174213623 -0.550905130799659 -0.550905130799659 2.21754652250116 6.53182516014966 -2.74308207096241 0.682269429973754 2.55110087332447 -1.53719987798245 11.8672015013635 1.24537016192656 -2.82441914690666 -0.196246776234418 1.02793102430758 0.983951196089231 2.64711865151963 -3.92247536383136
55453.627597 3.99782759584381 0.58882602594091 5.058824 7.199906293 0.147274017456343 0.74094305248591 1.15826710811327 0.650346319982591 5.42861646267477 0.0771217309129293 -0.76478392494675 3.11060884188105 -5.13552191543689 2.02138336761054 1.06764275894928 2.0773541542144 -3.12806496010127 1.22409019808659 3.57438868768301 -5.40204733920438 0.6452618909437
55456.640609 -0.182185836054267 0.480005211112439 6.959915 7.201940548 0.148637453770518 0.296057335359711 1.32334208027182 -1.37313613989265 1.57034011970128 -0.182882382386632 1.90783545213648 -2.3134611781822 0.189194266077729 0.67489640047346 0.698376404539698 -0.869111865240268 2.77242789332096 -0.25041682814778 -2.67390987844414 1.70549150258978 -1.85082483627246
55456.64547 1.32886062631078 0.479086447765946 4.53134 7.204888391 0.148346890534491 -0.000577775801727626 1.92029970105602 -0.33820039119379 0.019532857259523 2.08923046934878 -0.32021650195509 -0.23789679277105 0.11036772766695 -0.384309261726908 0.580247828059841 2.29033631214835 -1.44337811824409 1.03036989914579 -0.50486795851509 -1.51521802089876 4.16566988612022
55461.653309 -1.2430081824728 0.310311028647521 3.126959 7.204727205 0.149245016471252 1.95809262844692 0.39009517966263 -0.42811406090143 0.82059010970056 0.308800591709086 -0.297509395604046 1.22500137299738 -3.80303546698389 2.25534015397336 -0.800310766838194 0.656166900033744 -0.355267181958074 0.14349633381809 0.892812319529374 -3.34320474492602 2.11728936774399
55463.642366 -4.7102936646642 0.41127888685354 4.271943 7.202025775 0.148192184290699 0.00222416937119511 1.45451301654962 0.88741974454741 0.44433727999549 0.80192551341239 0.97125600475983 1.27398184679195 -2.07170223631188 1.10488761473045 1.38428214763574 0.61937294508531 -1.29746258222315 2.56436474990261 0.04015342093596 0.94640221348011 -4.92058413261175
55463.647319 -1.78471667295824 0.413208808131783 3.567827 7.202694408 0.147927056064394 0.590310096523908 -0.0380035157762 0.68488807852651 2.48038273267448 -0.72320708457742 -0.0371795532335701 -0.45561586769314 2.89886544407695 3.86886583010305 0.70766855299677 -1.18680096480505 0.18729407910613 0.57176007164048 -2.33819285688927 5.81509762937092 -2.1226193217748
55484.635417 -0.439207558473069 0.333564385528001 5.229386 7.202431015 0.149062119252981 0.81588533069981 0.498573284446223 -0.418191949194806 -0.713472279751498 1.14494067329848 -0.812454050175426 -0.31474130705254 0.671432663977701 2.91293443831344 -1.22154679045762 0.740743778106413 0.311649691402377 -0.717175395925958 0.831828753849787 -3.15421780863507 4.05085895942029
55488.613402 -5.3661605783376 0.301733478240877 4.135684 7.200007899 0.147966826861915 0.44394426165751 -0.25807412197112 0.279760996422699 -1.63232376897073 0.44612072357332 -0.44833705686385 1.33293225763823 -2.11362145851012 -3.36129409779041 -0.11075522536742 0.68695215951318 -1.71981369828437 1.96987365851737 0.26202914894397 -0.56439578068993 -2.2416475451884
55494.621782 -4.14607531720111 0.33900667998488 4.31042 7.202160234 0.14928633999624 0.698502293349075 -0.8371960326815 -0.32511392104636 3.60117389602283 -2.06566241026 0.276322747224421 -0.18640807238035 -0.65832486914583 0.96152720392025 3.37403751395072 -3.44209645532492 2.13967542300484 -1.72909276166227 0.64951453720219 -1.38574840406215 0.80626225477319
55498.622348 -2.10463079837104 0.42817803773028 5.306173 7.207023637 0.149150420706255 0.866100848600227 -0.26502402124483 -0.63147610926881 -1.99403145366762 -0.70167584035345 1.88191826754661 -1.11032080468218 -0.90268589384606 -3.49444015500299 0.72029305473808 -1.69636436525614 1.76478447261231 1.04066317704097 -1.97619380407131 -0.26929271584986 1.20074335319558
55518.550467 -4.8572645067275 0.360324180119179 4.235919 7.2065286 0.149743684980642 0.717116299950291 0.25630403954887 1.14841546589837 1.16134207183488 -1.01291615971237 1.71572810522724 0.53573148778209 -0.44813759329187 -1.21830750201328 2.61245469103411 -1.04500017307661 -0.73552811239847 1.96930962868543 0.76499176442094 -2.9497985390316 4.57379715484159
55770.885142 -1.05480279544555 0.433687221919233 3.783184 7.204873585 0.14845349881395 -0.347293732389899 -1.2073625111111 -1.71492396993461 -2.156531041612 -0.752724123663165 0.28668126317605 0.0557607831567799 -4.74247779809111 -0.49435658569817 -2.23228389096067 -0.32555295961023 -0.74318807813819 2.06063964039173 -1.20867989546585 -4.08902491955689 2.74990411698152
55770.890871 -3.90499449167132 0.47728877110216 4.564485 7.204050321 0.149216519459536 3.33432408081931 1.78771969752732 -0.6474399114209 3.20806648298236 0.36609352421962 0.93778928018268 0.2949979254868 -3.37562593381065 1.4591694595123 0.45808786835229 0.22982455706528 0.3836581061363 2.52721585254488 -1.8568565988576 -1.04526804669142 -0.0641392650827104
55776.784487 2.83724645977698 0.515258811866102 4.748222 7.209066442 0.149000643284682 -0.772419991977962 -1.23388749411644 -0.44489303399831 -1.07669217164903 -0.42316464099274 -0.91320977105315 0.47234317840977 -1.22192967894667 -0.97685152876325 -1.65167657309502 -0.11756021934592 -1.28555025086664 1.85578469483367 -0.88194967729375 -1.13730941567915 1.45157249935696
55776.790007 1.55472735647514 0.498077743145566 5.20433 7.206717178 0.14911862780629 0.861223797264448 0.62245095533194 -1.37707992450968 1.78107431554979 1.1615647536096 -1.9038662309834 -0.41271040264973 -0.280556146812193 4.91088203765524 2.82939806856658 -0.32016319504911 -2.3231861774484 1.49340512476673 -1.00785378299943 -1.96720380188406 2.46901403303718
55803.674869 3.95014234096756 0.631669435909296 3.08751 7.211595036 0.148502917215849 1.69288088689189 2.94382210650275 -5.69320730064111 -2.00587522694216 3.6518703034564 -0.27966405769781 -4.92972177646364 -1.49629455635071 3.97843624415498 -1.21623875986132 3.14275205238984 -0.61602929499389 0.89364547675524 -6.04298721630638 0.515288352593454 -1.53612355896182
55814.752248 0.0778345830334498 0.611652685281943 4.978905 7.210795851 0.14911312827507 1.77220306822748 3.19549970313684 -2.1299346271553 0.83340585178206 1.89417849076181 1.96068215942768 -0.78033137462306 -5.3919732358291 3.57544572905331 -2.12555608845756 2.31120356944837 2.23306602037257 -0.0698529141507001 -1.66321294218084 -0.070313554455928 -6.15114172324526
55814.75763 5.36573651210502 0.68633481216422 6.919163 7.210531081 0.149289722153089 2.52892469176629 3.15781572952852 -3.55043727353019 3.37348538670942 2.11139322261525 0.254669047291889 -2.0155060450037 -3.97093695594482 -0.28828905257394 2.73824640916691 2.64902159373755 -3.18212495646146 3.8635859495478 -4.23407411536368 -1.5081055502769 0.3236453549921
55815.741809 1.03472796279393 0.531984737766671 6.558835 7.210421359 0.147779919709861 1.85434085338742 0.573274336035113 0.05179215199773 5.16132141472319 -1.74412312610212 1.71351675844793 -0.57108188883906 -0.354628032668 4.65536298496116 -1.21272601739286 -0.964022578448563 1.01047910947468 2.51876629154067 -1.67457377032473 0.76432956424351 -3.48550124416442
55815.747132 1.28907500485348 0.55119452057606 6.531561 7.206335992 0.146814021601624 2.21434220446769 2.5285727435863 -0.61700724441253 1.63658977721366 2.40598541112176 -0.5571906906382 0.19095895645345 -1.34898930639931 0.046135904496039 0.661100830050533 1.33477391269763 1.47677105758485 -0.29192187243796 -0.11275942361237 -1.27244769006877 -0.792154324769342
55842.703321 -1.28798490711414 0.40369354686737 4.315983 7.208883622 0.148541153890414 1.32791072187214 2.45350257471983 -1.37101334255893 -5.24224719793369 3.14389786558921 1.32756520623746 -0.903380381871896 -2.56144614764718 -4.90783748988665 -1.55733979692691 3.1030095166798 0.109991602614167 1.57763370770393 -1.8491545037798 -0.75966134789597 -0.94784488787247
55845.703486 -3.42132443401174 0.404555193994087 5.795227 7.208037875 0.147618282602088 0.997791607655591 -1.52611952865482 -0.734285432738071 -0.63050132389577 -0.92001824611329 -0.79655756825953 -0.47869005168147 0.270933869322221 -1.7742470210882 -1.08876474480788 -0.75756699767454 0.78810079478965 -1.62656068976676 -0.45096505794482 0.779569140979009 0.61418968539858
55895.572482 -6.31456598210684 0.316515175883408 4.140812 7.206105884 0.147747644415271 1.16833812944641 -0.55323635674791 -2.64194607524359 -1.28780175933299 -0.44325893785005 0.47425755435448 -2.10505778540364 -1.95052743030858 -2.94869611023713 -0.80021768521948 -0.4893567733644 0.31814907182076 1.37048366668191 -2.92934119198553 -1.23272879265673 -0.604798098261721
56052.880387 -3.48301052713686 0.579454152148247 2.393864 7.209739416 0.149283887435172 0.690659114778076 -4.03001417277177 -0.87255625822827 -2.41805291939334 -4.49217770986948 2.05479606898239 -4.01637273222987 5.28704033539765 -4.54762088841387 1.98529442910973 -5.57355556291108 0.09500739376195 3.06635921458487 -4.43569748399912 0.89681743235119 6.16946130403448
56052.886117 -2.40871995628963 0.582308301216853 4.108414 7.210204604 0.148908205606618 0.103064956434848 1.01860142751661 -2.32776041019855 1.88461665479792 -0.88945603099195 2.50791673941697 -3.47550112958802 0.0810890241673095 0.29306193215346 0.83500675718245 -0.26570967726874 -0.41405157537361 3.11316864867545 -2.25660150893285 -5.09347085774413 4.15360453677422
56053.871332 -1.77884698913136 0.566639838438789 4.324018 7.208236414 0.149577864503171 -0.297759159807075 -1.42750438715213 -1.88467171641034 -4.93363451619802 -0.0699136842552601 0.01970024027411 1.14227577344151 -7.39566478490624 -3.41581063572133 -4.2737929042145 0.84013236399904 0.35980877931883 -0.20686523288078 2.78305776160743 -8.14266756555722 -2.72442690477337
56053.8769 -4.01351597959575 0.563043981263045 2.61777 7.207881248 0.14882384477371 -1.56745614822828 -2.56603780182348 -3.49711769257846 -3.12099640697026 0.40425261308937 -3.81625445754893 -2.42920477370069 1.61122013775837 -2.16928526285454 -2.21586286885589 1.26062793141893 -3.64168017263998 -0.207121017929629 -2.4376795797289 -2.26814211963129 8.3647818474881
56054.9133 -4.90666835299296 0.443522552116811 4.457746 7.208185704 0.149580537747549 -0.183674450177714 -1.31151112307891 -1.23468401935871 -2.06152992862685 -1.00029377884639 0.46262698750032 -1.28464058112046 -0.39250686060076 -1.85315859301173 0.93533388071017 -1.64666375533045 0.18603152541227 -0.0142992500549299 -0.10499317846321 -2.52506958126483 0.60515699411701
56079.907348 -5.950406031949 0.309406730236638 3.646392 7.20767232 0.148760857646649 -0.459331951886824 -0.14392759262965 0.0219980477485606 0.970727766275719 -0.62426176197195 0.40072854879015 0.11063498720053 -0.71805508157511 1.14757407913799 -1.14968562717804 0.496633622295341 -0.6333743511946 0.54330956431176 0.61996644523936 -2.75434275206952 3.93860730419738
56083.889442 -7.27891369392587 0.460893715641005 3.619243 7.207567987 0.149248065558554 1.06423157733091 2.48317568529553 -2.94063640292932 0.52411293591819 1.66105854372258 1.22700884781248 -3.7673307328864 0.66913088693051 -0.36063813201349 1.48516296973126 0.25098090598161 1.86301821122413 0.90578286130682 -3.2949332646307 -3.21750547457291 4.70923753490697
56087.901727 -5.62203977027095 0.50185027227756 2.681479 7.205468492 0.149747099346488 1.42217183833729 4.21825501716326 -2.40553969446464 -0.22476636544699 4.0491644473899 0.42630658752312 -4.09490913746181 3.70064696562178 3.0216625394109 -1.25913148496178 3.49109207817304 0.41742572525237 1.94527708817831 -4.1478138140243 -2.34493308998763 9.09696741560995
56096.904525 -5.80619568580931 0.414486649674917 4.791979 7.211506326 0.148730637214537 1.07661662946033 -0.0457386694656003 -2.24222089707833 1.2871169409341 -0.54928112804258 0.25982384750695 -0.640160834710209 -4.30715241869549 2.96628066920029 0.53818624546397 -0.46798707851923 -0.25513991159197 -0.0791166435591997 -0.44184126153112 -2.89745424490594 -1.32103718175161
56116.844558 -6.18929204862838 0.442663092717579 4.943257 7.204811774 0.149145415785178 0.626131984657208 4.37623096660994 -0.19743905117723 -0.6919027641163 3.5883594640764 1.80179611199474 0.37759945344454 -3.44233931052643 -0.81749391047476 -1.18683890670842 5.33911228596367 -2.05261333251487 3.01684568114496 -0.30196411939184 -3.80826181902727 4.66720161175189
56120.813778 -4.60835336358933 0.462910036276641 5.150828 7.214710137 0.148086284370073 0.269092116931654 -0.0934100532943205 -0.80863802939124 0.71690765780045 -0.37960898070047 0.15641412660435 1.08414652489565 -4.79247702601332 -5.14500665760236 -0.11142996075252 0.40571434290175 0.22065292775576 0.0969726634041601 0.40862156555002 -3.81468926566994 3.49278642862975
56150.818302 -1.99407511582479 0.513642812363877 4.065647 7.209052297 0.14869914231218 0.794125498492488 0.12822778027683 -2.23833418216927 -0.74445430707093 0.47358322094029 -0.25358083590521 0.43368723187472 -6.31118414231641 5.72960884394222 -5.19896888578668 1.85276916928723 0.54069310368717 -0.91552538928552 0.45558938120285 -6.28159081111912 5.18954417855696
56171.736251 -0.742933152189268 0.364449087022586 4.134703 7.203393604 0.147177927695361 -1.38426020670697 -1.67890022322117 0.427465130487291 0.97522731077111 -3.22687829595874 2.35886959665406 -0.451559255685156 -0.52841794553235 -2.8555677542898 1.68853505004178 -3.42448347876721 1.79414417937417 0.319249917701469 1.45536999477667 -4.13675484576252 1.05896317901304
56181.682141 3.71376738888302 0.400398179875174 5.51839 7.202630428 0.149331112090393 -1.24309631181647 -2.80835659909321 1.53111478889669 -1.15105485486842 -1.72299917232544 -1.40075272895352 0.39039349019887 4.46432191971172 -2.31863303339922 -0.0259683847329599 -1.18795252550847 -0.90584162212252 -2.06791010378701 2.19293320097366 1.49767904646439 1.4072857153264
56217.642125 0.415307393938466 0.39807490659577 7.374565 7.20474208 0.147476442531581 -0.638761660029357 -1.51515461529649 -2.44521000944692 0.25264079107451 0.00943558486424001 -2.93745472100578 -2.83554996065344 4.37883162738763 -2.64568492823251 1.44034105908457 -1.21949707282269 1.0899571949045 -3.9717512124523 -1.25873058307232 0.65292392671844 3.88277961569502
56223.532892 0.51179470193897 0.445972511877681 6.292129 7.210798377 0.146752924163819 -1.76448913245915 -2.70729734927895 -3.66738055820846 0.84131330075886 -2.28671156006787 -1.18934318219929 -4.00212466798462 2.10228425942024 4.26511827278649 -3.83854911557709 0.20180681501518 -1.59540201716801 -1.49093125512852 -2.90874282858333 4.07590441518521 -7.28245395653436
56249.526132 -3.15921763329003 0.328031341077668 3.761456 7.206853042 0.147627834280409 -1.33043985415624 -2.06810773916426 -1.82217901428888 -2.81550104117087 -0.34118289290011 -1.76100209447276 -0.35910597133653 -1.67631120693185 0.808926193513437 -2.55586842025437 -0.4555246870004 0.62282429519255 -2.64139457356822 1.51444803570229 -2.24290338265191 -4.26433474880808
56252.522445 -5.30142675930966 0.328896008065959 4.677211 7.207258748 0.147943623685437 -1.23859191121005 -1.21754398170648 -1.54132136179664 -2.62022699549123 -0.914072370339619 0.786813822756249 -2.76565416122243 2.22293973823087 -2.83692797679821 -1.36783120751418 -0.23702195765854 2.11138754166598 -3.95691838715304 0.0507410520630502 2.22597884476711 -4.9070996298747
56269.586479 -1.42252830251616 0.399487314938124 5.101475 7.20801694 0.148291450634131 -3.1574986446504 -2.1759839684949 -2.60738452918169 1.18376966517282 -1.45899473906191 -1.88693820234937 -2.13223519113826 0.88310127052429 -0.969370813578587 1.28391915882442 -0.467105298399081 -3.172121593357 -0.14355853584606 -1.45127024388902 1.30799455363475 -3.8956635000842
56469.845181 -4.328983233094 0.360199159206263 3.584221 7.213320299 0.148597811724979 1.07569158773579 1.63544370640323 -3.40331612234714 -0.28938949519424 0.38064211517817 2.43767847424563 -4.00077621802168 -1.29866284096981 -0.84238201447579 0.10369190825739 0.67445183433655 0.97724340514515 1.012433202364 -4.29557538857905 -0.03448535331085 -0.42193382241349
56477.867806 3.19337280382535 0.809422024100432 4.907137 7.212360004 0.147449594554028 -0.413891310141516 1.52062943285408 -1.67457968505409 -3.04768655609183 2.19612389971567 0.19843890030256 -2.25743159750162 1.19655967450715 1.41011607251843 -1.51605122526316 4.79093576860743 -2.77020754003228 -2.28556157859151 -0.47818074566361 1.75295703114605 1.11387690355264
56477.870167 2.72650999649008 0.801462704795638 4.887081 7.215106486 0.146204515044899 0.82484808806886 0.82484808806886 -1.7460301745696 0.49994636702482 -2.05446898459821 4.91141395991655 -5.52463583916561 3.87179707936106 11.9138943945717 -2.28907317836373 -0.10496537771208 2.70480608164557 -2.94479673103925 -1.97383332215351 1.92847042146996 1.07619686533197
56477.872644 -1.96116856547059 0.773331481613016 3.697528 7.209892485 0.146881975928262 1.52624646675361 1.52624646675361 -4.41889475892597 0.77969054782704 1.0059941006782 0.57500393866043 -5.73723956233184 2.57553212184074 1.29611312859319 -2.09414585767416 2.16992029412608 2.07205318613114 -3.41389945283015 -4.6960080099094 1.60971885754773 5.19646740954383
56477.875133 -2.38463091686356 0.755856365065622 4.617925 7.210383059 0.149115719072481 0.9138451571062 0.9138451571062 1.12734352942836 0.82244500800335 1.37563156287318 -1.1847128130034 2.35443104223445 -1.71340050706036 5.34032958902211 2.01787589969446 0.51690224968561 -1.78461311621499 0.47678198022366 1.53407109217929 -1.74374123038744 4.30157151786356
56477.877586 2.29691630842198 0.777135055598397 3.798223 7.21212364 0.149601117863165 0.428762073223623 0.62858491961815 0.0630549539533201 5.51626028221152 0.17159199107329 -1.69832267926038 -0.67549623810328 3.53193709165468 12.1556788495648 2.96403178238831 0.0544170208915595 -1.25138149125463 -3.07350856226702 -0.53774427427681 3.67917809100927 5.39087066612809
56501.903609 -1.51478780641407 0.408576434856542 4.051566 7.211508225 0.147436100312683 -0.297166506670873 -0.575143516641222 -1.47867613393135 1.45699340487649 -2.55968364986037 2.85648769760004 -1.28613144714792 -3.62497116867659 1.1974174468793 0.062129604984141 -1.8252961918727 2.53171306473147 -1.76180656591975 0.847672700638995 -5.14812428194106 3.32930656293734
56511.857372 -0.0691235256035109 0.413940129182309 4.961871 7.209473188 0.14552415700234 1.08307660779269 0.721370977681611 -1.15332421520142 0.956637077076245 0.440587542858867 0.040103560896929 -1.22861021918811 0.143070807152228 1.27779445618181 -0.677910996413324 0.984752841185212 0.40637346408289 -1.0104126231061 -1.27487624666102 3.81644666751343 -7.46691955559104
56576.631359 12.3033623812493 0.77230326293556 3.301355 7.207278168 0.148973322860642 -0.192399190327437 -1.3569654505389 -0.702256486769199 0.2255608435696 -0.466165235434199 -1.671353561257 -0.408568194733499 1.0123863631729 -2.7246940734515 2.7056554907051 -0.243096283533999 -3.3632406217596 0.673457363634199 -0.1222903855894 -0.4676436333321 1.5897523494569
56591.498682 7.14545670831885 0.883986669385427 5.47165 7.218127708 0.146088285558862 0.641563040176742 2.68244123834668 -4.18324950237655 7.0672924595503 0.65469632785627 0.292841473257759 -3.68746367666766 -1.44582160964329 5.63529848564702 4.35359744472292 2.55279163572982 -5.0144792286279 2.57024039248572 -4.79926512620143 -0.5735289487293 4.5616085674975
56591.504515 4.28750611721895 0.737249812320645 5.515706 7.216286031 0.147501119312415 0.104517578942881 0.15750358563832 -1.87305696709548 3.74498129803423 0.17420589790232 -1.83278299051972 -3.09515502830571 4.71556872568397 5.87698961090502 0.814079434035159 0.95667999813627 -2.07245558334929 -1.18417691049237 -1.74718851930488 1.88034418508528 1.45735911549646
56600.502654 3.87740837130567 0.343446414144049 3.674179 7.214122129 0.147631863359421 1.24266856075491 1.28158605661606 -1.99236614568805 0.30924480830962 2.59076356578392 -2.54083485481152 -1.83743326539078 2.50044748572111 -2.04121771461365 0.75864383125274 2.80096538525042 -2.13530422468358 -0.58472577466704 -0.95073622700208 -0.37121418017343 1.2995835956152
56617.579565 0.130409733349932 0.345792267260581 3.641269 7.214316434 0.147325302912247 0.287109229153185 -0.51313416853684 -1.82378492906507 -2.11083661075717 0.561476096951431 -0.903314921894082 -1.41775769895493 0.00386288444296001 0.10668091834001 -0.935549933782665 0.440823576867657 2.0469954755856 -5.33789141595526 0.82237205913174 -1.15414896400392 4.09671477739158
56618.528922 2.25293985591751 0.57365328241822 -0.28 7.211369403 0.147248955812659 -1.08910538132513 -0.71520182831352 -1.35341202363408 0.10900220499443 1.19416440143982 -3.49969129846799 -2.64918195027149 6.87265647169586 -0.31979395618571 0.57048552861951 0.0886488690238001 1.38666074491512 -5.43685526738754 0.740991498232089 -0.907758596545143 7.44660625098081
56618.533112 -0.378552475006574 0.570686920524668 5.708659 7.211821103 0.14793048743263 -0.608067235879368 0.279689712532271 -2.5620818859505 0.0461492480362789 0.678692360560543 -0.735188489929821 -3.17553486640205 2.24700538350701 2.67738869529281 1.41697082229182 0.340471104197176 -1.69151160040079 0.436631818924449 -1.82983336516569 -0.42769243457576 -1.2607401573754
