53001.598269 -6.27489367733606 0.380651782226332 27.213187 6.484014438 0.481650741475575 -2.75544870080911 -6.13679599131505 2.41556688645234 -2.30261561431172 -4.1860936477824 -3.0590649548765 3.70110744141773 0.92180811674771 -5.72206327119283 0.74203009826277 -4.253828586842 -1.35074453940148 -2.9695506309043 4.9305247841967 0.69817449211299 -1.261257531958
53287.796765 -18.3180312164533 0.422088361122074 30.645522 6.432512222 0.4533937031048 -0.665666742250392 -0.679179483424303 2.5558441865303 -0.457018072129699 0.487543980312797 -2.2315876692289 3.292773158375 1.0373576266849 -1.1799113479329 1.5551304678087 -0.6616802625323 0.144182726399201 -2.282362669499 2.5655661956801 2.1505735750445 2.1442512567971
53287.802402 -19.9830682879432 0.547561407416316 29.279649 6.431976304 0.455843269232433 -0.359989291414636 1.1167153556928 1.3995453561856 2.4937426511209 1.2010216234136 -1.343845637154 2.3925080670316 -0.7020524220646 -3.7223356659502 4.0439738648212 -0.276790845585399 -0.0741107920567003 0.0478059542639002 0.342080843561799 1.249492545496 1.9582574299202
53304.696457 9.91892125122716 1.32614239309846 24.116958 6.47966603 0.46805356722598 3.89026400947851 3.89026400947851 3.51842874683699 1.83016819843907 4.40984287005114 -1.66916922623581 4.05335542218671 0.6481690150814 -1.88400220685172 2.38475262219983 2.3568614522665 1.09874603990357 0.1071581843294 4.3800121916154 -0.6983039588089 -4.18688823204279
53304.697256 6.3096898176861 0.977776557393408 16.714533 6.478035651 0.457618543086449 4.03722817615822 4.03722817615822 1.91480891008933 -3.93103301932027 4.3808058590188 0.76371168612418 0.42332348742587 2.48295753368301 9.36103100940169 -5.694351992212 4.19431510430875 0.87612764326959 2.97440146674137 -0.91119906689617 0.18976700048381 1.77016051884705
53304.698737 8.60671609936333 0.682225474687215 18.782961 6.475017512 0.466036283444042 1.52037747309261 1.52037747309261 0.96026796985422 -3.35110073108448 2.05441921483408 0.27000717881562 -0.550396398560041 3.10969292939107 -1.42731434218533 -0.501606001721211 1.51681820888328 0.45067831323721 0.0245327846415488 2.1476304344401 -3.72733868955882 3.33042544733172
53304.700265 7.68420695682183 0.670169408668454 20.845529 6.470415848 0.469509881198801 0.81685141026673 0.81685141026673 2.20335132706306 0.31429422025263 0.592572558223019 0.32856689183209 -0.14339969020945 4.89559418926603 10.4117944459276 -0.79603150914131 0.70493009959205 -1.62509063831164 2.46443111858462 -0.30386829304749 1.83957094391333 1.7498286176452
53304.702615 8.41369507125615 0.726844041511494 19.954575 6.471416408 0.464764070583268 -1.25425756602989 -1.25425756602989 2.51892575310189 8.93484422615767 -1.68402224675295 -2.69729581545171 2.04589439408529 4.05134212770567 -0.9060334196596 5.09829927901331 -1.83995700606573 -3.15704006959139 2.00974307913447 1.41248721804687 -0.561897521439871 5.50465306285375
53304.703379 8.21534788373536 0.414806762059765 19.816738 6.474933253 0.469485538112776 -1.99315045845745 -1.99315045845745 1.82605589044357 0.53010869118858 -2.43527434156299 0.67564239038592 1.08862685151879 0.865423244473799 -0.350302020670819 0.672886163831599 -2.82240298481772 1.00378997632646 -0.186110780271631 0.54154650590265 1.12130435823746 1.91547323446558
53304.70493 9.07427538482534 0.410345886813306 19.745782 6.471679581 0.473157635752012 -1.2513895837947 -1.2513895837947 1.1297574761785 -2.77119158865477 -0.586046215380959 -0.0698758950847012 0.50035926503849 1.52414765026044 -0.0791625045212001 -1.99586033643112 -0.325947909756719 -0.84735036868185 1.51751205878941 -0.834957164133 1.68349923246028 1.4024823997419
53304.708795 7.12829373149304 0.843645989983904 18.676749 6.473356001 0.460603190040755 1.3239943090091 1.3239943090091 0.958644140976849 4.73139527313387 0.233282250791049 0.3291683344626 -0.33130062898605 2.49317746975465 -3.31766355402125 4.58234193370622 0.198810027763559 -1.85833537231689 2.2444935091563 2.79123713463141 -6.27614809624372 4.07203528846686
53304.721029 7.10798798387603 0.873323282243556 16.662007 6.480362566 0.461278637704667 0.26866524886985 0.26866524886985 0.38862420323535 -5.91452898847291 0.53974651310148 1.73165699969837 -5.21926767818541 10.5223041023362 -5.96923135063432 -0.39665173249705 -0.694666277209279 2.697473564835 -0.825645173192081 -4.53194740242762 4.15186008952422 9.93987729073213
53304.722615 7.91803416836203 0.811323908068142 16.716108 6.475293132 0.467521165663315 1.71263182044061 1.71263182044061 0.85786554538465 -5.20873540769637 3.76777577388495 -2.1004147847544 -0.49562859887405 5.37882283146917 -11.7785220895189 0.77852786085463 2.472814354113 0.66360318315431 -2.42468960732541 -3.10501183223841 9.66649742342264 -0.574902340879001
53304.723333 8.69178343729297 0.582409469894243 19.200438 6.476228577 0.471248035734782 -1.17286857151929 -1.17286857151929 2.22980449073261 -2.598637940749 0.158166408998939 -1.60729756585274 4.0980354228236 -2.32087480205202 2.67174537160846 -2.91911798628945 1.39513839041892 -3.38090036667028 1.81813929620939 3.62278953465982 -3.95710736711069 3.90157403516999
53304.725636 8.0325614295821 0.481521058054804 20.132255 6.470594322 0.471026988998824 -1.68486141737814 -1.68486141737814 0.20864323036747 -0.507436273485869 -1.08504861370238 -1.01436549800573 -0.27223791693091 2.24739932280355 0.366676701872111 -1.72482391163124 -0.111936875172649 -1.83221320421928 0.888767268393851 -1.34044171277628 2.55531357035637 0.76648549338428
53304.727916 7.66455132588372 0.54587926891977 19.137763 6.472326103 0.467381452536746 0.62637233029978 0.62637233029978 -0.24769067228618 -0.0321040783809599 0.933987845808231 -0.6262486305357 -0.72754010381521 1.78437688680762 6.9134983932745 -2.2985977891748 2.14540906261947 -3.42948837028083 3.46102848037403 -1.44847331204347 0.63729261040838 -1.28259656233547
53304.72949 7.99145305126746 0.471440962037271 20.797533 6.4690138 0.47497488265945 -0.16114972146133 -0.16114972146133 1.54299336819418 1.27699431290916 0.285377361391919 -1.51230712799017 0.742564452428391 3.56331411088023 4.36002624937817 -1.12906885981326 0.35160046361909 -1.43140715625724 1.65866685731516 0.289078907094019 -0.51234336838783 4.294642473872
53304.731817 8.06606201818441 0.490334931684041 20.529742 6.472436129 0.469680716736307 -0.5205377713755 -0.5205377713755 1.79071355508347 -0.7224361469431 0.54597390919973 -1.88377422881246 3.20685584844397 -0.993217035365591 4.93942732948056 -0.6959924809057 0.26656187255986 -0.56020336664944 -1.7203970618477 4.19954335605647 -3.08440152458633 3.38945540384283
53304.73949 7.7683143520211 0.43957866412332 21.389259 6.467871448 0.473387201411911 0.7691403512247 0.7691403512247 1.61823177784073 -0.00126326412173938 0.98141122152265 -0.44081593471665 0.64257734054222 2.70334320467149 5.97499367788916 -3.19254540249968 2.03380012225017 -0.87007125067964 0.46900537691729 0.68822756578309 1.71226466150576 -0.192490933769809
53304.741041 7.82631678601534 0.517233006669834 20.311959 6.471010905 0.469581038340766 -0.94012094211275 -0.94012094211275 -0.38753234736822 -0.538624787934792 -0.0415272120350085 -1.60976787347926 0.0183191401615703 0.93849474044194 -4.84323188568434 -0.628705182178081 0.197828434616159 -0.317749161150399 -1.02295883096175 0.60416648202298 -2.04999448742366 4.49984283298782
53304.743368 6.79153459493985 0.466430449215009 19.936172 6.473522157 0.470824735597502 -1.23526147128864 -1.23526147128864 0.85615175070591 -0.33725655833238 -0.57776524588204 -1.21067416622474 1.58394699538691 -0.22435553036787 2.92908101481455 -0.845802792225889 -0.48667257172181 -1.14287579067642 0.31887529703088 1.66302218127398 -1.59099636337082 1.3613168368708
53304.744143 8.06780129083535 0.472027640095488 19.070073 6.473425226 0.47327425498514 -1.91565708372544 -1.91565708372544 2.54275785149504 -0.20098907050145 -2.00158912743312 0.272753225668859 2.17797738218198 0.49778917290795 3.34326620109325 -0.969753765863588 -2.4798315073707 1.22430944726083 -0.216891149613899 2.26931520519857 1.59254556748282 -4.31766521723448
53304.744919 7.91286348476945 0.536640142152474 21.143514 6.475266324 0.469675869907559 -0.14337033161404 -0.14337033161404 -0.27418020907056 2.42933035982905 -0.109335891320551 -1.14045247061652 -0.83150174581134 2.5281998212324 5.36334013939907 -1.59094707418885 0.68801933294135 -0.91627901385836 0.0173300391527897 -0.43640666386439 0.23903651017869 1.60532897648664
53304.745671 7.26466467447584 0.572285948536048 21.333015 6.475730708 0.466200760010333 -0.8710444805065 -0.8710444805065 0.58158570184563 -1.04597884104735 -1.46437882240822 1.65961339100624 -0.46127457039862 0.44163621910361 7.67215417054794 -4.31766087410648 -0.26685355834878 -0.45321215280694 2.87526832025796 -0.82467943686737 -1.14261065709124 1.15584188605139
53304.746447 8.45397433893048 0.58838330235158 18.789422 6.473671347 0.471024164497184 -0.68567776018594 -0.68567776018594 1.85436814413506 3.346951479572 -0.294945750078979 -2.28241336756645 2.94857471381791 0.18313920075175 6.49014038636791 1.72234371783088 -1.66373732449694 0.136515258817969 -0.91847959635933 1.64660914996266 0.8422469640385 1.41962784717813
53304.747974 8.13929526003582 0.778077984022938 22.470999 6.473664939 0.465840278698319 2.77572827757815 2.77572827757815 2.01168305896795 0.20631210402655 3.79576566244806 -2.11582893040949 1.38113867629673 3.74714125908289 1.2059733724463 -0.35247470046961 4.2795684693771 -3.35789583257912 2.20642679355333 1.04210378759386 2.14306222354284 -2.49705664539335
53304.75338 8.13398145523525 0.409418442011029 23.55837 6.469314043 0.472533186922969 -0.13463148621642 -0.13463148621642 1.66338298432742 -1.10340726536972 0.0648393686286806 0.113261420437929 1.61276882943816 -0.0197187750591699 -2.59021951789126 -0.251490407006591 -0.19087591265817 0.82671751435808 -0.4499147551663 2.27927580719334 -1.86752631103556 2.08415954909026
53304.756458 6.89267332602281 0.322181565937285 19.825916 6.473410696 0.474600135288452 -1.07814211786597 -1.07814211786597 0.244427630123041 -0.0119787393668602 -0.835182869985919 -0.51982373841805 0.47001028827257 0.12345802346909 -1.13592042987355 -0.0489342122569703 -0.65601404525214 -0.54106829742983 0.130797475478079 0.565812482668551 -1.31175404890516 2.52228680794131
53304.757222 7.18227038014398 0.324016730259038 19.813184 6.470367476 0.474990762030235 0.58924550140536 0.58924550140536 0.372861227695569 0.62251704835535 0.67910853858321 -0.51855609932925 1.09816377148408 -1.00998583377178 1.08061000490107 1.54741430475601 0.06954471222845 -0.79746902357323 0.79474089333039 1.23332410579838 -1.7441469087619 -0.63542198478112
53304.758762 7.36126309055503 0.341588971508059 20.662068 6.471131152 0.473388622380727 -0.17408307476372 -0.17408307476372 0.0179341238883604 -2.83197159720293 1.15460142331949 -1.43058927215691 0.22043687673022 1.27390294779106 -1.61562602130297 -0.536166364931931 1.17874271506302 -1.50373658348318 -0.19357434920081 0.667738075317249 -1.0388881945155 3.14612347420873
53304.76184 7.8313580130037 0.427412288732779 21.334352 6.475455681 0.47046102282842 -1.07718520627945 -1.07718520627945 2.0770208883626 0.84951487138521 -1.61117665151607 0.71058285389561 0.216007127020021 3.30167453904489 -2.93123016395074 1.37826843436332 -1.83504174241968 0.0752534461291496 1.17273852048926 -0.32962659358149 2.00426257468803 1.92079796793565
53304.76338 7.6427038429639 0.398197235104337 21.059032 6.473899189 0.471753013641509 0.52319089984617 0.52319089984617 0.29505155558899 1.61485814729525 -0.0785211753935098 0.4845290179527 -0.5530758087719 1.32990720825678 -0.86984775118423 0.75036298305702 0.50618202628563 -2.08406747160483 3.49239786521451 -0.92081391821818 -1.03006368683768 0.733315597371281
53304.765706 7.15622088219348 0.379820433122244 18.539352 6.469244249 0.470778900017118 1.14880397906119 1.14880397906119 2.13596694142144 -0.23099556729455 1.05022924604612 0.31736351984969 2.75766565420427 -1.76284546543857 3.13526413595452 -1.43344007010705 1.11138633097822 0.534126139493559 0.170739267875931 2.67011532057411 -2.18950368682189 1.77738945988862
53304.766505 7.67881548952624 0.338911773349003 19.173391 6.4743833 0.473677386605804 -1.0586042237407 -1.0586042237407 0.973103587711659 -0.455837515020809 -0.689561783516471 -0.56321650392732 -0.0567837675774197 3.02915526333052 2.24578558720553 -1.46974591039432 -0.56966946988323 -0.39288338458164 0.63775717187842 0.12938769955115 0.66442796926238 0.838134966447809
53304.768044 6.47008682634863 0.334020788951651 19.853724 6.469646901 0.472518945062669 -0.0522733757074505 -0.0522733757074505 0.78418483536724 -0.25557259279448 0.0489845809880602 -0.0854555059067899 0.35610885805461 1.06520415662464 -0.224009876134311 -0.0888464357776195 0.0919831594989802 -0.10856987411352 -0.0635079381641903 1.21346455786071 -1.6325411722572 2.78028318220662
53304.768831 6.56495541657843 0.334350496351663 19.333083 6.476320103 0.472856141996137 -1.1089064489236 -1.1089064489236 -1.26539394187135 -1.75420371300484 -0.75723107070089 0.15643612956218 -2.27686390517395 2.09920238519385 -1.8974730717614 -2.15234751396253 0.0889630143987095 -0.88993571139346 1.61984870971403 -2.12086537391522 -1.70793630763236 4.91421096488858
53304.771112 6.62828748883432 0.36592107339793 20.932368 6.473572443 0.471236457429346 -1.88866303595647 -1.88866303595647 -0.0623199912668699 1.14625402092761 -2.17815953265608 0.0537837111025699 -1.17586163683075 2.41526935540221 0.26081244874376 -0.582803845264951 -1.63113790501763 -1.44288098919483 2.85344682789745 -2.15344205998233 0.0157163106291698 2.93889294946172
53304.772674 7.12537699071879 0.37099227215176 21.282848 6.477265353 0.475482912442133 -1.12725367029297 -1.12725367029297 -0.164262484583021 -1.81076083687883 -0.03857785122797 -1.43068963106013 0.395879621886889 0.43881632092665 0.0693286861385101 -2.70472504505574 0.91771333709945 -1.65960360529386 0.40491492865463 -0.27547677192421 0.2437046857239 1.48667426528229
53304.773461 6.3895308904162 0.364099332698237 19.967788 6.47173977 0.473279716793094 0.29733750194535 0.29733750194535 2.1596379440113 -2.83417807355063 1.40398663869328 -0.939562756483539 2.91001036496395 -0.56671763332455 -0.73798622246635 1.10915645728157 0.33107846552037 -1.28611732598242 1.13973006987725 2.19225641639186 -1.52785605857131 2.43142143458522
53304.776563 7.26818591178602 0.41505180994319 21.39109 6.474662871 0.476089819228543 -0.68708805289324 -0.68708805289324 0.35662217881825 -1.43968450898031 0.357532080035051 -1.51662205969146 0.11654196834382 2.30242068160424 -0.0169720407207397 0.0393494676517498 0.645978793288351 -3.16310176253945 2.04980520863503 0.45523751721085 -2.85424628535592 6.0406649152419
53304.780383 6.95978146186875 0.464316802035753 20.15003 6.475153166 0.473624859056393 -2.35955527699044 -2.35955527699044 1.1395244401128 -3.02510438982872 -1.04195620639833 -1.35355870546703 0.463097873913481 3.07067520646237 -4.97840368350545 -0.856917837026271 -1.54277722924033 0.89319041552387 -2.06562196903317 0.93947529274236 0.89391585647031 3.63962773534368
53304.781158 6.95429071476315 0.398943082661596 19.116483 6.475644631 0.472524316937611 -1.24589067212033 -1.24589067212033 1.49480226174512 0.75164954431993 -1.12860944487182 -0.60359013151168 0.82475362709446 2.18333524260866 -1.75184748185277 0.96335311983677 -1.0063268170268 -1.38764948786987 1.19235736561123 1.33857863180988 -2.38443203991625 5.61720494796609
53304.781945 8.40020209352339 0.423816272947512 20.070391 6.474338949 0.472625578278622 0.44344704083898 0.44344704083898 1.06510921163033 1.69681191443833 0.46320585407349 -0.850256190104989 1.41694498338967 0.210772579134931 8.63018346038792 -2.66967511218536 1.02958434850758 0.687943094922781 -1.93634023255839 2.00647783183401 -0.343140794157861 1.57854289772524
53304.784237 8.92712982285057 0.373084774894951 19.92863 6.47437248 0.473437365237516 -1.33970288913124 -1.33970288913124 -0.456406178868029 1.15977656757017 -1.60586386053252 0.0028530481166591 -1.26729492123818 1.83123517300534 5.86799378121251 -0.981931476766301 -1.73053657555241 0.481698797199751 0.0672236797962089 -2.10307866305917 2.89452926068529 -0.982104763729639
53304.786529 6.83936975465477 0.334391715368133 20.945226 6.471338264 0.471729227074174 0.10201237029938 0.10201237029938 2.02633659642924 1.54001319755729 -0.50564898192246 0.53634380954457 1.69721203755948 0.0969919590469601 2.46599108589995 0.27114879870392 -0.18514449174469 -0.50199608704991 0.8803543266224 1.84550876441264 -0.62162320219559 0.48423253543406
53304.787327 7.63660762569426 0.301982188908823 20.800265 6.469149635 0.473747163235454 -1.50027470261865 -1.50027470261865 -0.250399426225781 0.756217493574219 -2.12399917626595 0.95837947970989 -1.05882890463176 0.66516761033627 -0.710323956408221 0.30944573106464 -1.77173544749852 -0.56569953298599 1.87681945143995 -1.53847459138141 -0.22550712460308 1.53084272442073
53304.788114 7.48520470887324 0.305928668815434 20.589609 6.468160978 0.474577799568809 -0.57250933794719 -0.57250933794719 -0.331484782451001 0.367548826464811 -0.810350239117251 0.323666852225901 -0.6127499991447 0.24395477486142 -3.32032756749764 1.62920807068661 -0.951406873762879 -0.962890833599291 1.91331289400534 -0.2780696093557 -1.47415818485914 -1.04388628580624
53304.789642 6.06081956031566 0.325069719931812 20.232243 6.467334324 0.47316289574392 3.00647286067078 3.00647286067078 4.2221150796872 -0.0799294590703696 2.26675937779279 1.62946489893684 2.78997845241502 1.28961891788266 -1.1844154496624 1.2823567274709 2.2457020284367 -1.37177728066599 3.87078426793635 1.8801713429437 -0.136119467311101 1.098927642218
53304.792744 6.82480672480142 0.351834875002837 18.850153 6.470270017 0.473031445299154 -0.44901865818351 -0.44901865818351 1.94181398676304 -0.83970432301317 0.0448215088656898 -0.640886448085039 1.68279174192174 1.333502906601 3.24295950001882 -1.34188440872155 0.11259709791577 -0.95771429272434 1.10740578901922 1.3454330781328 -0.46653967418658 2.08686469898765
53304.794295 9.54011512441574 0.343819671639418 19.957649 6.472556597 0.472913504320074 -1.49326699219782 -1.49326699219782 0.57782366518436 -0.951043811797801 -0.96453380966183 -0.660652985631099 1.00674403890235 -0.16429797207198 2.06995001125418 -1.87278108054887 -0.24061312794686 -1.15351047097821 0.271934837379169 0.11550407640043 1.37834970464584 -0.28317829406406
53304.795059 6.41377007829382 0.330329936097484 20.482404 6.470088826 0.474702708019137 -0.63953568605043 -0.63953568605043 1.49481149816092 -0.97944002521051 -0.46097380531369 0.113720432299131 1.9395966481889 -1.13068062388844 -3.58239273414159 0.42174485013381 -0.85135246262586 -0.191142942966231 1.57704621734398 1.41285187204118 -2.23727319317497 1.45894043482619
53304.797316 7.46505260937814 0.391498288647667 20.591126 6.471492397 0.474752729000653 -1.44526072508533 -1.44526072508533 1.02880569687399 2.6669032034737 -1.71105886694697 -0.71987175809972 0.2611732373153 2.54147704755102 5.38449718537568 -0.38638981646651 -1.20718208954458 -1.1882468182211 0.705595393497039 0.60608041834069 -0.73185468342255 3.69126549843601
53304.801182 6.61561092293435 0.334061004843963 20.492047 6.470527239 0.476594260422509 -1.93786033444033 -1.93786033444033 1.86755055555384 1.0851769763833 -2.15525994804027 -0.0889689417496298 0.49388850242847 3.22048154306022 0.973215391161991 -0.15581673507604 -2.55400246615002 0.76787000695717 0.41282907289472 1.0240526364207 -0.72289155396179 3.15219242559038
53304.803496 7.73620428452288 0.363561545588159 21.113794 6.471208675 0.47171866750255 0.126555140582321 0.126555140582321 0.232964157354 -1.04158538467224 0.0231096270358 0.72134067137086 -0.492793750140461 0.77359293974326 0.25184132535192 0.99871370942596 -0.787615026736381 0.190472085348411 1.18073509129049 -0.214739728984931 -1.03244101330045 0.61229287055348
53304.804272 7.71973931881776 0.321511263083273 21.827874 6.470345388 0.47268316860624 -0.79380244932294 -0.79380244932294 0.361401008363591 -2.53475633271906 -0.378944799956661 0.41544598164248 0.0180587038267204 0.27447213675128 1.01713227250227 -1.3392936269946 -0.45117880566488 0.36002344074574 -0.23876192763891 0.15593274593826 0.33384392623466 0.22078959219914
53304.805036 6.63680143419323 0.333058239590479 22.026346 6.470697058 0.475034252954547 0.180734747442839 0.180734747442839 0.249458990753681 -1.54064436454686 0.5198525781387 0.0708936451119202 -0.24390648415674 1.03965331614974 -1.06018739326918 -0.33593108058795 0.0252399424306198 0.243813827076 0.87430806256291 -0.83297661452609 0.18059637298986 1.30299554363003
53304.806564 8.44830838612595 0.350434321623563 21.353612 6.472641684 0.468618941652449 -0.259134331903649 -0.259134331903649 1.77101044846442 2.39059475671947 -1.00479371174432 0.42120674737771 2.59372625807039 -2.32831984163369 6.41082319661605 0.817160557765209 -1.52364824892201 0.420387323334601 0.31564644031595 2.16172225934131 -0.918232860473321 -1.16722652251596
53304.807328 7.69040879818463 0.329558686128811 19.530486 6.470395064 0.471976928582817 -1.28156838944883 -1.28156838944883 1.1611998957493 0.20655786408639 -1.51571427121381 0.398012880492191 0.57915901227333 0.83488416084617 3.89780822071264 -1.94783589774193 -0.548948860377489 -0.632012550447151 0.54600383015598 1.67885171194144 -2.00307356148038 2.26460697936809
53304.809631 5.38191100258378 0.356984533692248 20.213158 6.467771975 0.470110629073764 0.97537763201877 0.97537763201877 2.42672581012993 -1.60126611965895 1.08690822435341 0.5330643119419 1.91669496851616 0.518384557204279 0.40460577861629 -0.0217034260653 0.36869705574535 0.126562037925821 1.6743086404126 1.7865388043734 -1.41765991035048 1.04843091356751
53304.810406 7.77673111155816 0.328158242840123 19.108258 6.470549196 0.471947961842021 -1.06934369672469 -1.06934369672469 1.03093867796501 -1.62903727842086 -0.76448872330941 0.184553971690489 0.671065659295361 0.590953286824719 -0.995564072907481 1.04551231394436 -1.23680381249125 -1.27431085549504 1.97190526590332 0.7682611870879 -0.460264838874 -1.79552258107342
53304.813474 7.10300738457938 0.328702515496118 19.983076 6.46924729 0.473186911998843 0.162416941580481 0.162416941580481 -0.33786308811727 0.12500179844913 0.0240824655944394 0.234182159911811 -0.54417542139637 0.18121486471577 3.18631337027524 -1.65652651970774 0.73095222724109 -0.95242320622103 1.53894497594009 -0.899489220965489 -0.55020655454484 0.72014600219633
53304.814307 6.99782130534482 0.319616820853403 20.791271 6.46966263 0.473512495511916 -0.338193826190071 -0.338193826190071 0.58762622339351 -2.07580908228253 0.24522297131439 -0.19448036792069 -0.42685221107655 2.53529469504952 -3.18255009483106 0.5039807386575 -0.21664925425537 -0.89848080739862 1.68267984917642 -1.13823065997274 1.44823537780743 0.395820585294839
53304.815846 8.65489393628538 0.338102731549443 20.693428 6.471172518 0.473771026989368 -0.72843252512709 -0.72843252512709 0.393922093224061 -0.38147473413075 -0.869772650511001 0.492584730335311 0.960903537622029 -1.86146484508582 -0.093465293228931 1.19324567497106 -1.3786560242035 0.48966150905725 -0.50293298785224 2.53633167350628 -2.80026895693372 -1.86992722346333
53304.821228 6.18029443754688 0.32639075802389 20.73477 6.469442943 0.474272343556518 -0.46875152980466 -0.46875152980466 1.45674234605468 -0.56440438007815 -0.68793387447534 0.75053223763454 0.59325621187895 1.05291178997498 -0.26049639660399 1.49248694032902 -1.53870754067055 0.51186281509653 0.46683590107088 0.543994925517771 1.05159839932742 -0.959948998173109
53304.822015 7.42436216709813 0.33041965339287 21.51335 6.468015312 0.473504445763134 0.37929435218398 0.37929435218398 1.52765990751707 -1.17533385476283 0.62801707847319 0.0598997966154204 1.64938432937837 -0.351338128738529 5.10846965468947 -2.62120839103874 0.98671038870943 -0.54269806811218 1.34774208424067 1.75367223365144 -1.48937209558189 -0.62693041759322
53304.824296 7.20345014852901 0.314146814698656 21.404566 6.470988662 0.476301141887859 -1.84938519756069 -1.84938519756069 0.39637159378749 -0.775202769082291 -1.12322344221221 -1.17565769830139 1.40863285918 -0.85768199415258 -0.178756760432432 -0.028159521154679 -1.27458322201082 -0.39584011727105 -1.05316201934746 2.39496562916426 -1.77882851992123 -0.51674676810544
53304.825071 7.82777706751092 0.326154203352453 21.098983 6.47011593 0.473663438147892 -0.03967718339233 -0.03967718339233 1.44643661287436 -0.59337865153134 -0.0988419054149698 0.42294156759004 1.14517006375725 0.1754223972384 0.791200213230031 -2.07516820832308 0.59933098970353 -1.21315415288984 3.13884139428968 0.537724526281441 -1.66559591508755 0.47707418209437
53304.828196 6.92419083380829 0.338391948215465 22.027051 6.469840964 0.474204586035155 -0.202611472209971 -0.202611472209971 0.71313364566089 -0.0726673603718702 0.53148022853746 -1.51540156119149 2.02454734596041 -1.16183404271315 2.0470315758583 -0.620615312170591 0.83793295060312 -2.042076285746 1.04789462304107 2.38366752776658 -2.04665637695414 -2.28818061273114
53304.82896 6.73176653250996 0.355494245185019 21.346364 6.470885859 0.476124155169624 -0.86694075183861 -0.86694075183861 -2.31596410063712 0.51865100754857 -0.56958249283118 -0.89556253443069 -1.75232487421179 -0.19286396299562 1.93214069250236 -1.54949895481536 0.24778719856811 -1.52500838348581 1.0568598376949 -1.7063436427288 -1.69485264963523 0.888368444647269
53304.831263 6.53611327750412 0.328244652782246 21.696333 6.472186982 0.475658050028465 -1.27651204293604 -1.27651204293604 -1.2740978386479 -0.75764738753747 -0.270829200728611 -1.78115986855054 -0.56062847770506 0.55297089653434 3.41903757825824 -2.09144610295847 0.554268721841759 -1.63699267507429 -0.7595895383148 0.36463248091535 -0.796143611846261 -0.1300499795844
53304.832027 8.16340800127826 0.343646378110502 21.180981 6.470614237 0.475323793986722 -1.51916382442864 -1.51916382442864 -0.54644776451648 -1.00515422038275 -1.81789713886595 1.12671065395923 -0.0560774032687412 -2.42120736001942 -4.07915117829902 1.12438877514413 -1.35055423940512 -0.83923041818427 0.745150710872331 0.807301861918459 -3.11266430016191 0.97269527896496
53304.832791 6.35760618735797 0.315939466275243 21.783347 6.472204254 0.475925021027666 0.357154549760099 0.357154549760099 -0.62016131579063 0.24931779286858 0.44228794975148 -0.31903288429946 -0.29839482602419 -0.340565571568449 3.62343474990867 -2.43145127339029 1.91931633919479 -1.98083755176492 1.32410726073928 0.0104283112156196 -2.51772952728157 2.97402064553018
53304.835893 6.93281591445657 0.332190702819498 22.37175 6.467632491 0.474271639959917 -0.75197734374844 -0.75197734374844 -0.50521386649849 -2.79385290575213 0.0422383534855992 -0.30011951824758 -0.67235359609155 0.75135430633819 0.647530316045449 -2.73054393866251 0.61662850081618 -0.96787752873235 1.16110193531907 -0.7456727745536 -0.33978383337297 -0.05842015055911
53304.838173 7.57280675668767 0.359918345797549 21.010953 6.47135125 0.474053027195197 -0.59458523479962 -0.59458523479962 0.85700587746281 -0.734635461212539 -0.83612130942401 0.85392704424328 0.60449704470231 -0.429815810915129 1.5880250065977 -1.56461053487012 -1.37070417637456 1.80237871323177 0.588322416281859 0.309178422591591 -0.66763270621199 -0.735104312982671
53304.839713 6.94344109261036 0.352410228618698 20.501935 6.46963607 0.474166503082394 -1.76067806664319 -1.76067806664319 1.13907736472959 -1.46373024537696 -1.87074100411571 0.93197412479125 0.238885923152001 0.917211579762119 -1.67889931921369 -0.963648114353161 -1.24187576414201 -0.77261057814325 1.69230276740308 -0.0262385952587803 0.58824561183126 -0.25005246174997
53304.840488 6.92314912723589 0.346079675565039 21.115891 6.470386757 0.473538411720575 -0.2245662055249 -0.2245662055249 -0.49949501506345 0.39622469395806 0.90891101323996 -2.61636893107143 1.35724827949911 -1.04447827385224 2.89356930278781 -2.00939607485258 1.85671451090116 -2.18527636349427 -0.36854892067802 1.5066807328463 -1.83192166168 0.55225420205827
53304.842849 7.44759978972866 0.34613622290692 22.110026 6.471038186 0.473806814334705 1.7411837515557 1.7411837515557 -0.0155729389957395 -1.28200873426303 2.12469520930847 -0.197826962978771 0.17588141725357 -0.191020821087799 0.60383945216857 -0.4671225344091 1.41913481233018 1.62834807940014 -1.7668304647697 2.03809066350672 -2.54696755406877 -0.0771412134614495
53304.843625 7.23332800977759 0.351104992176282 23.008907 6.472870123 0.474368728673668 -0.829478150235429 -0.829478150235429 1.34597278708561 2.304811487788 -1.04149587153882 -0.69739081149582 2.17515730515561 -1.03730480951484 -1.32413600614234 2.20348839872773 -1.20693253890466 -0.74902954380434 0.02002631436351 2.05746397637928 -0.734018697474 -0.14336894221158
53304.844412 6.20228792518627 0.336414688284196 21.372255 6.469139298 0.471634829296149 -0.18688031174998 -0.18688031174998 -0.50726913225538 1.16863524214146 0.22406814260885 -1.45793820566148 0.506311130709411 -0.53772396331304 2.10000083796686 -0.25614666078648 0.33087125610002 -0.74681320553618 -0.44677838488743 0.2532393097523 -0.34362650867452 0.143690251989669
53304.845164 6.05704723868271 0.34721666931551 21.510123 6.470625723 0.475854744290968 0.79927154205914 0.79927154205914 -0.22467170253312 -0.735596789607381 0.57356996270624 0.83903596593373 0.60058437088617 -2.86863873682199 1.10415284898752 -2.05290885710718 1.23248337276227 0.0352242041648596 1.09533024741097 1.02836556848348 -3.32839312813655 -0.76732935350917
53304.849852 6.72197568153753 0.37251114487352 19.550497 6.470529092 0.472789254096372 0.30673959047496 0.30673959047496 -0.44332299561229 3.96747995658365 -0.38291115042559 -0.458795588533619 0.05302220762887 -0.5710098164581 6.07342452036696 1.00134139690342 0.0986774622161199 -1.88606755178004 1.46373701704651 1.26974140928957 -2.72061032930971 -2.29084727837269
53304.850627 5.86157898343205 0.395337066122377 20.593468 6.468525588 0.470927886266881 0.57691650849798 0.57691650849798 0.62845449063092 -2.42499684024496 0.80424028542607 0.65305990827631 0.861996443005189 -1.26239300991237 2.07647573990569 -0.76668014709196 0.53146381026761 -0.14570901126351 0.91504567049568 0.4837467764762 0.2261376899311 -2.57433958771276
53304.851379 7.14154069761474 0.361467505450976 21.389608 6.470736729 0.475048890350544 -0.586996453265179 -0.586996453265179 0.478677406734469 2.03785859896734 -0.42954276085922 -1.31435682690872 0.67083230199132 1.12330560753501 4.52571861346528 1.26010038324822 -1.37226567750095 0.0688766639602498 -0.60614651448539 1.17270276389128 -1.62098052073512 2.974474227089
53304.852907 7.00176786519999 0.375357140176861 22.04565 6.473103222 0.47557648514205 -0.96725891930349 -0.96725891930349 -0.58079985966637 1.37971488163117 -1.3915406046401 0.23365319404734 -1.15002792576285 1.01022639464276 -2.12618554201063 3.05718756239604 -2.67076394479521 1.4204761050221 -0.94603893161708 -0.13574539294652 -2.93847954382918 6.26377631823525
53304.855234 6.81309218897984 0.375240922625827 22.337879 6.473389835 0.479930257538694 -0.91845274758776 -0.91845274758776 -0.19973583372447 0.89939626296741 -1.54501618565021 0.89102132382114 -0.72835490121972 0.13901790327912 5.08046255187353 1.14671677086678 -1.80906716433125 -0.425465148073631 0.808901146936121 -0.59332645456519 -0.27535642845124 0.70949022139006
53304.862942 6.74416500989343 0.363681561988003 21.199481 6.471170939 0.477595101544846 -1.7387736513983 -1.7387736513983 1.25322784493556 -3.27495315169867 -1.28789789139181 0.628083464553731 1.4378538565553 -1.1599096812643 0.323170349590741 -2.07295539751715 -1.39919456507027 0.1033306494818 1.49061261356905 1.04382525336275 -0.77984043121351 -2.07849783579173
53304.865269 8.09359067836216 0.422637528113093 21.194542 6.472490289 0.476835340977419 0.52090766987626 0.52090766987626 0.791949715277321 -0.373258530926959 1.05525451792562 -0.93015892086498 2.43721740540894 -2.58068342873148 1.36328772676455 -1.31273614924448 1.54188043875253 -1.04071528683083 0.27698076331298 3.20305041206587 -5.14736816215557 3.3334316496341
53304.866796 6.41598141127153 0.408290059803902 22.251106 6.470328443 0.47838819683817 0.31073808338929 0.31073808338929 0.666465228909781 0.49045069829561 0.23182522484254 -0.0584260304413702 0.44525309772506 0.55947083535888 -2.46109790970369 2.33614091923865 -0.91477245021496 1.23557251988346 -1.07978018561963 2.16892176014504 -2.84503484907848 1.85663222122395
53304.869123 7.58125340815499 0.431657071739289 22.384413 6.469519651 0.47582497135402 -0.69065424457784 -0.69065424457784 0.94608035469221 -2.85235491801322 -0.25311638103833 0.35794520688284 0.63202372378505 0.287282014727079 2.80464794686599 -2.96247230597577 -0.4302598876937 0.26584927969217 1.7964897349775 0.89995506196467 -3.55943771945323 3.40736774381218
53304.873799 7.02187577394972 0.411920307828667 20.967218 6.471149507 0.474065870896845 -0.68492784388543 -0.68492784388543 1.6186515795037 0.84318039241537 -0.64979147069261 -0.45410703417333 2.62019321171032 -1.70261428933466 1.97945221327483 0.70227376335158 0.0642306099194201 -3.39641637200631 3.05801438142622 2.06460254823476 -2.63228261769913 0.82986988732807
53304.87454 5.66418880486998 0.442576405602201 19.201369 6.46910436 0.477878757713531 -0.55478217584327 -0.55478217584327 1.85538664372209 1.45309156008679 -1.49155112765248 1.26300858273227 1.44140524775569 -0.49195270319627 1.5583060597918 2.04260745746273 -1.25924599466426 -1.98580789493517 3.16214318818479 2.02349173039768 -4.09341058817544 3.41849371955254
53304.876091 6.06397087294109 0.413561773423658 22.475049 6.46932202 0.476438276228489 -1.12877980342995 -1.12877980342995 0.76034420510342 3.22369046574507 -2.09717025520355 0.52012088780357 1.54040308388755 -2.35287107923502 6.34504184362939 0.16592463938298 -2.16367631418395 0.160620204523569 1.10415332371946 1.65174926596739 -2.32633963659114 -1.94611124000552
53304.879945 6.29307704794766 0.414839616226216 20.806879 6.471447784 0.475626544666927 -0.19088684935533 -0.19088684935533 0.12442342864943 -3.67641978860701 0.20199572899542 0.848591497596391 -0.0390956063351799 -0.596609585222261 -5.48281848877941 -0.67871260726261 0.39717085235575 -0.53804615016473 1.5168094654422 -0.481418298654431 -1.0948350914451 1.79129200146719
53304.88072 6.92534242456115 0.405077556087936 22.288869 6.472228746 0.474608606502639 0.5611162151704 0.5611162151704 -0.56589008052213 3.26060970019735 -0.60890615369856 0.926692807634589 -0.28572438957476 -1.70396549617723 3.49745222631024 1.91244869684213 -0.60939922573711 -1.02798194264994 2.39819850609195 1.07588096038439 -6.40364860640584 3.22147519324294
53304.882237 5.77048218192891 0.392555739069135 20.807892 6.471445948 0.476414725241285 -0.95821390137817 -0.95821390137817 1.44992302919986 0.873810358141309 -0.900302097881079 -0.53132699928301 1.83025021064323 -0.23098726192858 6.15984991027631 -1.57399716076618 -0.42606103353434 -0.70419602733977 0.20727094924574 2.27656942042412 -1.8559634313982 1.55348546758328
53304.883024 6.6996506980898 0.391413422606782 21.746298 6.470141854 0.477745827041486 -0.72392020143051 -0.72392020143051 -0.77644631653373 0.25790208154037 -0.34899559431815 -0.90988975695562 -0.83163319522118 1.20744895885197 2.17017272402031 2.4120155424594 -1.74663767368932 -0.0140478564665205 -0.58649452497851 -0.0950081209934606 -0.35945017613859 -0.33119470477707
53304.884551 5.84065201154014 0.412384536905595 20.639592 6.468525262 0.475776087909284 -0.63662354420139 -0.63662354420139 0.71996748909379 0.00210676841275959 0.0752626776476504 -1.47428744614053 2.8853763701648 -3.14496350993956 2.00112697006533 1.03099126308922 -0.52820749989311 -1.70480025909861 1.23845477997249 2.38801391576964 -3.44078918310887 0.10096168881757
53304.886068 6.70356807399296 0.427953017123455 22.307505 6.469616741 0.477744714193713 -1.7542551415237 -1.7542551415237 1.49157049016601 1.91200050675314 -2.93186352850673 1.57513471250205 0.66610914807837 0.0325155529939298 2.19404533471951 0.55609447076521 -3.61229813612118 1.52863384814061 1.5713286578504 1.32500614554003 -2.8250633488127 0.51128060647863
53304.887619 6.82934931940017 0.426576511641132 21.06011 6.470960921 0.476484205692753 -0.748251012588311 -0.748251012588311 -0.790684509143659 -1.11880715001409 0.1428082055847 -1.34131988173115 0.386325652399361 -1.07922812088025 2.71188348711562 -2.23371473442761 0.45950082648157 0.0988573600687905 -1.80410896426756 2.23393429708618 -3.8660150473599 1.71352809086264
53304.888371 5.74586570420732 0.453116242033102 20.042248 6.469354947 0.47770138655561 0.60990014808082 0.60990014808082 -0.12257474018649 -1.19097010326521 1.01214911368586 -0.29123871485292 0.40045815395344 -0.82780653649828 3.91866678986124 -2.70650318308668 1.5409712022747 -2.39102714327484 4.38422946571569 -0.47399086610455 -4.25101581423133 2.97794731795708
53304.889945 6.66618046859458 0.392438432394743 22.188055 6.471809642 0.479240119662315 0.70518123095276 0.70518123095276 -0.90023867942673 -1.476762695536 0.90739699792597 0.26135063580131 -0.48027441007596 -1.25945170615297 1.31934095152342 0.3945677991398 0.15382127916999 0.3727913663117 0.14194614994311 0.28666390619381 -1.51447200397428 -2.81883475490335
53304.893012 6.97094717843985 0.43921632051485 18.776077 6.471388804 0.477313207685236 0.440960684373589 0.440960684373589 0.32063495211565 -1.30796725302082 0.95822460836397 -0.474583759512781 -0.60852474298516 2.61691832502501 2.45062130608738 -2.60319597962875 1.79431070215305 -1.58734533270656 1.76927127574043 -0.998328708765921 0.65444575244632 1.49502833519981
53304.897642 6.41744689900407 0.470626431016635 20.006221 6.47232279 0.473594881629293 1.35103269695675 1.35103269695675 -1.15502582574761 3.90286857384781 -0.222469969053241 1.55110151919809 -1.0863786276914 -1.95906224157512 8.99548696660964 2.88453337255879 -1.52913689941684 0.389922069531281 2.55202360824929 -1.27894118604152 -2.70422476162671 -1.25439199417415
53304.899193 5.56661669487996 0.452617146286481 20.955779 6.471279456 0.471772615828605 1.31966815928132 1.31966815928132 0.43430910821321 -1.64770834753312 1.4338333679297 0.50052520582535 -1.12516191048235 2.92059395562288 10.3277789256982 -4.50251163600963 1.82453267205729 0.5866735659012 0.69157578294089 -0.48979635743599 -0.84466493756951 3.30521591679027
53305.676443 0.578301619629725 0.277276791018355 27.985154 6.481221584 0.483132956818449 -0.832849145579073 -0.832849145579073 -0.725424662100809 -1.01503866973329 -0.215028053255612 -0.801585749572443 -0.151560774091306 -0.327339884663527 -0.16609812909858 -2.15120431212084 -0.148299314578423 1.05431037086381 -1.19726608903137 0.175301108356067 -1.12849054476849 0.72974605277816
53305.677982 0.320014216598947 0.273284973634538 29.239043 6.478606192 0.483307880901678 -0.791083191724684 -0.791083191724684 -0.522587161967797 -0.525226668460438 0.136048879784288 -1.74663170960168 -0.601129697293255 2.49002908569408 -1.68278245948119 -0.175463626918131 1.00159316784215 -2.40599669777035 -0.326748060742846 -0.0578369448395699 1.97217958306909 -1.74616580476028
53305.681779 0.100516379940664 0.270153900191498 27.903503 6.477945037 0.482553970257388 -0.598685286209052 -0.598685286209052 0.0155508014276111 0.349025036289133 -0.837546738554273 0.337316626943429 -0.381345715365583 0.505535598614848 -1.74162653655092 1.52149075730419 -1.73485566289733 1.50664227712295 -0.964054199915713 0.323589879278569 -0.055039965839946 -0.970349315406494
53305.682531 0.774616001349603 0.273733866174991 28.504416 6.480107701 0.481310212102824 -0.126040848355424 -0.126040848355424 -0.99416416252776 0.278595372494524 0.24310228948667 -0.959399856793358 0.043371595300819 -1.2162918071315 1.89968614867885 -0.47507112134712 -0.355745036153615 1.12285135797474 -1.50200950875136 0.347601657451959 -0.368392331994381 -2.55738798158761
53305.684834 1.36598534229658 0.27579704851391 28.233257 6.478691373 0.482493568756975 -0.26319921815258 -0.26319921815258 -1.32675557528987 0.43917299605547 0.42759893234967 -1.77904916241032 -1.46977042017092 2.72680178663397 0.855831701506218 0.43839543426322 0.41187775266277 -1.00840352186665 -1.24244522335401 -0.489932770268574 1.3343916133053 -1.35524973453927
53305.687878 1.27914475241546 0.267424111956719 28.500763 6.47837094 0.483530369123927 -0.71760236758373 -0.71760236758373 -0.0118029279816501 -2.36926089569583 -0.251899497810765 0.295862492832515 -0.244691238030929 0.167108212563589 -1.75812490352974 -0.48515632137582 -0.150064225746 -1.08911624267983 1.69773518336792 -0.18803115561473 -0.0755762899902701 -2.76201307624283
53305.698596 2.07621817486781 0.276575530738426 28.672228 6.479153876 0.481907564923572 -1.99251684143171 -1.99251684143171 -0.17717011079441 0.48032670993327 -2.02811829322418 -0.1835043099101 -0.483079100030463 0.924592537763643 1.54009211131447 -1.24266220305505 -1.95105821043896 0.95453944757311 -0.7516238319339 -0.23970045765068 0.35702775135535 0.12734037971535
53305.700124 1.61369036080301 0.270502502619727 28.049738 6.481249262 0.482527073587246 0.37319429187193 0.37319429187193 -0.41833077074154 -0.0528696296195301 0.23460430564863 0.33197537521823 -0.23809664637441 -0.825503733650065 -1.63710954386679 0.4193197449285 0.50890987161029 -0.40731515899619 0.30776915828151 -0.03146401774567 -1.40322108058944 1.57061286821185
53305.701652 3.31051273604258 0.285548692768029 28.357315 6.480775871 0.481031720400942 -1.6355449821077 -1.6355449821077 0.21237649956326 1.25218666319646 -1.46981476012965 -1.01995523080362 -0.0535839312798001 1.9040013357905 2.61462728671214 -0.20863073348482 -1.97100945120166 0.77424874936579 -1.00048335324438 -0.0631072761412002 1.35258895984422 -0.29791271837827
53305.702404 1.05864213530155 0.269635020665752 27.659328 6.478904922 0.482324789245179 0.0784682257362499 0.0784682257362499 -0.249432499575537 2.20381689306988 -0.915457008590663 0.957516504643013 -0.670798211637108 -0.216880237554837 -1.01499951400953 0.493034710809609 -0.451493751165669 0.605925461126859 0.15130176878044 -0.517608183296934 -0.832999281208847 1.84966136335404
53305.70318 1.36961795827605 0.270604665530083 29.640965 6.477482042 0.483691592077001 -0.25058005762001 -0.25058005762001 0.00794786994739005 -0.13500239060034 -0.857178497087865 1.41199207128462 -1.78493621251783 2.31216099226385 -0.28197800612068 0.00137862893440999 -1.208925733741 2.03109694388281 -0.85397568960519 -1.50131037493257 2.08767797809908 0.70264098873616
53305.703944 0.946510663736341 0.282063771908727 27.815852 6.483107928 0.482673942828098 -0.648562400085305 -0.648562400085305 0.304020209462571 -1.15961776646376 -0.280896128952925 -0.171595129576496 -0.355052638456194 1.76848110760285 2.53001570747587 -1.18822768458075 -0.613939996016288 1.17039425647368 -1.58695838799308 0.267840679720901 -0.412019737014774 4.62401483726373
53305.704719 0.93715858296395 0.270594409828884 29.309512 6.476888026 0.482154960447354 0.308988649784658 0.308988649784658 0.68465333156252 -0.254861724151816 -0.0173327306829391 0.865023853160404 -0.000172849480089887 0.47516894615133 0.230461576230899 0.019538894329229 -0.159492323901078 0.656947950954174 0.14093088271309 0.13684299173022 0.62729919310988 -0.78194902989771
53305.707775 1.401062837864 0.265769345385973 29.199343 6.478700712 0.482639318636858 0.05864815797723 0.05864815797723 0.76556192324148 -1.18101593030116 0.158405401843421 0.46196655405788 0.82824844889535 -0.73042105888384 -2.1503709440115 1.38601148446396 -0.37342726719358 0.46964574830804 -0.896558272387443 0.781512646419013 0.29169766879217 1.35923109801949
53305.709302 1.87012474418145 0.261626378102445 28.884999 6.47829213 0.48252807716209 -0.0670379652365298 -0.0670379652365298 1.16495244452184 0.72614631049866 -0.15116810163943 -0.21720598001995 1.62893227919289 -0.79992304070508 1.92191717252543 0.46734883260874 -0.4104088813973 0.13020396222298 -0.4845632141684 0.98575864272895 1.15104778549168 -0.77469265498528
53305.711594 0.658043671579216 0.262442507978008 29.341906 6.474969226 0.48295617440097 0.608304741755234 0.608304741755234 0.612855008419296 1.03496237140794 -0.591880649437831 2.05739325047927 0.0453515070110599 -1.26756146633165 1.05978678140521 -0.883901210722393 -0.069345000326417 1.06270641438549 1.15519011519313 -0.17573414747019 -0.995197091572737 0.469845744241197
53305.71237 0.711056682230403 0.271596469961048 28.471644 6.476836201 0.481321780536587 0.488041254951863 0.488041254951863 0.439110789898999 -0.404350980567118 1.06132522666053 -1.03249237399785 1.0702481841455 -0.16285168169385 0.37999227006771 0.503986952049179 0.891538522526238 -0.907296144728019 -0.388266224864237 1.20061497528344 -0.539590827478444 0.831624637899714
53305.713122 0.0423384937534079 0.266024713328696 29.15209 6.475305884 0.482140335458793 0.526053413429093 0.526053413429093 0.801883296206349 0.743866746454499 0.545568109391315 -0.458010882411954 0.614760881245823 0.989077104434747 3.45237403552599 -1.66524835764435 0.900347788775544 0.59772258005446 -1.1881310398286 1.17742530743308 0.608268322347948 -0.506553541500049
53305.71465 1.02748352083772 0.25697660406081 30.378322 6.47476104 0.481540253416032 -0.069987330209051 -0.069987330209051 0.743450153125142 -0.775550661059469 -0.210888478357977 0.756581336426286 0.24247749240647 0.19529433998298 -1.93644807794697 -0.807897195420572 0.038710283581143 0.964338082187879 -0.401002101191539 0.419706832200069 -0.38105027674982 2.14383927275479
53305.715414 0.337344533969265 0.263499688527843 28.385068 6.477994744 0.481139846009004 0.596984084576471 0.596984084576471 0.180938638000134 -0.213798846303925 0.627089692883462 0.053182530494466 0.472012158190844 -0.718175090511191 -2.63838181605715 0.725679718628549 1.10996548500662 -0.891758204115246 -0.0979918416092908 0.844434846332298 -1.18855580195444 2.06178685458635
53305.716154 1.25186732406402 0.267954087388792 28.675584 6.478824282 0.482608787083136 -0.597498457109655 -0.597498457109655 1.04488441631737 0.728131803660948 -0.61467517586859 -0.35383399849694 1.52724499233693 -0.65506141954969 0.935244421659671 -0.39544473831869 -0.16221786547901 -1.06209166907446 1.03242836246903 1.81610493912779 -1.66223856624092 -0.708166916089556
53305.718446 0.0335010503578915 0.277882641422787 30.080083 6.48002789 0.481744044995309 -0.37498731795805 -0.37498731795805 0.25603498785408 2.79415257621998 -0.724824098714595 -0.717424760652295 0.827057444359552 -0.415946892347303 2.75455579254677 1.58082228969892 -1.3387077293266 1.15741104089729 -2.43256933362413 0.946880292185598 0.900755571518798 0.31050294371144
53305.723805 1.04773796796448 0.288431798255549 28.262657 6.480508683 0.482102569588399 -1.22469005726475 -1.22469005726475 0.176262194055872 -2.42927818918424 -0.807394305087665 0.398284871806307 0.0623679966763759 -0.229587021918395 0.3985315895277 -2.60507288530884 -0.451393538576409 1.06484288344032 -1.00070460479126 0.329530297681169 -1.49060650157381 4.71503481002746
53305.725333 0.0791898752193087 0.274343951653671 29.751545 6.477207798 0.480802639654202 0.551066379500718 0.551066379500718 0.485586932531436 -0.264527279372129 0.130287883814013 1.05276102489563 -0.235233349241516 0.351442289722413 0.292870059856126 -1.06333492092083 -0.053742121740092 1.68178556327399 0.080635575617905 -0.550848950393643 0.397692817626027 0.507159743864142
53305.729176 -0.344952877395282 0.277785094397445 29.988575 6.476427366 0.48058471666713 0.040185353022843 0.040185353022843 0.586864280583501 1.16304081484373 -0.963175094776432 1.55628592074985 -0.316239707397427 0.134467441165203 0.846951985073036 0.276386084879489 -0.960842537865195 1.39981760609283 -0.202881304818944 -0.683806285824464 1.26995482965345 0.770180554514613
53305.730715 -0.443394296231325 0.276133201439992 28.873652 6.476961002 0.479683800283964 -0.587229075496569 -0.587229075496569 1.11453452793538 0.506301966184986 -1.27855580502678 1.23280486937644 0.195787001306526 0.571437654880017 -0.146879961857854 0.998366831005085 -1.81208897263231 1.15230413743179 0.32664229088095 -0.46091305762161 2.11191159276304 -1.40014776861513
53305.73222 -0.0394654946013737 0.276723501996985 26.858911 6.479004989 0.479325613579059 -0.166927507035144 -0.166927507035144 0.707824262132564 0.111816181595004 -0.476359836416777 0.617132545451177 0.645047848765316 -0.616300681284131 -0.345705744394717 -1.21636057065913 -0.354316176173742 1.62784765124334 -0.790918998765752 1.16649202679825 -1.40840444994132 1.21045926479926
53305.736838 0.318521237327242 0.271693037888604 27.75685 6.478708574 0.479755705040769 -0.804777313297514 -0.804777313297514 0.325148080252307 -1.90679440181364 -0.542203091888964 0.45477441032884 0.488682086313707 -0.930169525082391 -1.99749076011021 0.942348830309366 -1.571584718314 0.924848116094118 -0.063897617108799 0.048142472197179 -0.379025776469495 0.829069473489771
53305.7384 -0.643981427250033 0.274407482729344 29.190127 6.478411268 0.481639462332416 0.081259825148954 0.081259825148954 0.937479197524593 0.296181458085823 -0.224330654262983 0.501459468817643 0.844246957826942 -0.417012857857786 0.121230336016389 -0.45004141644732 -0.03063439166116 0.982028832777888 -1.00419982304336 0.948365982471397 -0.405341280565199 2.6283525202602
53305.739164 -0.647971474416763 0.299014551243384 29.212001 6.479066724 0.481161047355443 0.803922703514833 0.803922703514833 -1.26603854490516 3.42239134021416 -0.269777228227719 0.481094110944514 -1.45683549118115 -0.15207098372114 4.41312376772032 1.90043853087824 -1.06691800799942 1.5991316382986 -1.31195522392043 -1.72243058244004 2.03607830697547 -1.77814043628537
53305.745322 -0.308818754166882 0.278870459959359 27.884608 6.480611198 0.481577784614639 -0.10752720639009 -0.10752720639009 -0.00348350200859998 0.746216663679591 -0.0350756784947418 -0.545608013286848 -0.497520946140229 1.74500274596479 0.350109357748165 0.516939165602027 -0.355754502846605 0.348374794331362 -0.767409119566396 -0.685335428599122 1.44259348384574 1.26398547150868
53305.746884 0.359379530858123 0.295080566594862 28.968508 6.483742825 0.482824945723242 -0.284094621243591 -0.284094621243591 -0.587793925976155 -0.231989289989214 0.247494053786235 -1.02740013325271 -0.44980389367577 0.976239736606883 -1.34969815836144 -0.292608328565265 -0.034386891442641 1.08133860436641 -2.20801204808009 -0.428311242254161 1.16175556491378 1.67675929956725
53305.748412 -1.66210015937587 0.289385164180317 28.782236 6.477873333 0.481606705045671 0.77385421292665 0.77385421292665 0.0286200136691601 0.93606219719503 0.54296412096597 0.0101689128886902 0.27562842477455 -0.56404204877543 3.02561514830499 -0.89118772553477 1.28453410013618 -0.65686752562141 -0.01364969675438 0.03939808879816 0.33635757946053 0.28954496822908
53305.749188 0.231667793878595 0.276780474884852 30.617825 6.47874061 0.48205201994147 -1.49433364774001 -1.49433364774001 2.17358543592227 1.00905055973053 -1.52700796048585 -0.472013512348199 2.35184733710362 0.1680157754373 2.21541338818963 -1.5088264402906 -1.10653712682876 1.07774422292181 -2.01546180610457 2.12031215341341 1.3965757450527 1.26351072384797
53305.751468 -1.44189517904135 0.287950974810844 28.636498 6.478363687 0.480673865307446 0.46037559961737 0.46037559961737 0.05490946355731 2.94208120358211 -0.0449017159015601 -0.4442067579899 0.14413561296304 0.33174689241463 8.09576587719865 -2.0396541461633 0.49972675611245 0.525580639501017 -0.791234802106817 -0.42447592841535 1.37836801944157 0.248290722686959
53305.753783 -0.677187253054383 0.296492151475539 28.171403 6.481447384 0.481541186692091 0.630111040991959 0.630111040991959 0.376297816882449 1.89148915272881 0.096880565443386 0.170512413683618 -0.060148481241728 0.76877840138858 0.64632879424178 1.25630116817436 -0.0616952181003541 0.27132354248626 -0.283982434645368 -0.123062044041177 0.614733044393953 1.11588296730531
53305.754535 -0.73451028805939 0.283170752336918 27.504744 6.479112346 0.481564253990683 0.17757417351729 0.17757417351729 0.631941912118012 0.131146356779662 0.032723491587238 0.240437805090469 0.245104919413519 0.579299797100756 -2.26434381926056 1.15568159967846 -0.015261375136279 0.398216442900926 -1.19406087300733 0.745605123080399 0.958444764473678 0.14031763633286
53305.755287 -1.21591916395147 0.287888240677026 29.257553 6.479107352 0.481595493543862 0.64142311597851 0.64142311597851 0.842810683010791 2.2242096872919 -0.45681296644383 1.21228725726845 0.649608101632065 -1.0299903685741 2.2293315473474 1.29017928863589 -0.53432173384354 0.654141089510132 -0.00426611461404602 0.328259772117898 0.323920390452048 0.377005001628821
53305.756063 -1.57151058807783 0.277275322883945 28.441547 6.478132514 0.482023553223793 0.12944349425725 0.12944349425725 1.53619756179015 0.60060353716991 -0.32288969822989 0.65587987587333 1.30614867438749 -0.275600969057287 1.81347127590345 -0.36582233633514 -0.37000105933958 0.89031404175066 -0.20148067108456 1.12327668057588 0.384836681018782 -0.03147032353771
53305.759141 -0.980062883666229 0.285374159044362 29.24118 6.479615938 0.483138628550321 -1.12699130268825 -1.12699130268825 0.807121961215457 1.455749966786 -1.92964607456334 0.969018810505921 -0.191047806929991 1.07160065684582 4.19282544869894 0.582005202773151 -2.1507631568462 0.886814782962614 -0.579900263431034 0.48467515875553 0.02632116591395 1.74816427805287
53305.765287 -1.19287387881888 0.302164438728029 28.77101 6.481323806 0.483101309210261 -0.823109808415314 -0.823109808415314 1.78104003415411 0.554855968378496 -1.5707759290151 1.31649559067802 0.871569582522285 0.460918581186368 0.8695654800963 -0.45256396363307 -0.91139545886501 -0.33242605175896 1.38566703968696 0.709231195156581 -0.098213182453825 1.301767969987
53305.769894 -0.538879182154473 0.286175138023999 30.37933 6.480221022 0.482424991394499 -0.922740158988255 -0.922740158988255 1.38584806327596 2.41755574600209 -1.17748116925132 -0.70060815173753 2.72642122566369 -2.16183444054022 2.64753928530514 0.288690116065121 -0.855863227752262 -0.516387969249854 -0.42523722772283 1.90571258369879 1.90063664067633 -5.20095228382961
53305.776005 -1.89549366467476 0.289614513937999 28.494457 6.478879027 0.484204329512144 0.57468719088282 0.57468719088282 0.7387617056688 0.69374872623385 0.30684700417573 0.21948058530554 0.3906182752962 0.513896574148034 -2.09669280224195 1.36406127345624 -0.27743560417998 0.72851040045009 0.00608733504518999 -0.31732041430537 2.20916039215911 -2.19590904321745
53305.776804 -1.85238477504468 0.323113561496739 30.05256 6.480551523 0.483629843113599 0.23118485746804 0.23118485746804 0.55452790288582 -1.30201437189427 0.55647899146097 -0.0543149244233201 0.25271376039916 0.731952014568909 0.34932397469506 -0.7080010622296 1.58503302999898 -2.322457217334 1.243845266665 0.13303961393459 0.41452057136873 0.829610176368236
53305.777568 0.156740533140323 0.31295158224566 28.655392 6.48387417 0.485006643555312 0.57844410670739 0.57844410670739 -0.745719815808546 3.17748313087677 0.26462635236296 -0.945278868421519 -0.776233460785883 1.19958638787299 6.71003089674563 -1.43670662873705 0.53924088210443 0.722149478939369 -1.3629819642505 -0.47759059360975 -0.869005592877738 4.22739664648266
53305.779084 -1.66111770481061 0.306573149022069 27.657974 6.482089015 0.481738479359294 -0.26795062562388 -0.26795062562388 1.85143197350885 0.82540612268142 -1.26640963769581 1.7013307919722 1.71979191363681 -1.70505232433486 -0.78510956746807 -0.20524664381394 -1.16156099110236 1.92233839479482 -0.46102461856514 1.68482394758093 0.0427947234802402 -1.19034984019348
53305.780623 -1.55085857519044 0.282007277893461 28.741647 6.480123981 0.483268960434276 -0.15262655857317 -0.15262655857317 1.9373294258582 2.63367929641598 -0.39022199622549 -0.84138801797223 1.57254968941312 1.81419896160002 3.35382175609425 1.30343057241489 -0.464785846181836 -1.44131730544701 1.06268362497228 0.38977824372226 2.74969627327325 -0.957879485273933
53305.784443 -2.31166400731265 0.273877943850936 28.762976 6.479859451 0.482920663690052 0.73098832860545 0.73098832860545 1.24668395242144 0.96773954764644 0.12277900338474 0.80396035650976 -0.0378027451276302 1.92610631655087 0.49810237989311 0.17099405938855 0.3923810444158 0.3456345488778 0.0158756691311099 -0.0563085266371499 1.86883932622084 0.513858168857444
53305.785971 -1.54323862756368 0.282331979874859 29.489156 6.480132938 0.482268147356217 0.76217206593444 0.76217206593444 0.128520209766 1.19983331882663 1.10590086435506 -1.3794748087973 0.7842989246159 0.187918454168 2.37005016167509 0.14319884837425 1.37664101827901 -1.26640072277579 -0.44081829292953 1.40415073087086 -1.39469589578156 1.46317196386543
53305.786769 -1.71009317618493 0.287601719819799 28.360773 6.481007431 0.483619458977071 0.27095479363786 0.27095479363786 1.17790077530882 0.92187859936753 -0.63703548468068 1.46569816421606 -0.00361623683880996 0.895248042065812 0.18947605943758 -0.23213709166816 -0.70234127665509 1.3265808349079 0.807768545216166 -0.966207413587016 2.17103889194721 -0.769299029709574
53305.788297 -1.57428373001059 0.292625586116057 27.691072 6.478722784 0.483140575553045 0.7326014350985 0.7326014350985 -0.89454528659179 1.16522502185922 0.60155161509903 -0.31011084560363 -0.66412807987834 -0.14680362716295 4.69239728203759 -1.78575976810548 1.73710052856345 -1.21162416130146 0.29256946404101 -0.8479953028198 0.69988844147137 -0.83926953260568
53305.791376 -1.29425781002847 0.299365670178584 29.293252 6.479925112 0.481723050451162 0.9768401383374 0.9768401383374 0.303102630129833 0.76036942473161 0.892245332288883 -0.201562032363283 -0.29522661820854 1.58006873523373 2.16185297226297 0.29861440008674 0.54336640039537 1.25723442664091 -2.22361563297716 0.50362641890221 1.02529592919775 1.40087353290598
53305.794489 -2.12671280686977 0.282561191253848 29.83767 6.481082324 0.483342078205259 1.92275955831112 1.92275955831112 0.823080799099268 1.62271793052221 1.32564650763007 0.45196840684102 0.16462723836658 0.945881314741865 1.68113074921534 1.11075023646536 0.84316947155635 0.24534937054561 0.978317989344434 -0.267090171929744 -0.58823792098397 2.99786440842548
53305.796017 -1.63018627885876 0.271115858205502 29.40575 6.477463114 0.48408417857676 2.33267468364108 2.33267468364108 -0.74235978901662 0.17959039553507 2.2093162112814 0.170162140857084 -0.995415857471405 0.37206328382683 2.30380029679749 -0.52562788370586 2.73933818833185 -0.462271102092297 -0.388110665417482 -1.27381663020141 2.41551006895941 -1.71146166271778
53305.797568 -0.442142278766789 0.274949528496281 29.620521 6.481124029 0.488879326572328 -0.360734856027326 -0.360734856027326 -0.630520688217554 3.14453426083746 -1.13400152814209 -0.029387574316099 -0.759396590129558 0.353017339113832 1.66921764611768 2.43668781655817 -1.85244858416804 1.79601953307824 -2.99621501787904 0.82962338823958 -1.16267360323217 3.06751247630915
53305.799871 -1.37131752830564 0.265522175125792 29.253422 6.476445563 0.486796566782131 0.84864155795185 0.84864155795185 1.57194787029286 -0.69833574412708 0.52558217273985 1.06276268298297 1.05359394484818 -0.119410796899398 1.37444444492965 -0.86472753003762 0.50031274439549 0.90469267036691 0.169234041335384 0.837956976894972 0.334629917470679 0.386489894884747
53306.754323 -5.17088579021438 0.25588072126998 36.038718 6.47254834 0.479647322190235 -0.916326254131336 0.13352568355365 -1.11149823393367 -1.03327687905072 0.30258727972939 0.22850592345548 -1.64759522767125 0.98388398696012 -0.26548866501615 -0.5442960766633 0.25035040160556 -0.0236539078082902 0.62131124429713 -1.97968428958311 1.22649290071093 -1.14255666500158
53306.755191 -5.0577821576402 0.252607600714954 36.187112 6.470324274 0.479842301406007 0.399645788825544 0.63940134969007 -0.60675629756119 -0.23241446238535 0.34330703027637 0.80667837137294 -1.0946804828971 0.0934465885469704 0.24368506380066 0.352302572571451 0.44311393445099 -0.5505592134179 1.18748539621309 -1.62300639622093 2.4078497349075 -4.72271718349275
53309.796792 -8.67147096702056 0.349489510192051 33.623106 6.456963334 0.471892103289234 0.10299676123566 -1.69276123011279 0.967624383437439 -0.58110656498416 -1.48521529738058 -0.154347375180949 0.776973237412829 0.619100629440901 -2.99369488355548 0.0853300466060105 -0.935170334718831 -0.39412727581057 -0.942389109452879 1.92315042315407 -0.96431055113856 1.85873668403888
53332.675881 -6.84313494305917 0.351547741322353 35.396901 6.447262613 0.462795904539343 0.195854493433267 -0.31855600092747 -0.358744456863961 -1.03456260668015 -0.34775071380912 0.63257226394836 1.40892155742221 -5.04623676951802 -5.07365792841972 0.40702761972527 -0.0808059083868899 0.53793280845081 -0.88901338539804 2.47155013052781 -3.48368771492384 -3.3270483029507
53412.559889 -3.48971794619341 0.285115063623853 22.821148 6.429786095 0.451443996131463 0.527636655429088 -0.46098531603311 0.18702871344055 0.53872744551706 0.0964906635251399 -1.5553937449987 0.34511094327054 1.76199875136459 -1.41003996387481 -0.31194301345613 1.21062968614733 -1.73193323223121 -1.19895737056579 1.18424882579104 0.85108480376647 0.89241944842416
53430.573344 -7.59681332170266 0.287226152390318 34.456629 6.435189641 0.441252568356843 0.480104280997475 -0.20443388734036 0.2731277667066 -0.0937220337765394 -0.3368193814003 0.342781878227809 0.92112457964813 -2.11325837559697 -0.39458827518226 0.16923386789592 -0.753305480138139 1.10269155139576 -0.56612842123533 0.76258072372755 -1.28291027128112 0.675117701466601
53430.57611 -10.8830896570534 0.286007387917388 34.347502 6.432797647 0.441402484096929 2.29191007266848 1.0842562222406 0.5781439530751 -0.4855201237943 1.1208223358609 0.180946108611899 -0.0944778536879998 1.45374536101788 -2.5803694774058 2.1995492004548 -0.1176564877914 1.36911338945774 -1.31906176970824 0.4163501705894 0.4901203617032 2.14641875317176
53600.932497 5.20633402461777 0.325633394576419 15.294611 6.409567265 0.436612502148723 0.962049444403299 2.28824959268285 -1.13294682108663 1.05886318191848 1.45997904159904 1.1876381866909 -1.45509456332205 -0.85741165179183 -3.09069132314468 4.38785837480587 0.34684237021493 -0.26924379264299 1.1053972562415 -1.37733683236353 -0.97583820953999 0.202567423240239
53600.933863 5.85987464428207 0.591325146539925 15.204565 6.407437479 0.437351904982238 1.47089655151295 1.7103437410016 0.37843451240025 7.23851267402236 -0.0521281393309998 -0.0978133613088703 3.24227050366793 -7.25280069165534 5.20437125342537 2.91043985862174 -0.0134446701168098 -1.2942497797398 2.40504223071883 3.19925462172666 -9.58510259888455 4.38699112403429
53690.797493 -0.338958868349313 0.400901096130672 16.485837 6.392255214 0.414527747725293 1.24524349625382 0.376709095142219 1.50811841309326 1.39064983465092 0.128368302745891 -0.220552280459224 1.51482960168602 0.270214544226759 -0.572670024134823 0.516834854175214 0.507762483881049 -0.974263250823823 0.99056103226823 1.59323484115774 -0.1986162242278 -1.61262398023743
53690.798223 -1.10194247171027 0.450815356618297 16.807 6.390684842 0.413640102190986 1.78751156158115 1.32523267399551 0.655175837466156 3.01349082627836 0.507976352112281 0.217133708335484 -0.601203272047065 2.71481706962794 -1.70040464777203 0.52794173100633 1.91976551001102 -2.34154739698509 2.5981837817143 -1.03149194672089 0.929245920744262 1.26067942286259
53732.686632 -3.04766164097509 0.308169152284513 26.828262 6.421771363 0.420553854002456 0.931289616838986 0.0814456584086498 -3.06945134946565 -0.69026799829612 -0.0604447255368399 0.68156907882816 -3.13016541695557 -0.77144374978877 -1.47655644678308 0.47317168841586 0.0756827958248403 -1.12855397560739 2.1748599621339 -3.72971949999612 -0.22877962170168 -2.17693119033318
53933.900747 -5.94925072211309 0.392753963240642 26.276758 6.420944966 0.427810079826035 1.383379813992 -0.31447131866482 -2.59368683551687 -0.759402376089789 0.47622403409917 -1.28698653963346 -2.17947496523178 0.65967821642208 -8.90837491148177 2.31519680174713 -0.18095754067558 -0.9596191320217 0.75822892306969 -3.57228630708601 1.78939252599184 -0.59221728833983
53964.856993 -0.585951954579098 0.368976486417869 27.954569 6.436629649 0.457273952503463 1.3667640539486 1.35542906227429 0.48103916040655 -1.11535980524938 1.6008782375089 0.069632761247269 -0.308362229647032 1.84464567338286 -7.17778982501783 1.11017668626721 2.14401406027795 -1.81552385822743 1.64228162787388 -1.31531758015786 1.33103546127074 3.66965168486558
53964.859308 0.884044855373088 0.366302548942923 28.419713 6.435938467 0.45687826609542 2.32540043320734 -0.126854195246383 0.66987315055915 -0.983363358583145 0.472023723019175 -0.757987264845725 1.21387569576735 -0.34761004714875 -0.46746991129374 -1.42195358188909 1.84573362715103 -1.92401940352022 -0.321389197682602 1.17380193428732 -0.116740770672069 2.95739287988417
54056.622248 -2.14695810146261 0.407632305173259 26.194953 6.428700933 0.441969269685038 1.24709324641322 1.96184345605967 -0.58939548745604 -2.93159901585047 2.82568753679347 -0.32018009362335 -0.00698216854873013 -0.99887173628978 -5.91453516949626 -0.65432927771676 3.2824839438517 -1.19899728049226 0.85289157224211 -0.56305564998943 0.69127731554509 -2.75515636724339
54056.623787 -1.42666730002214 0.430407490470568 25.217871 6.427136718 0.440309230610919 0.978409500794115 2.02728986973327 -2.22258374257506 -5.02108958559052 3.08428162147108 0.309930148452505 -1.55833780501645 -1.97988436833651 -4.30026164559752 -0.11761984779473 2.58171183719864 -1.11959865690787 1.88275646770624 -2.5423787789541 -1.54895712424429 1.25507432118827
54098.598627 5.63788477482894 0.426735371516832 34.786469 6.494595344 0.472196074268702 2.32062033768483 0.65224397642509 0.79040679113841 1.69559330718489 1.48396812229546 -2.58738778748435 2.28330724940328 -0.34046253463108 3.67050807897211 0.99807812654289 1.21422872469915 -1.79335454532805 -0.6606949171753 2.35344226836086 -1.78789058726208 2.72427665212788
54125.557074 1.542286066443 0.333126086203275 32.991907 6.447429785 0.469488380875317 0.301158294766585 -0.205446538697 -0.721059317455813 -0.36606224966239 0.32893727213347 -0.94596172297364 0.15255098946503 -0.935007201299661 -2.05105359563858 0.43823721368411 0.69161551257241 -1.30634972070287 -0.304833354439509 0.379790208087459 -0.525859764752239 -0.864365536739366
54125.557792 2.22085395793407 0.341362220883382 33.532047 6.446627282 0.466510423720095 -1.41890661887057 -1.43105455425172 0.0352700302623499 0.59886426299535 -1.91092451885329 0.70349721938212 -0.09523712327191 -0.59764417157938 0.17523385086091 0.44614268044135 -1.82016839343561 -0.741619762092153 2.09938696014993 -0.21225084430727 -2.64873364530679 2.30702682689228
54133.610406 -10.2420951106878 0.393658170036402 43.920232 6.48447935 0.481047399724013 1.07366275886157 0.140855200193402 0.650963871541769 0.7149507359041 -0.7773735277648 1.57180760526107 -0.0485375582657905 -0.285954442245679 8.08958588530996 -0.763906142677461 -1.3050953402964 1.93655110697895 -0.35596330263578 0.34285104117099 0.809961769757519 -3.52378173130768
54310.942699 -3.81864484840459 0.341270715116406 31.907773 6.433507281 0.442820016610174 1.11876764783214 0.72441871328078 -1.03171462697089 -1.92443631132769 1.64734452952791 -0.92142899296235 -0.19051496400054 -0.87684360970044 -7.42169974208911 0.29818529280763 0.84777969552066 0.64260558786627 0.30891412264726 -1.82721319617832 0.39227989664733 0.8105976799123
54310.944112 -3.64525452271102 0.345639616152661 32.296151 6.43412018 0.444262864989687 -0.16288811883876 -0.16288811883876 0.14299858707583 -0.37558767628084 0.95776778696956 -2.20145531975498 2.32247357537445 -2.55140457805243 -1.23990484045172 -0.44985177640747 0.70591181785059 -1.00029055766063 0.2822329849026 0.51404112385316 -1.22253124674153 2.59253175431079
54339.807944 2.96123748350912 0.502837660208248 24.895413 6.4394082 0.440382570077005 0.0216898738460443 -1.46085861921369 -2.44812893122057 -2.32726306142733 -2.00742618404827 2.24979283463362 -2.92853126365509 -1.61633839184362 -4.45228304367629 -1.9719717149092 -0.27654915004079 -0.53745833031569 1.23241205034658 -1.76907022920168 -5.52754040290324 8.60207418190166
54339.809379 1.46425461632795 0.467429844587311 28.223087 6.437881961 0.442233546168759 0.0561227274581552 -2.29808223870831 -2.69852503324651 0.72236117208447 -2.65270270827153 0.38817359164171 -2.21300623674112 -1.65386596677482 6.97797477365091 -3.18607126354898 0.15359978749079 -4.21062737825868 3.26574972842792 -3.89089849807229 -0.8622971720859 5.18774244658874
