Time RV eRV Halpha NaD1 NaD2 BIS FWHM S-index C3AP2-1 3AP2-1 3AP3-2 6AP2-1 6AP3-2 6AP4-3 6AP5-4 6AP6-5 9AP2-1 9AP3-2 9AP4-3 9AP5-4 9AP6-5 9AP7-6 9AP8-7 9AP9-8
53775.60764 -16.2058091945015 1.46281088531333 0.927801358929544 0.410470184557602 0.294181010909441 1648.521803 25.85085582 0.304867589134046 -0.458643365602142 9.0650091455075 -11.8708174757268 5.4361147553259 9.1953961942841 -3.4087132659693 2.9502330488027 -33.3648122828744 -0.827639720529902 13.335736575501 4.51844337274232 -6.10551204955892 4.8234122911723 3.33231332919724 -42.5264922214315 35.4807605401331
53775.609816 -16.7817568325401 1.50067039913756 0.92927135169978 0.411379945421616 0.293921374642333 1902.410149 25.86574902 0.303782216507393 -0.905561924095199 11.6129556139023 -18.6193981947999 4.9499675295605 6.1135173317871 6.93073720876321 -9.63291630383321 -30.0822924109499 -3.9864540694637 8.743099292334 4.8121550163982 -0.395618308174001 8.6979143501804 -7.6802326645387 -50.8712556614442 58.9938572977603
53776.534752 -12.1745457623251 1.8405865547458 0.935547817378102 0.407442645127796 0.290808824562776 1672.430335 26.03563079 0.297250136844163 -0.490509460001284 9.78203827955534 -4.93319436046174 9.4636415897905 6.01888176038561 1.07505141595225 0.69276572641782 -14.6544065886844 5.6660279502951 1.7855632319132 3.3929049403367 9.37878677272154 -4.32094451261842 -2.72153301406856 -33.3674877415924 81.9635411759196
53776.536546 -10.596507581208 1.80927817186713 0.935619026868454 0.407081098381181 0.291619760649282 1160.763305 25.99465936 0.29809379040648 -0.490509460001284 10.7586631180737 -0.54717436453208 8.415347393595 5.75552475871034 3.91835081551846 7.59263639676529 -23.6972893429128 7.4979183563934 1.7655041795308 3.2361169588755 7.3737193359641 1.26533733472143 0.90379919152907 -23.3283633243195 41.591311681563
53776.617354 -13.2944983630431 1.60198042965899 0.93738026926692 0.407865678551871 0.291197173843799 1806.001051 25.67472899 0.297182198378107 -0.490509460001284 11.6073382730237 -13.4228681865801 11.0287098285695 5.64336318136459 4.23616162920215 -6.16990409660094 -22.2868637011576 8.0702088934705 8.2796923804255 1.2809747369404 9.91455982994599 -4.50090010354082 7.35464717138172 -53.0392793843155 39.2308239468546
53776.619102 -13.203598338435 1.57857422162389 0.936237048177669 0.407648237169007 0.292388157401446 1327.192292 25.61989351 0.297010309435702 -0.490509460001284 11.0110967430124 -26.8978681819978 10.4832515183117 8.87476701803401 -2.10000575329174 -22.5778026128573 -8.3993538544121 -3.8440823235512 10.7935944899925 8.27160641812623 -7.08645381618073 6.72595720974643 -19.0610621905615 -23.5713090178075 16.4540918898533
53779.608061 27.7155364672059 1.81548962853812 0.932003694576613 0.41061932360311 0.275685145651615 1188.71381 25.87874183 0.300762909955938 2.86994686362224 -15.4267710701673 -44.5538918151587 -8.8828294135682 -7.635288255054 -8.6999022790251 -26.9962883407567 -33.8056852710042 -4.2524296712148 -4.2525354346134 -7.2152293928146 2.9392572352836 -19.2362861067967 2.0882228098869 -79.5488995153918 27.2057158240274
53779.60982 28.3615760689908 1.75140836094824 0.930722344513613 0.410718622350771 0.277847712231872 1460.105396 25.89154111 0.300559620887653 -2.07499159540164 -16.2591755925033 -43.4638264939516 -8.9364236310344 -8.19456528098 -9.2114570111512 -25.744674060569 -32.9673858353162 0.584774865993396 -9.6606324105988 -3.29486930047469 -8.4427691889723 -6.9329728826869 -3.580532297272 -74.8315049304295 34.16313621999
53780.581908 18.5617826926336 1.80070048893684 0.934493604971178 0.407184485588306 0.27963904479399 910.978937 25.44508308 0.298091058170118 -0.272068356749272 -19.4519254914812 -47.8436792295769 -9.3653452586973 -12.2531876457804 -7.4087310096562 -29.5578158176409 -36.4076082944087 -12.2499032784061 3.7081607136469 -11.9713579028877 -6.281735057347 -8.50350302482255 -7.90745505260084 -81.947785655719 56.5048577598754
53780.583679 18.2567102339726 1.74030961248973 0.934143883400351 0.408258499804071 0.279665986116017 1370.915562 25.49363665 0.296926677654343 -0.272068356749272 -21.281915567198 -45.3871216626433 -5.0364880512493 -11.7639895691458 -13.9224769247575 -29.549851392455 -23.7582408419867 -4.4354207221806 -0.202908771120697 -7.7588144404238 -19.7112715295975 0.556629343887881 -7.43997894834758 -76.8007086223707 48.0250414142065
53806.52534 40.1317603044746 1.60501691023312 0.938248788798466 0.409804137701588 0.286623570569845 1824.064907 26.06275153 0.297556812834747 1.77635350157431 -17.9256450896188 13.1599089586098 6.4184225850258 -24.5680373354575 8.2213295498517 10.1198268930878 -1.4794133787704 -13.6281996007117 11.5165203807007 -25.303246283376 2.224030126506 6.4329034570187 2.9815978297779 21.6372733154778 -34.7584932007735
53806.526775 42.8081141111318 1.66574714761043 0.937391737370098 0.408888612280246 0.28788828161476 2134.636797 26.07516948 0.297130977947085 3.08504631319843 -12.6547033341626 6.891790106734 0.203979337927599 -16.7264763071555 7.0617527052023 -4.307415853872 19.8314498334432 -3.1274626911423 -1.971792314647 -13.8400706976652 3.4334785525123 1.1868745161822 -14.5682658641744 49.5087658986292 -40.2833765951644
53807.521805 21.519496000088 2.02954304617161 0.931979600361647 0.407763905554761 0.287402884149415 1158.249242 26.01437199 0.300354644817963 0.0502171210804967 0.0502171210804967 9.7329038853324 7.1074642321116 -1.2665864807711 -1.6446058925988 0.6183233005973 23.6140094405539 2.1279907001324 8.3888515096648 -1.1365178263592 0.254315843266703 -9.1134795489632 4.515755039899 19.6291226433983 -0.767437197352898
53807.523263 22.3797368527483 1.95864674884092 0.929636217759837 0.409673750574952 0.287745627972093 2213.779575 26.02777943 0.300857857518428 4.00626398603693 5.7723634930032 -6.8222490920497 1.8586108188004 1.7028525035127 6.0437141278489 -16.0588699374205 16.215826616025 -2.1029891690757 -5.6757784817542 4.0673193068817 12.9913033425796 -9.5803011239384 -16.399852004832 16.4189695356895 10.8883178589774
54440.721134 -10.3842995973178 1.69035414384372 0.939646270041848 0.407658940759896 0.297054164545718 -1899.26943 26.07464721 0.299653062920474 -2.86622061909397 17.2387802484551 49.0179503176332 9.0847343319921 12.0862262103435 3.91790678528521 30.4020177925374 44.8782991880154 11.6556153751888 -0.799775122504002 8.5695894801955 11.9950849315697 -1.79221769586376 3.0459659179476 98.1959353808318 -30.4530728327182
54440.722696 -10.9116010744896 1.66789062397947 0.938658974951569 0.409137752317662 0.297470569074903 -1944.05843 26.0710838 0.299337557356691 1.63127603740754 19.3737645347659 53.8498341808791 6.2713370193031 15.1973328585945 3.79345126499643 43.3968161110069 23.1873325547951 0.8174465429374 4.2873024207255 12.8406787598739 5.38929993743996 1.8535184885399 18.8883476742317 77.5940546818386 -35.2611654598355
55147.739094 11.5677604882395 1.60541508055255 0.943162596753752 0.407346696324762 0.294888431985907 2243.954814 25.7659787 0.293279425932276 -1.41002972780043 -7.93492348923146 43.4280844134634 1.87188530345837 -6.60075144096027 -3.39580148946844 40.6939125517883 11.3063549178193 3.73510993936166 -0.1971092603698 -6.37479875445563 -2.2626152172157 -1.56128626291302 9.11562141576365 86.325877590897 -24.8620161049022
55147.741235 12.388378398537 1.61439009989738 0.942474048708328 0.40811367933044 0.294004928979608 1664.769713 25.73021352 0.294210622778704 -1.41002972780043 -8.77176952967282 39.4960949404848 -4.3032850789085 -2.44131049640099 -8.39123434034671 27.3419427869066 42.7462813303105 2.1764639460207 -10.4055783696232 5.07300317194058 -19.8958486905894 11.3185051548355 -8.09515725188167 113.795596549264 -31.2289780064816
55148.712994 47.5690188343042 1.40569433613094 0.928599952668706 0.412714822748796 0.298180145971757 1087.802796 25.73344184 0.305823128137246 -1.41002972780043 -11.6508865611596 28.5764487435954 -11.5042798916695 -5.3129581315774 -4.200474393187 28.738817454752 4.50031847679971 5.1050377081889 -16.5103496076242 -1.8060723184394 -5.4998644578223 4.1162454687466 5.7681214648556 54.0273959814671 -16.2293687386768
55148.715286 48.4007703044098 1.52316821647005 0.928495603324823 0.412886747813806 0.299119015660675 981.040236 25.75406351 0.305185831499574 -1.41002972780043 -6.6417331793737 16.2474612613105 5.42860952023501 -6.68616339197931 -3.11032129860629 15.2481331021582 6.2556154282004 -1.6619274325002 4.6893204812096 -6.3891867343424 -3.2599741754209 -0.602085951866798 -8.10374884523321 63.2616456021307 -22.1943068971736
55149.714544 -38.1804571981953 1.83412968813263 0.949093491041058 0.4050144850259 0.294373706001068 -1321.70478 25.24755588 0.287303546559632 -0.351434458243617 18.2336496629456 61.6381441053098 13.4805980600434 21.8629282374765 -13.7265882899779 45.216444584466 58.1227386911851 15.9419312698749 9.0938334189902 21.3338854350911 -16.2019925285092 0.883343765232404 14.4545267319244 107.040213770408 2.78333821594239
55149.716685 -40.1801972624086 1.75296191529155 0.949086856725736 0.407255821836247 0.294237577902972 1000.624287 25.22875638 0.287056003788588 -0.351434458243617 13.1423076502044 64.3823587493473 0.213903232807198 9.4551044563901 6.1684089469293 48.1537454511641 35.3386844094224 8.3606968717544 -2.2693450376379 6.255935353934 7.1114362859738 4.5529400576704 14.014759071507 95.2780062460804 -5.1433275093322
55150.760862 -5.65094708255947 1.96174007276857 0.94830658388733 0.407250293355635 0.293417762045456 2059.809156 25.45573684 0.287637225069121 5.31431098279863 5.31431098279863 30.7939712989471 6.8905516638612 1.3539053661004 2.77032708979501 31.8872843872421 -5.7127887163256 1.5364686495689 -3.1781736573558 6.02649737628663 1.37582049175555 -0.65586925787051 5.50132066003215 55.0963612399201 -10.3556449350468
55150.763061 -5.52745609336631 1.85188908082701 0.948927993328622 0.406809752013266 0.292787179106273 1804.343649 25.46859464 0.288261719491136 0.793089248331872 -5.24065384877579 35.7257224806558 6.42140032838166 -14.6762834107741 12.2210904150039 21.866023298553 23.4982660546508 -2.0344101991906 9.99615119183404 -12.2623929713907 -6.3123665471869 15.8616973520097 -9.50892463517009 81.6786132429368 -8.4282383385507
55170.667951 -1.29409685282805 1.61318167340918 0.940859505307017 0.407768468764364 0.291768731518611 -1278.02437 25.17277004 0.293980110008627 0.525748047700503 3.87435912296966 55.308300242098 -4.98545514999509 6.12471835851562 -0.94700014630682 32.6652237084958 61.1197061394439 0.417486578742301 1.63134406824375 -0.422680663078308 13.8538002247572 -14.7771122130794 0.420216229290599 146.207913834466 -70.0978489374157
55170.669907 -5.04394739521915 1.50035101606187 0.943577869185896 0.40591096214556 0.29108642186172 -992.73927 25.18570629 0.294345643336834 0.525748047700503 -5.63044127953898 61.6001065990515 -1.92760254976102 -8.56598715486028 6.101736652058 36.9300956151223 59.2535922053466 -0.25260983792234 -5.85150483413368 -10.0253352740532 15.9297002127873 -8.02787722269315 10.038089135261 120.274347258085 -41.4462361582178
55172.722945 63.7447233438359 2.02946271322783 0.940810681834893 0.407372012235495 0.293803127436794 1399.534017 25.98907006 0.297669654764175 2.35485461445014 -14.6562703289152 35.9582672479172 -19.4671852838593 -8.859531542001 0.965360401169995 22.0431654789917 34.7053757228745 -21.5421619432246 -3.6628029428757 -12.1315099233952 6.3300069679345 -3.25904254183411 -20.8459743838385 135.027847272371 -67.8439744081943
55172.725179 58.373139671708 2.35371710693954 0.941197705523115 0.407639414207211 0.293292883606595 1842.027165 25.97192849 0.297710159820608 2.35485461445014 -24.1019605072895 43.6647005328114 -8.3898246110412 -21.7817283053614 0.731286050607302 33.2014398766845 26.0401978691161 -8.2144623044281 1.093898890465 -24.6326356377955 1.6663428603789 0.496895061914095 -9.69699834421139 127.726512213981 -73.7243415489298
55566.650115 -20.2525688338523 1.57417651312195 0.951690596196399 0.406394197696382 0.290644133359436 1302.929908 25.41412802 0.287017101274408 1.6840736247553 1.6840736247553 24.5541037816005 -0.879678498641798 -5.824635281212 12.9726467864939 14.3493882458767 13.1792526984778 17.0744945060644 -8.2735000898096 -3.5915898305155 4.1518176611596 9.4939800961117 -5.6680555317496 39.7960405091039 18.5315515306902
55566.652361 -19.1325183264245 1.53903723833201 0.952515526983559 0.406995857184748 0.292062176938192 1466.361346 25.43358541 0.287213414920522 1.6645039823417 1.6645039823417 29.0708315773321 -7.633711051947 1.6893691465591 4.0434956786321 17.5970803997382 25.4459166678521 8.12029668347 -11.6322652065494 4.7024140184904 -6.3137601355787 14.341155636295 -8.6700507493037 65.888269556063 -13.4597420859756
55568.601554 14.3655993925517 1.4328736202361 0.937392406599791 0.410567419399197 0.291862743927215 1411.1266 25.55341246 0.296712462650443 -2.17920425042961 -2.17920425042961 26.4367353659342 -0.7039714375868 0.2596732768745 -3.69568731025998 28.8389307045612 -2.3408782257669 12.3120589244316 -6.3092715874363 1.7196563937554 -6.15303340736615 3.78075727712665 7.5831169188428 49.5932763817932 -40.4514249200392
55568.603406 13.370262847389 1.57506064127585 0.937509177666402 0.411216002135758 0.291581835837362 1113.480957 25.55737002 0.296443295565872 -3.4727500493499 -3.4727500493499 17.5183960347074 -7.834635240653 2.8131447170268 -6.34910068749288 22.162272561472 -5.5433839886979 3.2814373887163 -7.78252013271171 3.70504198194161 2.4308457608488 -13.2411158213595 12.8757862221727 28.9817544963143 -18.0757073435674
55596.594679 -19.9361779959945 1.41823492463301 0.935835100421076 0.409742688659485 0.286112132672697 -1266.23598 25.50656624 0.298156377747263 4.4343625315298 4.4343625315298 -27.6265217636667 -3.2214030375721 4.7753455367752 1.0686642023786 -15.6942172275467 -33.108523351987 -16.9377393090485 1.260305572717 6.5366976713642 -3.9165766649007 6.0298581174479 2.54948295954453 -79.9404129935838 42.8012965024308
55596.596808 -18.8944843961523 1.43667136201451 0.936335218468648 0.408492750594772 0.285525491430392 -1534.68525 25.4947194 0.297546989157856 2.4210221681589 2.4210221681589 -20.8729846174638 -7.0434750508805 1.3675054131642 5.308986884645 -11.0960077575429 -31.5801607881416 -4.2138159430204 -6.4490191227144 2.8968479445429 -0.0745153518354016 8.2611133895937 3.23247590321093 -68.3559497521805 28.5794957773717
55597.53311 -52.9398654907765 1.46605641405655 0.943893974861539 0.407303476383928 0.285066603510902 1683.221763 25.84456614 0.292435928243177 2.4210221681589 22.5683905299282 -13.4038153818028 14.8732000278525 12.8857624669766 8.0470167708065 -6.4438139232785 -26.8180698263613 1.3138770550848 13.2671990520287 9.4541071310772 10.158674533759 -2.0673231614848 5.9366490651832 -47.5802544500992 16.4484176899796
55597.535274 -52.764917792301 1.48684309953873 0.944505772941453 0.407665506627905 0.286277605579936 -1564.40844 25.85675891 0.292316192053662 2.4210221681589 15.571150058482 -5.4255492468973 2.9534307068103 15.2151002487811 -0.993301401935895 7.0325467372186 -31.1081840514372 6.4848724492599 2.9570995060496 11.502583875117 7.12516412146871 -8.2201235143703 23.9524322441543 -65.863207629011 42.6335709272805
55598.556192 -1.31533523814089 1.65218060455654 0.955250348466799 0.406088696899016 0.28167200059661 1765.213688 25.70321194 0.284399761857473 2.4210221681589 -10.6144882014059 -46.3717972286937 -5.66852502345879 -6.86908514764158 -3.27430223116813 -27.9794522499541 -44.6841158230721 -22.6693880403913 5.8875260291053 -9.68463143786873 1.99943607763137 -4.14700173123876 -10.3912982202568 -63.9824811250094 -14.331668537808
55598.558275 3.82844904095086 1.66958879359009 0.954164226594318 0.405480319582505 0.279562211580623 -1309.69445 25.51851973 0.284688856279911 2.4210221681589 -11.7644052030022 -40.9046095514392 -10.6960800814432 -1.5550586619477 -11.3033414077266 -23.0089102815191 -35.2901777291139 -1.9618930694212 -5.1820147268251 0.0294708311350007 -3.1690212487014 -16.0898996754845 -2.21180823118405 -53.492399748812 -11.9147210315832
