Time RV eRV BIS FWHM S-index C3AP2-1 3AP2-1 3AP3-2 6AP2-1 6AP3-2 6AP4-3 6AP5-4 6AP6-5 9AP2-1 9AP3-2 9AP4-3 9AP5-4 9AP6-5 9AP7-6 9AP8-7 9AP9-8
53774.639181 -341.029214240284 15.0644127626921 681.254117 10.7223603 0.300230251045194 -0.458643365602142 17.567878910011 -317.135824915562 343.94276937325 -191.458944875734 32.225493664824 -197.391020637293 -233.252853206771 -20.449238282477 503.849187437466 -360.319112152421 70.691428225583 -18.041841734276 267.774051097186 -417.543265091992 -1142.25830582016
53775.60431 -163.620239194187 13.0726047666216 -937.97325 13.93511116 0.30252911228457 -0.905561924095199 58.6057010300716 -460.053611442562 554.303379041024 -251.406692610603 -48.4478645365264 -419.95560360238 -28.103049554685 299.525457053357 319.562636140663 -248.299116618072 -270.184618457904 322.047749257828 -277.410041178288 -215.627380675163 -601.053669329548
53775.605606 -123.878977818672 13.152125714099 -1893.7227 14.93432048 0.302898726491253 -0.905561924095199 151.29795950965 -590.040867576985 434.322215386884 -127.976322443922 35.814997702983 -538.332483461192 -123.756007311933 134.17209199916 514.665172223593 -218.918165828397 -217.503691483989 231.923455269444 -219.237272322596 -424.526194530121 -450.74497116925
53776.622677 -220.031344920859 12.9904725580431 4242.104147 1.248743884 0.307266321456117 1.56826554249432 -84.125445360051 -534.703305364129 33.871779670105 -162.837320889779 120.783824960988 -580.75897634671 -27.447068424207 -36.5301629805667 134.534121390511 -259.453731701277 145.973607017796 4.613088744795 -238.620365682054 -245.030006344418 -658.058042646741
53776.623777 -294.439119833613 13.7076849837076 1510.947522 12.43739494 0.306340377362176 1.56826554249432 -0.0376128383109062 -585.348836447507 145.24523748254 -98.6279662740878 49.8869926041214 -583.626906518169 -47.095402606926 -145.702487344021 300.183911491522 -75.3035269382233 -47.5770349777915 -89.2698502087633 -187.214251323684 -156.567058255176 -886.903523679766
53777.642179 -494.427412171295 17.6767790724488 -3452.04182 11.17460767 0.304978835646787 -0.824133522681022 -25.626875273727 -589.627622894746 69.411827134943 74.422494823207 -278.416841893649 -470.011389839307 37.0213329501271 74.666938559315 15.695709826447 -29.820478733904 93.004428980352 -303.71499645381 83.992155263595 -318.178937535966 -1058.97106213214
53777.643186 -468.162073438914 17.1723501117888 294.480207 8.938038094 0.304435048994111 0.549323150361805 80.905056398648 -814.744644121264 -78.087825511736 371.626731870611 -511.784397984759 -486.842264037935 -109.108271307936 -70.303192246551 118.302641355072 490.154013339241 -553.487288517014 -280.678695323472 79.268703971873 -299.050820078548 -1213.15882748168
54056.825102 656.821586275072 13.7227487144005 337.218487 4.542177119 0.289707879143741 1.39876072441077 -135.602959562095 1803.00236551026 -62.4661776405065 -178.721561203104 148.479599951439 2196.85334065774 -768.31791394894 -68.8526210945745 -73.0220854706369 -208.665756593641 279.841809612043 -121.659062524208 467.960833854091 1534.9883100899 382.07692536937
54056.826433 743.27532838322 14.4841083331196 1963.053722 5.283814525 0.289399399078708 -0.0619365484339174 -211.092169258959 1798.86003909896 93.059546466206 -219.059154927493 -78.4309601401804 2308.76432804995 -821.38062184401 172.277910622837 -52.793947225248 -208.878711683194 -23.905705211858 -59.1210446125746 506.566930585487 1546.28789920871 426.7634259591
54112.570916 329.0542893204 14.1939288351604 966.761147 12.43548872 0.293307612480986 -0.600373792357156 -92.369806717268 310.164148659222 -255.670833370525 -8.339167298573 129.302397722119 698.561618808305 -745.569105995437 -497.567044993572 216.907309974533 -183.528766761748 224.275205172648 81.21883943206 440.207009718032 -425.923177849197 300.983272005831
54112.572096 387.712310417154 13.8646542056294 -8893.97552 14.57089629 0.292741070012571 0.487994076882571 119.753535472206 164.65542278463 -98.059835725865 86.982298612021 182.067448740605 462.620344993655 -666.251878749076 -179.189067220399 103.334657338329 -45.268591147586 120.37043624736 294.031724815302 -51.6765366401289 -39.669286173876 25.374156313282
54113.587742 594.150727112794 15.3077490578015 1209.593323 18.92621916 0.272601880227724 2.00968956495169 158.246947421222 1112.18262099661 31.5626721031702 107.052494589053 72.486201009725 917.795438589855 265.55966474757 -395.217282053828 386.813079691767 -71.570915040024 185.421784329026 42.611710676458 576.810426755272 783.261061719613 -864.632885113513
54113.588911 739.673924834063 14.91393981295 -96001.5923 24.18762873 0.271476493826701 2.88642386629837 157.311368162758 1279.17153720501 23.752505223085 36.64794186251 228.063525922224 939.788332101103 346.0517189846 -254.229628180479 262.765378856526 -63.428997768457 164.408723744082 139.000931100088 642.212291558319 962.95007936535 -1412.91599423677
54223.474189 365.191465524032 43.9767337062576 -162.89743 0.818054751 0.294358031845298 5.50760414358921 -32.4847072684957 726.942547230378 -140.612382008294 575.703478867104 -1017.33473305701 1086.32743348016 190.387540058654 -958.557375552574 662.453975132701 143.338191587043 9.57815766808801 -506.716178586482 1164.268672096 91.072059965697 -1148.39530653392
54223.47508 504.277688992745 57.8494918235762 -305.01452 -1.17444386 0.290702624221259 5.50760414358921 5.50760414358921 808.338044958187 -823.936823049767 1254.88733076687 -1518.04629779843 1178.10040654979 517.910198226317 -1256.96500478029 179.144031819814 1084.17113047771 -99.301964524702 -1536.56988154241 1948.16326762394 38.8188063482889 -1017.88344956063
54439.776965 416.459929992426 15.0986872693211 -3921.29791 15.17310581 0.308146628117937 -0.602608875539575 -644.344364321428 1715.62067528092 -412.732382936596 -533.186261721036 218.482999802883 2269.89261938223 -1175.47877293089 -839.702176779424 296.598940731857 -453.45728342356 -178.716863757118 250.434598761391 360.625679280112 764.772957242611 2149.72029212966
54439.77803 401.54356592271 15.3869856392281 -2259.14961 13.50494947 0.30744456149978 -0.602608875539575 -676.675384267327 1687.84824720451 -422.575807758432 -631.162442172749 380.16222992173 2267.53284364542 -1376.1963496864 -783.615615864536 160.46573669353 -446.616164224676 -229.690954841274 501.138101203074 507.704432240281 685.660777131895 1299.78336350787
54440.728034 388.475768329058 14.564717100718 256484.1602 17.13186032 0.294101293913765 -2.86622061909397 275.748186542834 507.199184060842 -333.964118786137 826.649388326525 -699.957645282102 2108.48616734195 -2276.56161022081 -57.645076395564 -424.538273328045 832.052608386005 -85.2175145436011 -500.243144946251 382.326414173367 56.954197708951 1724.7345812053
54440.729099 366.482243619905 14.4993317543952 -1142.3967 14.30721435 0.294795833086206 4.1132406993494 175.351342298326 403.282093473307 -243.591168598429 689.103773161013 -731.76949694293 2003.0028115441 -2254.72790973034 -91.537482549079 -284.52983115524 618.961646787594 -126.394238298151 -328.300493724726 115.469530769122 216.038938658116 1487.78260825258
54441.60541 798.765274419672 21.3628774427727 1640.815359 22.02057633 0.296210137709019 1.63082469761266 409.471395821604 808.272297968655 -132.773954560095 1352.53511778626 -1749.67496519626 4117.52072889524 -3822.96956693701 -131.032077527013 -76.8796554848472 1089.97233380455 -169.26299760846 -1355.42434076405 1835.42090250729 -290.02539717089 737.92144646311
54441.606116 862.487118338799 21.6348032166697 2247.616097 19.76293988 0.296965194900299 1.63082469761266 238.456362200101 1256.38992164607 -196.658713833715 1079.01581212766 -1450.72422792468 4490.7729190879 -4100.54725897838 214.597515424237 -451.594015130191 756.037717774244 363.381458995412 -1651.29827477293 1897.53628012132 404.3105887014 -2.73905351681992
54441.606857 838.057169913726 23.2887155411912 1856.005825 17.51063904 0.29657295465815 1.63082469761266 537.822421239412 513.481117881035 -239.009460078241 1042.15822834326 -746.503127142827 3852.87524177508 -4620.73767115881 -256.523927076788 28.600107575019 584.930866184888 603.757384960888 -1084.98583087285 1398.4914117504 -413.46320035342 -3.5939238807
54441.607563 977.766077619785 22.7813946177071 -115.22181 12.40386632 0.296634925099313 1.63082469761266 406.677932251553 1205.69250876421 -471.320145718408 1424.77333273691 -1492.00512765192 4653.45481851614 -4356.07233352935 36.926840515159 -708.338983975469 1481.46879100862 -222.62914062511 -1335.19283446384 1904.97066305411 314.06408091306 -1.29145085884011
54441.804485 969.686864739649 22.3054032324838 -106.19078 29.31484663 0.29971293117519 1.63082469761266 460.404559362826 1464.43601597343 -118.182782913102 954.396075894148 -840.080195924662 4353.81796080821 -4117.17126833119 -71.310637170482 -84.6481318027294 573.810541603189 657.155118291192 -1373.94745646456 1997.13327724364 243.67134616512 -132.04891178142
54441.805191 908.097352770124 22.1423756806691 -7753.69883 20.67155083 0.298733525363701 1.63082469761266 520.179552905703 1022.25919328917 34.027154176664 1149.53457331644 -1274.36683188183 4732.27389930345 -4880.98454659879 -69.624161618646 62.835451535338 1051.49917672004 -77.902523381 -1426.0470446272 2296.08318419629 -260.65812054373 -342.49822929062
54442.705217 73.0097808583426 18.5571960418198 -7805.77594 19.31514765 0.298096048859754 0.414424319696378 -1052.82666333112 1295.22580499498 5.30918254371403 -2148.46072015988 2260.32757226963 -92.509069544113 374.804816571146 -749.710661803894 419.439545617909 -1921.7894756703 1197.02729592282 359.964921631406 -1064.39035991558 -0.9650403129599 5812.28038573158
54442.705923 38.9498915650372 17.3352558401569 5479.01884 16.41168033 0.29854555114159 0.414424319696378 -1359.51414507873 1689.02554536987 -105.375219009959 -2671.4475000499 2879.07957451674 -333.960974889849 891.726760366199 -178.729296845481 -32.958947164543 -2147.82947318526 692.16168068436 1395.25305392497 -1378.58388861576 329.274934145425 5735.8456938382
54442.70664 -130.132011682101 18.0029520118682 4743.537716 16.19761598 0.298975359831771 0.414424319696378 -1134.39538475702 1234.13732550065 65.792854000457 -2480.51754754515 2727.10585983115 -561.195210382253 645.47050841186 -427.758158507793 403.962351316978 -2299.40375528611 1328.18834992167 695.258745732836 -1428.94687566162 203.88082185242 5544.41565755442
54442.707358 32.6361359572729 17.7466533487444 -1258.33557 11.52926359 0.299098216150406 0.414424319696378 -1050.04970840229 1463.05355063452 -230.478671855013 -2173.02322875953 2621.41043438279 -344.19334256234 733.647671048364 -303.9375644712 79.591876238544 -2106.05443006963 1494.92044089785 552.965814826683 -1850.3217180479 1052.94465945468 5334.55752229367
54442.833782 274.048677758075 26.0319558166966 3267.033229 8.230547865 0.298983798447697 2.35775217511204 -906.943975963285 1076.74840636074 174.671547690404 -2144.20671435205 2392.38626335202 208.735576298364 -655.225696034108 -150.350744815997 417.932379173377 -2630.64285665411 2182.38569324358 353.229993027277 -1492.57922516749 382.611751720536 5187.45870053529
54442.83443 52.1083843305645 19.821206308085 1114.399591 9.079368207 0.297504854434156 2.35775217511204 -967.412351285092 1010.99262820281 52.334002867884 -2140.57272477806 2348.33597048113 -44.967411723681 -247.335941184423 -226.595566372715 260.314100284471 -2086.20517996546 1590.46666311012 38.5635747050852 -336.961464019326 -973.140350524133 5758.29693852172
54442.835148 510.465458448704 21.0678496952269 633.194624 9.980221218 0.297571478546792 2.35775217511204 -761.865581228204 1704.52150673354 -238.889981183801 -1710.94717774145 2145.50964809851 -30.005455559605 1164.91020116708 -326.057890926765 63.74055981866 -2686.34618248147 3810.70912774777 -1436.06981784794 -1167.02918776124 1393.25083746035 4692.184933965
54444.715662 293.043123089362 15.6510299127575 38322.13559 24.96982125 0.289657608306175 0.623962561159233 -187.099246867878 1168.34324604496 655.790403395628 -631.064462192949 195.054507384962 2139.88430804174 -1858.22160182387 449.243222404481 278.595282189127 -448.336921287459 -374.985291159777 422.241218284318 164.604883734998 430.010419211244 1721.62719625898
54444.716738 396.042154160964 15.8845968778842 2606.342595 24.24686047 0.289510599666576 0.623962561159233 -108.887567648881 1390.15778102536 523.158243215375 -533.90634600597 286.841122080038 2500.03057281022 -2223.13373700916 421.914274035212 220.25641440962 -618.734841247575 14.416266715336 505.07183850434 58.837165817492 800.450364377414 1292.40785263331
54479.614283 519.58346880861 16.5284396009243 -295.97324 10.69733378 0.299470548752988 0.871666324344054 420.536349554398 870.745825938601 -309.325780696185 1397.44473060914 -1690.35969207318 3062.85754967757 -1986.83650203678 -275.878787464717 -83.537412302825 1828.45249998156 -2113.38400719513 606.450039830714 2583.64973822179 -836.744481186 -2449.06572663382
54479.615429 477.630156386416 14.5191299382734 256.708379 11.27718499 0.30012412816405 0.0806079804347352 457.461512735656 733.135320888413 -350.401955018531 1233.45005390811 -1271.88746927672 2863.90833463132 -2205.54654019736 -267.885571095358 -204.130873313049 1744.63989013849 -1826.3311975319 605.427365435709 2402.28053624446 -810.40221718108 -2555.40595260251
54483.587154 613.467796963773 13.9726178639497 -314.75472 9.918581131 0.293831474142143 0.210104876389355 363.420792481437 560.943358982562 320.359529511652 496.001369472845 -727.649371517395 1235.73641487409 -395.421162476323 372.629359373424 38.351417442418 899.038126032928 -1735.26657102316 1361.53551551289 791.148024586735 576.36215312281 -4066.38539233333
54487.607135 714.55773860319 15.457622970027 -74.79729 15.49491536 0.302838380148352 -0.278593743326306 837.296780851936 218.630875220554 13.9137897962668 1292.16496696978 -949.54787287064 169.675158950276 884.286983258524 117.042863464732 -269.242909298483 608.845983683472 1465.53888685625 -1945.7943792826 1041.54846705112 608.97708894922 -2054.98941511404
54542.521389 -431.312796035872 13.5327008519124 -329.48698 28.43144492 0.282809410768535 -1.88795259338801 -72.0861574586914 -1045.83114262612 -189.62258004082 154.030977860129 -240.244336496333 -492.372909158257 -734.924684819621 -432.003586286685 245.705483798395 306.633949457434 -667.694715294287 299.857125941578 -99.855618826054 -1015.00174642289 -326.59226350172
54542.522385 -399.765523165436 13.5307200685472 -10952.9577 42.58968022 0.28308000487034 -1.88795259338801 -48.7739562103431 -1033.7629702574 -198.0374383496 124.466372607943 -112.628799795083 -611.642214140184 -624.881912334355 -427.096746479271 223.032087893357 274.594809464889 -551.400452032345 302.040303092832 -104.363670264698 -1011.33516528445 -480.54533836201
54542.528357 -440.224652637624 13.9710250523441 -4689.57462 41.278848 0.28261584246223 -1.88795259338801 -159.599831584683 -1030.2466847544 -71.1868185728143 -30.3490132424234 -182.680429065658 -553.126651283568 -595.405893346135 -451.527949668783 397.961802508188 122.827350895197 -682.40571190992 354.066551677532 -122.676688717944 -1007.80124527661 -373.81290395662
54542.530336 -464.896302790749 14.2142287088416 -13970.047 40.20907128 0.282411072007263 -1.88795259338801 -130.930603784669 -1079.0621619349 -30.0209277958334 -29.5874564954663 -174.414394164067 -642.794086531205 -547.677748597694 -388.749030319485 404.254876339235 81.445834527018 -616.994436384945 312.193437599785 -101.073735638612 -1109.94528551644 -284.16509670091
54542.53235 -455.95294883985 13.9463586499381 -2322.57936 38.83591955 0.282923612525253 -1.88795259338801 -144.070646728795 -953.772422643451 -68.1599178535365 -27.2906838502779 -160.849145172227 -486.559974863378 -651.866166222442 -434.572145338233 288.378757796941 121.347092672919 -488.71691974497 207.297743875219 -32.303642370919 -961.875178549984 -418.57046724244
54542.537292 -438.121988916742 13.5422919002047 -9566.81854 30.5649906 0.28403360744576 -1.88795259338801 -30.32870493763 -956.206423449842 -92.2892141982224 121.34124833441 -207.267702019956 -400.887387526911 -790.627456425189 -436.883889864814 263.895959067857 289.807303010199 -563.371844208441 236.399780849135 -83.1626618007185 -905.183482084492 -346.6206120115
54542.539283 -512.285253284269 14.3313035851464 -1138.82026 15.1117215 0.283749229222509 -1.88795259338801 26.3580354744475 -1199.05616643521 46.9817430223476 132.603099597964 -280.458102611653 -743.239267685207 -498.827027485345 -285.220220842844 177.176519013432 415.824888585611 -721.140199246287 300.487572296511 21.1834828103798 -1381.89915766808 -121.12310599288
54542.540266 -445.174827578146 13.6782742609632 -2384.83563 15.07867903 0.283490804129802 -1.88795259338801 -184.360088408717 -1032.03901848608 -144.461416336894 17.3665979855906 -248.044496666719 -506.21587505452 -617.922235401634 -176.077548153482 77.6915010635706 157.253641192255 -617.294629695359 286.081034731432 65.3635530372789 -1210.27577219975 -323.61067440299
54542.543275 -403.899463185292 13.9276455284668 -1792.20006 38.60879589 0.282716491068326 -1.88795259338801 -34.0036511917387 -970.003041159554 58.7646986329936 58.9516344019538 -267.864742224656 -378.271422300488 -810.41165904077 -205.631476147842 304.653372588151 171.434213669398 -634.699928253112 295.294938079745 -107.078922024344 -880.773273695732 -508.57399266646
54542.546238 -477.484618900099 13.9773752531891 613.547714 19.29272582 0.282474053646232 -1.88795259338801 -54.4115569669632 -1068.07504825515 117.385502149622 -14.7667214768337 -228.7147066469 -493.955828558977 -785.771645094104 -316.113035274755 421.794674192564 104.142812747783 -613.231968838301 318.057505568533 -146.810113181158 -1007.65870207379 -383.53211048784
54542.55022 -435.154077315054 13.7814046848895 -654.88393 14.12769598 0.283079713731192 -1.88795259338801 -21.5980894566152 -1175.69944196636 -10.492205560863 73.975996081847 -188.954300363664 -708.373171039412 -590.85241889817 -325.806587397528 294.827168898574 228.328317579011 -606.94366598451 310.783086827714 -204.593761811471 -1113.8190661774 -264.21813730526
54542.55118 -399.683351319025 14.1257045860557 11675.10625 12.3504172 0.28244858546854 -1.88795259338801 -92.4655254631248 -1092.4137554472 117.453263736173 -39.924943100157 -252.975977078238 -511.301491692837 -782.421718678185 -322.315605997898 405.184658912858 132.637409779051 -698.86091902272 340.392438358793 -218.788487251105 -943.346122370521 -358.61949091877
54542.555173 -546.136679996977 14.9204756002607 -9949.98988 34.04101141 0.282805245622312 -1.88795259338801 -76.7155055427378 -1129.75141968211 34.4565809206379 7.28808719843293 -214.171233332212 -614.390459620673 -627.273872569835 -296.695768310437 408.130796220555 13.843559067354 -463.011961615345 221.807666532522 -9.959905752759 -1243.18340504042 -332.9726393377
54542.563159 -532.016812484628 14.3359199332857 -1083.10215 12.79933662 0.282559158479501 -1.88795259338801 41.058821275729 -829.39108412512 112.847434748974 95.2684573454598 -238.546878274369 -214.315160743516 -927.405027517879 57.631387410102 91.112250003742 298.102046583106 -688.108397325046 353.024783614348 -36.449067562363 -824.092626115609 -501.66797696162
54542.567129 -440.700819877677 14.6300573642514 2988.177297 24.15136875 0.28184637443176 -1.88795259338801 -33.9586638389239 -1082.4110344745 110.940030034254 81.994310167245 -372.223761193244 -375.884093444316 -928.589288862513 -63.2952877764766 183.949015634411 179.11395881971 -622.063330977301 299.529929161001 -232.491160437371 -940.156627400653 -203.1179351877
54542.569097 -618.321206226538 18.1522088156957 743.461288 13.4414929 0.281470273436358 -1.88795259338801 57.4220218398576 -1409.65327959465 105.434407684968 162.083764262447 -326.366324941714 -693.218124739775 -907.472166244583 -247.259666193872 377.950905490652 202.151411494648 -606.402946281638 365.852900670516 -331.79203720089 -1050.20097625286 -1093.9333475131
54542.572117 -596.547013450064 15.6753594457883 7091.895423 17.07324795 0.281873382722018 -1.88795259338801 -35.15726350601 -1549.99733886247 159.038833562362 -32.309117653496 -201.406321058669 -638.626015356869 -1332.22995400041 -282.833453812241 532.914564687753 17.940399772927 -652.727662173446 432.186318582481 -341.162559142452 -1048.05411758154 -1872.74541101839
54542.575069 -560.986916298625 16.5627157703027 1022.894291 31.78400415 0.28196787048651 -1.88795259338801 -119.537617614361 -1322.99505885289 236.156329840013 -120.633938549774 -275.477306692643 -560.560294613735 -1031.30348634471 -107.543711871561 445.697855814355 -66.91395155946 -578.87977026841 222.356281573589 -134.104884798006 -1087.0705494175 -1062.27515949339
54542.578066 -803.312125280909 17.4286701619434 7428.056498 21.52587216 0.282548829170817 -1.88795259338801 -109.495478912851 -1613.77489574092 114.466520095471 -76.9012028175365 -198.301497963478 -752.487130609335 -1174.59767742653 -123.149296786962 245.86761840125 27.9991269679391 -562.864911595754 374.496096396103 -75.0775276079007 -1450.12567840921 -1682.8209695724
54542.584038 -913.264995107295 18.6831037702171 28.373069 9.444285374 0.280442573715374 -1.88795259338801 146.813729294273 -1337.5396644834 90.684536549402 177.932273742112 -151.355697370764 -561.320319878604 -1157.96195379901 -79.558476072284 148.642974104265 227.151537425637 -406.612709511552 381.775177668093 -268.049179827503 -1002.54230578384 -1595.51012501331
54542.585045 -790.010273976596 17.5170150281665 -309.93066 9.284294465 0.280441744092259 -1.88795259338801 25.145753387401 -1290.08427946459 78.48078001037 93.451022586882 -228.613893126625 -433.21781813079 -1222.3214019356 -450.021016242618 529.208328360898 61.7942263621867 -415.163320507574 263.39502671489 -140.898303800124 -913.69981930632 -2020.43272446858
54542.586029 -847.202708114538 17.8535587674192 225.415514 9.570708634 0.280982754820525 -1.88795259338801 -44.919422766363 -1237.68651910281 203.433710371854 -50.63951010724 -200.124151329385 -290.879667006736 -1470.3017945396 17.314196822477 267.478648931742 -16.8547118065575 -430.752405527191 229.126783585714 -96.99396998375 -920.863447239423 -1819.49355301366
54542.587024 -823.965236017438 20.5969457343571 -524.76421 12.30667981 0.28082714361382 -1.88795259338801 109.926342392011 -1412.9244941428 -8.710810853792 318.364550531252 -402.305274350482 -210.682258695993 -1715.4651173825 -738.751516910864 823.384276188301 210.66214369706 -597.274988659449 237.130931234789 -92.357830172844 -936.079573556263 -2495.93269880245
54542.589015 -692.356849953106 18.2157864184027 -1919.56987 12.77461251 0.280577209374352 -1.88795259338801 -37.0482139190013 -1271.52838951104 68.9007160269642 16.7550000827668 -186.877754631224 -316.561987354951 -1529.90896763352 -317.763262537222 434.385644487262 -30.6704817361346 -343.049331354628 212.671533198527 -20.8816365151731 -1085.58069251359 -1902.12437799229
54542.589999 -552.73317682757 17.9152652198081 -1445.13397 10.8501627 0.281309316415559 -1.88795259338801 -148.900495846335 -1249.77547787274 72.2169351838159 -115.085366778294 -153.454432795746 -778.455878968089 -606.25739175989 -49.119758188317 270.970152312182 -107.342654712917 -504.740107555591 386.314650399108 -323.260549580443 -1183.28879240772 -30.34315009394
54542.592973 -680.395907006542 18.7779012656769 1119.455272 13.2461219 0.280423453919992 -1.88795259338801 -157.176710168369 -1720.35639521049 256.779171183439 -174.177001348758 -267.831687620493 -693.344249534304 -1503.20825985203 -198.67233863759 535.090216323197 -92.252838877231 -626.05337019908 237.133717679296 -347.287410176859 -1086.21913122145 -2051.5003903199
54542.595971 -665.410602648978 19.6689705621305 -2119.76646 14.0644871 0.280874418864338 -1.88795259338801 -70.8512241273138 -1542.7395849877 240.254197963417 6.42936794504197 -417.585989672255 -461.2963779794 -1486.71291721346 114.664112406458 196.311209798286 128.654667492482 -694.545811788966 244.795301868648 -70.8342468397024 -1291.13367050301 -1537.64895884115
54542.599941 -701.283441714561 21.60686426856 1958.776219 16.81210109 0.280528779640997 -1.88795259338801 -1.88795259338801 -1034.0827453373 10.292207405038 44.791759616979 -102.034670871416 -348.958240458554 -1060.19918998112 -736.826922878729 724.449052266438 151.590582096307 -726.641975205586 550.560843830257 -12.1582056124906 -1221.84395336557 -423.31242620643
54542.600924 -897.302744734147 20.7797254390878 1847.378803 13.86538849 0.280788853154712 -1.88795259338801 187.87320678819 -1394.36907447763 190.203668183953 144.108721858601 -103.111320867664 -646.327152677542 -1054.54742671538 -211.069588630296 450.314110230292 223.509484092546 -532.823222615421 347.496575678508 -17.08568692211 -1265.6583405417 -1626.72787576488
54542.601908 -853.733786514997 21.0920998016722 644.315147 13.18792373 0.280241097680777 -2.20885406212219 36.846998112215 -1454.97356310985 -125.800161009013 135.261355259183 -53.140294757163 -632.204307494939 -1234.65577115407 -450.929587528596 112.094968608291 408.16708764074 -588.456490892816 474.248340914216 -111.773314063301 -1337.34570245608 -1541.82264860221
54544.552041 -1049.12632088531 20.8837776633467 11470.22081 21.94338355 0.285642543197959 -2.20885406212219 -448.589815925271 -1490.32099370734 -273.260644322343 -28.051768016705 -565.339557756331 -436.140753128699 -1155.62873778028 -802.195374253069 468.242666669737 477.413947803385 -2095.36512395392 1486.5495826685 -724.395185823744 -480.232608760122 -3034.3920981368
54545.519978 -791.968162656667 20.2713331379378 1492.62793 22.71057182 0.277213698087119 -0.275358095458511 -297.708496304146 -1373.5403491631 433.399980322129 -310.815976255596 -469.158760086334 -413.336696870182 -1229.41432984847 46.1851642399482 341.253028251059 66.708902501948 -1602.15077532007 1370.26734241439 -852.660691635049 -444.326802463537 -2850.62317635102
54545.521414 -985.426227783253 20.3220417620969 -2769.99948 19.85666109 0.277080722946008 -0.275358095458511 -350.031286528379 -1438.77695847627 58.2907549368104 -80.5264058120314 -613.985328377528 -503.120689909601 -947.13126401938 43.552211746018 121.762165267291 141.820054751114 -1167.08806784903 566.243665026694 207.652804331789 -1248.27599780012 -2695.77944934627
54546.49449 -748.806515577984 14.9089008097731 1794.21048 3.192336761 0.272354802169359 -0.275358095458511 -305.115914075937 -1569.04017538724 37.0343694012318 -172.589363943097 -334.108722595445 -624.932998402984 -1177.81505179914 -219.125561787229 286.851863828638 -1.221418779598 -891.925699989215 581.439317495904 76.0660012807982 -1232.04996911611 -3002.05986343412
54546.495496 -806.695362461151 15.6304642796795 3803.611358 15.27399179 0.271908679126872 -0.275358095458511 -205.227416787004 -1561.73276815497 -140.368848519472 37.4625717904279 -340.16551582345 -662.95840531631 -1097.60346371669 -474.460526471918 288.572272572872 227.493105985382 -862.5219728777 504.149219304029 72.655969237313 -1204.1751624541 -2902.62714906254
54546.497464 -765.392339567151 15.391153628195 -181.48681 4.365093504 0.271820246403684 -0.275358095458511 -271.644038022281 -1580.13336390274 18.5870433225107 -114.691439482175 -360.875377928477 -706.603142755247 -1049.41604806434 -302.261506084918 337.558428234977 125.9168383501 -1095.92554089353 714.659721167314 -202.216516952354 -991.423753518223 -2745.77330844906
54546.500462 -588.356750054099 14.5506219129928 405.789414 7.452438653 0.272105498334826 -0.275358095458511 -151.649748200691 -1372.98680603464 -0.497301363988701 -0.955572445576902 -327.003321527714 -691.677288877355 -775.678540325559 -332.0519052091 422.456254301372 176.084272809123 -1007.07921200814 609.618541010139 -150.645105824113 -983.686106543932 -1979.25417529493
54546.501468 -690.596012030873 15.2058591474194 -46144.2875 26.90743013 0.271442825286618 -0.275358095458511 -228.463816777817 -1405.89457164812 111.705610022287 -81.1510604510216 -452.24814090581 -265.633369599048 -1520.73327019941 -98.3259631133353 271.734464328187 204.866715054401 -1190.23403765196 630.847802015501 -33.27388758991 -851.192799227485 -3194.21346063839
54546.504443 -648.087517927181 14.7355320523297 -110494.529 20.92737541 0.27209818505043 -0.275358095458511 -99.66863555049 -1283.94794361011 -128.343226047726 161.042608837505 -398.089844575312 -184.155893545882 -1521.62167121381 -467.03314265758 380.155464729829 339.613723353437 -1013.43988355485 582.461447077253 2.3708488491168 -828.176702269911 -2998.5713900289
54546.509408 -822.24680709998 16.2824148357935 -92366.3226 13.95668043 0.272634485276658 -0.275358095458511 -223.098615982472 -1594.18456425597 -122.449267779961 84.5975695978956 -498.1605593482 -637.709066662643 -1037.92574769013 -497.012115558565 409.139441693968 246.008519521353 -1008.76044881028 486.893072078794 -12.982263686032 -1067.50449937958 -2843.35435822062
54546.514339 -474.552086510453 39.2254812730333 886.567783 12.1458175 0.275188016330191 -0.275358095458511 -84.9942519645427 -1421.21054343419 -17.6667585979847 202.556114384742 -611.199423789615 -612.990348347962 -777.3382730018 -440.244595407728 179.107877649025 522.463333859889 -973.317667036721 354.956838163033 -303.490273545937 -849.137010597184 -1962.22001964388
54546.518308 -1215.13049276199 72.8006539455917 -39458.0997 15.608963 0.28126389828819 -0.275358095458511 -726.003909906746 -3091.91328250665 886.889513095251 -992.873549889017 -660.796672519133 -292.479492204372 -3848.14312435543 -249.010984541287 779.692116008998 -606.948249099039 -558.919027447082 -741.017739359909 506.553805710136 -3385.62194075975 1065.75245308607
54546.520299 5667.90265098409 134.289683041741 13.138136 3.679023629 0.2929115462811 -0.275358095458511 -85.571842787425 15032.7818679618 211.659413161436 -810.856427936122 1313.40696896864 -1519.83545030983 22395.6659076174 -482.248252706442 1476.44119999362 -625.334426427989 -1410.09311885901 2048.27020683345 -3485.12447097912 1763.95107520453 56749.6926638012
54546.521306 8259.72419277672 129.355239787207 19411.93527 9.55702041 0.287125925648947 -0.275358095458511 -1208.23783592689 20090.7091743057 229.788082232381 -708.243965548563 -1391.53232927672 -1688.20483324696 29892.9901188532 -1461.99639417919 2751.11389446829 -1578.18321244477 -1612.64333879895 501.75741394507 -1240.81286389554 876.02589917594 61036.9758034232
54546.527336 -754.998950778911 14.6478248150555 -1115.69738 15.15805524 0.273508685962734 -0.275358095458511 -287.562528291013 -1272.79152338663 -157.430377667084 -88.608183071106 -230.321427537094 -528.677727008119 -943.166209768171 -487.361675007297 340.269055148306 -1.3457219154391 -672.611024982223 490.750950075327 145.002433200983 -1243.09226529157 -2094.09363758001
54546.531294 -738.250734749276 15.0281059321225 147589.8361 9.774702141 0.273034346814958 -0.275358095458511 -243.716124132218 -1600.27088577157 -162.580479360612 -44.0935600026011 -231.308321762984 -714.639557577067 -1154.08379810506 -465.413127066797 329.200739678926 128.980738480363 -879.980354285874 612.446861896637 -120.049271607301 -1078.5002614911 -2879.64303077408
54546.534234 -627.212581716554 14.3593672800538 2132.729294 13.00565495 0.274728090116493 -0.275358095458511 -156.776017220911 -1640.84642398705 1.832381966816 6.72165245330299 -355.047336104357 -589.397310235103 -1440.981738793 -295.254464824361 349.82468220204 84.772520993412 -735.20953973288 421.305246853549 -182.429784721371 -993.238212569238 -2963.8093023095
54546.535229 -720.212741510749 15.0813334745816 2973.845032 7.507450502 0.274544211723931 -0.275358095458511 -176.579722725392 -1769.65408966447 -76.4066330637408 68.8714431787498 -431.744073937697 -726.412180229886 -1247.61915354421 -280.002976604211 272.250887671212 249.237763746342 -1047.47524973003 636.158723445139 -103.71050068281 -1260.19174533983 -2852.5101738952
54546.540183 -843.090271444315 16.6122521939888 -876.1078 7.95062457 0.274225828457449 -0.275358095458511 -276.675710783403 -1759.74741887775 -97.1743616212231 38.0061858225526 -543.237782630186 -703.536144404266 -1152.51191145231 -492.193354651316 418.97525309583 235.390880525987 -1116.72194790998 514.874308049514 -19.101829540171 -1162.20967601993 -3016.4634893989
54546.543192 -780.892313507857 14.753873953851 912.451085 19.36228246 0.274001643081828 -0.275358095458511 -146.422145695795 -1681.80409704388 -171.314927941824 140.435857008535 -400.515279773935 -700.599847829717 -1158.62917161817 -450.002161481244 231.970219604312 329.745888591247 -897.873371946509 530.090972380304 -124.844974663956 -1098.89102898532 -2868.85217479994
54546.545171 -873.823939718251 15.9448827415838 1504.885568 15.79743903 0.274785066835069 -0.275358095458511 -283.495853651772 -1687.43355555606 -114.449333425667 -43.1795809654997 -365.560820209491 -663.068057710546 -1256.49877186663 -631.864767240624 491.594264179652 209.267429245769 -1151.74778697186 708.746002643798 -173.088961952357 -1021.82764486179 -3081.03065539806
54546.548157 -831.955560315617 15.8198262487961 169.956421 8.608445892 0.274287005176274 -0.275358095458511 -322.221048424872 -1653.06355499276 -145.165697987738 -75.3472093971202 -344.219656825779 -625.799488113312 -1284.06377526398 -433.740382261082 372.665230185334 36.532698584586 -889.158509379141 535.227795989729 136.937120366374 -1373.7635086942 -2934.12463298296
54546.55215 -766.938930388578 15.0111760429927 -20134.1416 45.60923006 0.275498500088278 -0.275358095458511 -241.307240569452 -1530.30046591765 -88.4568171255008 -83.3004831099568 -233.113088277172 -432.653635250679 -1601.70393874956 -346.910401110094 252.151942621905 112.132613224426 -840.877703371114 574.31392396876 -131.564915020681 -920.602497284673 -3261.46372635606
54546.554152 -839.124933004538 16.5971926398403 -35.44149 9.565918995 0.274949434211293 -0.275358095458511 -259.344978092276 -1705.57739266688 -159.312637354406 -113.505822251826 -114.360837483989 -897.940125173967 -1142.00203730331 -291.222233053176 217.295892289046 133.419922058242 -898.637379231218 578.853584523534 -252.003532594815 -1021.96971742596 -2845.13952957648
54546.555124 -806.359066227046 15.5748695800745 884.656654 9.272939845 0.274972707846672 -0.275358095458511 -288.826024821178 -1706.80414891531 -16.9356373469492 -230.91555260315 -101.674738218067 -985.243665783034 -1016.95436422402 -319.820284444918 284.473927611136 -67.3891835922304 -730.529904438518 682.17000534012 -434.707369329851 -1057.30754955702 -2616.05614367086
54546.556155 -883.40093583753 15.7631338063865 136.526612 9.853185789 0.275457571063478 -0.275358095458511 -197.024239937588 -1780.3285618406 -165.212126365428 -6.409917116505 -200.112348936194 -816.654662780415 -1283.75743113806 -497.273853628579 374.473341405203 54.2358780081533 -687.21047254712 557.3255687234 -199.552686436679 -1156.39025392842 -3209.62249276453
54546.560101 -855.207040801964 15.6439205089298 -3141.18448 11.09788657 0.274485254476167 -0.275358095458511 -172.532069269467 -1601.68604099471 -208.240161463651 144.607801710044 -417.607004941729 -435.775550973554 -1499.60196113175 -610.858190834953 386.371152367725 287.525504275434 -835.761504539325 349.147243770373 -94.948808651029 -832.826756782869 -3383.6722095729
54546.568076 -800.359799207076 16.7451027409475 -50316.6473 11.91321039 0.274982739177029 -0.275358095458511 -385.614438978109 -1685.63399023131 -7.18276752261201 -179.696159145275 -424.419751257405 -401.143011281416 -1710.2393604757 -105.308792326428 110.777101128354 102.837427560549 -1098.34504004677 640.787204946631 -75.105988268198 -1058.14893127947 -3423.90640447745
54546.575043 -820.507191061874 15.8500604647729 1639.999497 43.60389254 0.275280059966314 -0.275358095458511 -218.365657351054 -1657.16974978359 -46.4902579605355 10.8210745290895 -432.320693169776 -362.31870721847 -1852.65252456344 -308.642660320284 307.597902965912 201.084084008831 -1031.9203877836 573.039799986415 -421.834637022519 -576.899085980087 -3638.7809506866
54717.884493 1999.83701669606 26.2455805623252 178671.7021 7.978976923 0.291634492665473 2.67086513175291 -2359.83449831894 6588.34276130118 -581.051899920695 -3205.99430080046 2157.92031260062 5678.62851878574 -164.91376207432 332.306515235196 -888.652018845894 -2043.69929103959 -1405.99047891097 3072.31810225745 2254.06136069174 4092.68067245561 -3193.16592128452
54717.887259 1817.83107345426 30.9978691556881 -1248.09615 8.778244097 0.291774464802208 2.05787251416877 -1767.91713149506 5867.36921053602 -33.20108328803 -1947.9708481708 379.95120647105 5593.49396162782 146.80293689223 877.26555292026 -912.929313577456 -803.768202081885 -2215.12887395731 2173.48073515482 1468.94165565306 4782.08524055421 -1998.24903936693
54780.692476 474.479814698307 13.950692586227 48828.40565 13.10303701 0.283133099519751 0.477576623229961 280.041608548388 1860.72723571708 408.804400256617 5.78317462064331 31.4749479649404 1708.14120355754 243.91755645796 553.621248383605 -112.772006327545 -62.357900031787 238.211116835718 -116.408036775802 91.893004846667 1992.44689378079 748.73689275747
54780.696712 625.960587153243 13.9789677163539 15715.33474 38.91997208 0.283136784578594 0.477576623229961 265.271188992418 1964.30642298556 403.783252021189 -74.0241017559103 172.339760922699 1822.61088293053 94.7905724397901 624.845729728382 -136.983677731055 -212.38892694166 494.509017059788 -276.091415987243 318.534141544215 1907.15154719715 535.02311726565
54780.700949 753.244151182736 13.6365607646577 -25203.5589 16.85387274 0.283147049044206 0.477576623229961 350.81459797678 1784.35910410591 404.655751269695 88.093901120685 35.70878369407 1696.17027084567 118.49054046347 664.375050340308 -204.323454007477 -40.1509650283061 487.265042801827 -403.844654542425 126.629853243135 1956.0664464802 861.94065149268
54780.709421 493.636004224672 13.7974041385318 -711.24274 9.431307334 0.283460533395574 0.477576623229961 330.429244165534 1756.15040452767 336.14585572146 5.7493575453024 223.958587736618 1427.74744165224 377.46149452225 479.620339305786 -86.1046672645437 -129.939026278231 482.472285682291 -194.964061835045 166.371241546097 1684.28915579463 929.55563185169
54780.717893 514.004922829306 13.4027466465641 1300.807417 10.90139117 0.282170022269237 -1.75016885481145 226.916666970159 1765.05758909205 157.941848465484 10.447319906294 235.952809785227 1588.30072723382 107.1385000902 435.868844490598 -213.599629106436 -189.156364583062 748.784155879608 -491.724114710768 485.097463939 1386.86645822504 1077.88975234428
54780.719317 666.160888813903 12.7785063534282 468.631408 11.13759098 0.282019168881792 -1.75016885481145 320.715006636716 1746.95846304056 229.614688033032 83.4369622890083 192.881193739415 1476.83426648913 292.16346737491 522.603137210868 -240.862697415274 -29.6776337858481 516.445407839152 -289.097510068975 172.160137681647 1819.27854425787 638.0175256122
54780.72493 763.18010969484 13.6475715939635 175656.0812 11.43650105 0.283464707214233 -1.75016885481145 229.037241598016 1748.56003821896 466.654382455388 -90.053315539857 84.463580206978 1546.11708993634 287.14625778211 563.922869111051 -57.013782882466 -226.196020281816 490.871375887282 -360.98040597967 177.155639498157 1853.59144977652 866.48576759529
54780.729178 594.186708782185 13.0465204122939 892.127481 12.54949993 0.284222508275228 -1.75016885481145 200.136034576819 1692.12272831891 131.066607413513 52.1781068858484 137.760997460074 1449.17185215985 311.78747915634 439.801047520847 -317.424582005724 -28.9377633838031 478.66480435818 -270.715040211027 62.0502961569524 1802.62614619151 973.17694749389
54780.73059 559.553231267833 13.1993920987544 85.189008 10.17266983 0.283914476991829 -1.75016885481145 300.408975047089 1679.36199948262 194.853001310581 88.9215785251622 184.029058389828 1400.91487884303 334.18394919274 366.418788167941 -171.666402511413 -1.84817607761201 468.930264724981 -237.853763436504 -40.8087570384295 1927.50243400045 845.87688520673
54780.734815 356.493753673003 12.9332441617385 -1675.08179 12.28850302 0.282799868984439 -1.75016885481145 270.600946869857 1774.87654927492 51.921641157637 240.602785540909 -2.604139485673 1646.36479862695 232.03507333168 303.314407003648 -255.378170495451 54.751392677463 596.181348474668 -467.58238277435 376.968644516943 1563.276225033 1148.6782023542
54780.736215 432.604435287689 12.90985212929 -1850.32668 15.65302827 0.282318854801284 -1.75016885481145 219.115208522888 1907.22016198226 73.663215189243 103.971758727151 139.943428618236 1543.18606918388 508.05512786765 303.892259408304 -235.608033547343 -81.456136334439 666.434787947438 -404.76195476758 320.027188874357 1735.60435823404 1103.48070302065
54780.739063 538.428684616414 13.4357437946189 -5760.06169 17.37278398 0.281915315607327 -1.75016885481145 299.515098787952 1813.47836096308 75.761155341144 131.912129987674 239.641364259855 1451.89298069508 432.19388491139 402.659448255364 -317.880367239514 -33.260993271648 718.967634657815 -391.693058392656 189.867926115679 1757.98595817795 1038.09598491551
54799.674607 393.178129557269 14.2325372735844 -1048.91881 20.35440466 0.284306339635169 -0.0623697822968238 66.1747592807005 985.412017605824 -66.403014031199 92.3783579682313 23.0032848358021 1247.62934178052 -515.699137197182 52.954312655699 -183.152720687027 -62.698906949874 567.19574795324 -475.811510951589 48.2203068685335 762.225341212925 1817.05956380123
54799.677188 359.942410619023 13.4472811596494 -8206.91152 28.47688184 0.283259034884844 -0.0623697822968238 115.811671568956 1009.08030914205 33.2705271728355 43.2547665749777 103.455506716747 1336.96815645142 -704.622563590514 183.884657867346 -140.74696595659 -90.9414098681613 505.564618827583 -405.529041619393 -5.0329790519418 799.203673615429 1824.11053037627
54799.68367 343.392742015085 13.7375066296107 -146.44263 15.33155134 0.282896201306921 -0.0623697822968238 193.626225246847 774.59427501248 29.1453264768949 137.473499269387 77.722057260323 861.671248641356 -236.87504455286 278.781678569206 -271.859884181946 115.340260632906 387.424619352526 -392.386779460104 -163.890092665036 654.948046645105 2140.35744322671
54799.68757 329.513057882615 13.8072603248072 -2519.90536 21.96581865 0.284270961230366 -0.0623697822968238 125.670353322161 839.301275030304 -12.0801645055796 136.308429392902 -6.3453611857188 1180.16495716376 -618.590912291698 189.075129518106 -201.206104259921 95.4930198667603 287.86344805146 -356.665917358252 25.423023715185 501.231152844116 2116.45524964953
54799.688878 314.242825247624 13.3396273598166 -1710.66801 20.54422069 0.283956462119791 -0.0623697822968238 106.451547914854 826.774020547925 -81.9530518316582 175.060663457296 -38.0061069470727 1228.26672082032 -728.87782729308 167.104444965806 -195.148457770228 98.5184700828906 282.965749096069 -385.153189693483 22.3916851305156 610.134780776136 1910.41629350879
54799.690163 348.432214389865 13.1102122753667 1584.69201 19.40907216 0.284357772343095 -0.0623697822968238 51.0874265452507 881.553849071368 -43.7605586155697 26.4974075676972 98.2288504420611 1167.41699588542 -650.924690701367 101.849927113056 -126.378371589266 -81.0959371200956 419.46787985889 -344.341842152312 -51.3199440898176 785.131580219031 1635.29720896213
54799.695336 432.950442746457 13.4839994574418 -6468.06576 27.33714074 0.283943172967049 -0.0623697822968238 85.8130607860778 1104.83063583414 112.634459108464 -95.7743033302346 224.037844121818 1352.14924781395 -664.214761552869 116.401209893054 42.7018963643257 -272.921034401896 645.988150293161 -525.274053943316 80.6958410192493 1006.31884506612 1473.44246681583
54799.696621 466.363495589941 13.49013567506 69515.00256 22.40890705 0.283277722251705 -0.0623697822968238 38.0164791320001 1118.32725354658 134.223355373467 -136.224587191927 185.476435836768 1332.52710175981 -551.622377809717 192.053519012827 -47.666376141072 -232.36477100012 417.018480763405 -235.151150753348 -89.5936594663777 1021.55953306603 1633.09436125642
54799.699225 383.085660127426 13.6301609592938 -6977.1212 23.21465523 0.283111338325207 -0.0623697822968238 151.424168132965 911.435394170691 172.409765092182 -25.2788224313676 136.947921613684 1267.47586643848 -786.367012314295 162.936448081737 45.9116209553649 -148.371151601201 374.869844177877 -232.16157353827 -102.661826344621 687.994905369145 1893.92094757861
54799.703103 336.156977319684 13.1618299308913 -2275.6046 10.2520387 0.2833312866567 -0.0623697822968238 205.577048373941 685.147484117124 176.103661539232 -35.2644420571701 260.159512628549 884.326441122204 -616.195543484946 221.87958242848 -9.07062698427559 -76.179678731068 333.04228754442 -163.094270686525 -289.658446409366 566.383910890746 2038.45266160757
54799.710892 327.44833232001 12.5805624067049 1269.106111 9.398320769 0.28335280946628 -0.0623697822968238 88.2139652267847 1053.28226009407 56.9516322228869 30.4514654514062 44.3446936147667 1286.15337517242 -490.846729543246 254.740994925216 -174.854613696973 -62.0058539473769 390.802548844137 -369.97114827115 -48.4900637912416 1151.16155975038 1296.21690164327
54799.714793 282.997093188196 12.4964886956355 2282.162232 21.26808288 0.283397288358192 -0.0623697822968238 67.2540405257906 1021.41360915256 138.284250093737 -102.645250287835 167.785314126089 1264.26356344167 -606.88719367066 206.483907706747 -76.4108362978209 -217.98215120131 519.039353145425 -364.805322107597 47.0528678271625 742.785057391558 1785.63473173528
54799.717397 308.497116285952 12.4951216421342 3202.028003 19.88706284 0.283709597194302 0.152241507833225 39.781152381242 966.831087673079 95.4854262544212 -90.6887641519386 145.990962792546 1007.22035095761 -221.288663646984 179.694363070833 -39.5198143705726 -271.759177993715 605.771563479502 -495.814980982546 -18.838982066399 816.018906032706 1901.51800892288
54799.722582 402.489138470089 12.637123323059 -22635.5705 17.22620618 0.282170277737782 0.152241507833225 81.7157730347009 1009.83365401738 189.94022575217 -93.4468155899 118.763380137054 1118.35632394938 -325.989903987175 298.575910531183 -80.509760359849 -167.573432313412 464.723369313833 -491.672262994769 83.6572280563852 820.940286490765 1734.87173692837
54799.726471 313.725448818483 12.3026940706073 -187.02651 17.38381307 0.282571703516757 0.152241507833225 111.905432650406 795.299675061052 101.375734640907 52.2746000702598 -5.3126512204575 942.514551374088 -277.234274629717 286.778456828759 -157.264431812316 -11.8642891474497 318.270443276543 -387.193072337888 -128.025489336846 815.042622047492 1798.97285549108
54799.727767 348.31716674874 12.696318893806 -977.722 21.39732081 0.282508743557913 0.152241507833225 162.156799210215 877.544370654465 104.60910618994 172.75830658315 -146.596440267901 1046.09827222268 -188.45941377081 261.63884400678 -161.575954886729 129.936560702368 218.098831533131 -400.522643219018 29.5420035770266 711.366916206557 1864.87612748598
54799.73426 210.3113376879 12.5655717995057 2047.901894 16.97592888 0.282487788440488 0.152241507833225 76.6243674046062 1015.22856197655 -61.822328469149 5.73881913584 214.485654937723 1100.33097256076 -366.413226307609 102.754568989426 -135.68093613938 -86.680734428292 428.681051763637 -252.49512314715 -66.345462073717 738.200826613066 2096.11681169047
54799.735545 208.365210434779 12.1259273856966 881.52881 15.95243043 0.281968126234543 0.152241507833225 101.542206460544 1027.26576039324 -15.877650790815 22.870198633614 175.688571665309 1099.94392149472 -301.293865323797 157.0254601097 -110.324005316315 -88.005879677615 430.154922545689 -308.38119808944 -117.744425583323 994.739754268937 1747.95176668742
54799.736841 221.920051525006 12.707259752002 157.766149 15.72309195 0.281972293838322 0.152241507833225 176.34956081571 898.102001422901 17.675401741418 57.972712511328 211.797750054928 1210.42393942953 -777.830543818566 171.759099140059 -198.867174781814 1.14991874569699 451.484092029718 -239.172887169121 -120.201196193714 696.222744779356 1845.94153491318
54799.738161 276.152386844659 12.503827751881 245.863271 17.27836187 0.281824159147829 0.152241507833225 212.003154053878 1010.75472401826 104.9516611982 79.0958036341383 132.760135931322 1139.66945160877 -372.172599649698 270.156880350434 -140.904202091919 -36.55602522976 461.324766534382 -323.542923660007 -104.141781142625 949.467267787041 1682.67716639804
54799.739434 284.825045287873 13.2250305322974 331.338723 19.01247556 0.281252970782694 0.152241507833225 155.277975518658 794.943960013684 43.4417948514322 105.004883063179 47.2985874266957 1190.25968125134 -782.130449905074 152.880602326602 -104.778723784468 -11.8541477712206 467.861166597058 -457.82462906354 -60.1486011287841 664.55219495008 1862.27585269336
54799.745904 373.598809305699 13.2082232039652 -1237.55157 12.22209667 0.281421878924893 0.152241507833225 123.697062831609 893.467187962447 249.772879612245 -19.22194858457 -24.010987669667 1107.72519735573 -374.86852187026 260.013429819433 -22.861990533035 -67.6893602619388 250.258965278076 -293.776511365603 -59.6217681357006 849.677346619646 1568.9218822268
54799.747212 349.910273570583 13.1129282900036 -1577.96735 13.36703994 0.281729809118239 0.152241507833225 151.269021904334 873.098650111772 215.585728797337 -9.42727487117379 58.7530088094688 1180.36005326958 -642.21493490886 243.831304776156 -18.1664742123879 -96.3445183664482 392.414910363124 -386.721634919242 -44.6171469264647 745.537143686811 1748.79541757652
54799.75367 190.617376543376 13.8934245742295 541.159511 10.01270968 0.280637700471058 0.152241507833225 102.004345918753 1068.43678909009 70.118230666187 -65.206794661926 243.396648369998 1395.04463830459 -835.484479806446 218.156601788365 -123.886365788711 -119.596824060166 475.059757724554 -372.766423428699 128.752074550184 761.08768396643 1678.28676461711
54799.755001 192.566352943778 12.9403184887715 433.042006 10.77970557 0.280426158288243 0.152241507833225 160.249352025051 1094.49323541789 144.610514188738 25.045217273695 95.2300200198982 1220.49975975931 -324.46235367096 219.631782092216 -2.05812045658598 -93.363873886974 376.293915128538 -342.33856611007 46.815780538921 932.835192611774 1635.20908152863
54829.623123 459.371759552671 15.5148083833816 -29.30277 16.01724918 0.302144301992398 0.152241507833225 -137.165643513007 424.444609913739 -444.274694966347 -25.398775973347 226.458751969869 526.991005270166 -372.225305479149 -445.557551442739 -217.219378676945 -74.3670240570145 490.722752960574 -244.041801667356 -908.079256143391 949.908229933412 2280.30755381196
54829.626016 362.734631889809 17.0030098245709 695.633142 18.27494232 0.301142736840513 0.152241507833225 -307.630708472106 786.754487363081 -598.739928209305 -100.441779352848 187.562611819198 1208.4388529885 -857.771352313235 -531.829361683504 -226.697969887342 -167.183482948523 571.342666644807 -516.45781025155 271.191103917049 69.8344155438246 2409.00097788738
54829.62722 279.722455107279 15.500621530299 -579.87586 19.49323785 0.301825941302958 0.152241507833225 -214.431840847662 735.029270006398 -601.920039617679 16.226056510096 153.406619594889 1123.9964392263 -818.68796646238 -824.509326571514 4.047847407565 -154.843448287815 600.423664672426 -418.050827485275 557.644169243646 -459.453658244887 2498.84360293927
54829.635507 231.484063671565 14.2835731103335 -21627.9554 18.42231886 0.301914001417895 0.152241507833225 -102.768300485521 865.557791483672 -617.747324363359 75.780577330573 282.610100485766 1066.56613752134 -588.157058678208 -655.737531668555 -109.962813605175 -69.731251939788 629.550286919634 -369.439804017403 -114.578309098942 760.816659630363 1630.65248394654
54829.639072 96.6019661794621 14.8605238197293 -3586.61524 20.27515971 0.302372539811476 0.152241507833225 -274.981465139261 836.971185306553 -620.289511300464 -60.796366120211 211.94154263536 1110.9292258776 -662.948047363245 -688.801556256201 -198.800226904301 -35.030811255361 399.503661332986 -299.410499889187 336.602025997071 105.849702944563 1946.68704438558
54829.640252 253.254546166655 14.9722013638741 -777.93992 6.494462698 0.301972003285161 0.152241507833225 -265.161743417512 1011.58027802715 -619.603807080296 18.954921586312 81.174437944437 1626.6879296556 -1177.6577534565 -677.1297675981 -157.130804185874 -112.265939277838 548.186655920804 -411.751905368966 543.635110760279 76.78136390482 1927.58961559583
54829.643771 303.102201224426 15.0154408550801 -4231.27719 21.44889785 0.301969853742716 0.152241507833225 -114.157804983339 590.002958082687 -397.676556097458 -181.167290663418 536.786739969873 966.892063445912 -1165.16541289494 -593.244844182607 -37.8994586155533 -377.688498981538 862.216644207139 -184.236091283471 -18.569162940631 -183.790942193034 2389.42193821264
54829.644951 386.024716083096 15.3507969098685 165.623743 8.374677474 0.302383111948152 0.152241507833225 -19.657592438135 555.958471519151 -494.199220131159 20.6790023115583 418.806498715655 818.132841038344 -828.967667395225 -539.147403412102 -149.778159350455 -144.537075575092 766.20956251743 -255.357544292932 -445.623847308864 292.069912384024 2653.32795615653
54829.647301 369.968934882046 14.9142234598927 -288.80848 8.057407097 0.302181059235248 0.152241507833225 -128.799710510897 540.968922596255 -403.380413954826 -62.2821167482318 285.741785127132 745.577037481343 -616.37488134244 -564.323844287362 44.2684235294345 -261.948821050139 660.0843460524 -335.762057490677 17.04186026491 -76.1154050890893 2418.4845339204
54829.648493 515.959837182145 15.5668764539824 461.051243 9.027082961 0.302723937125485 0.152241507833225 -78.804434110404 704.973406912136 -457.319802067198 -67.6522617467968 443.406552467777 909.57835440652 -746.471302057269 -385.158190941462 -180.419640667258 -230.370558489437 675.78806072356 -116.450338649059 -108.657991803864 149.864152443095 2202.68733002063
54829.649685 442.95259960565 15.2196050847184 1082.077774 9.646695388 0.303117071305853 0.152241507833225 -139.686793006474 600.308575758499 -525.477401335725 -96.8294262527689 463.25810702513 826.625764570385 -795.752189626249 -533.661738298861 -197.214959802801 -169.108740330841 481.541124158818 144.6519414602 -146.898382557299 -134.200482269734 2321.05891832564
54829.650866 322.154676084503 16.3038033567765 120662.4626 11.91732127 0.303346594629958 0.152241507833225 -250.905217818218 424.581353930746 -288.550182158474 -291.625793536677 375.153573219147 604.410888012138 -657.021378728882 -318.999728596132 -186.557852909967 -259.675640427339 382.917408901651 -11.786092162745 -547.264490787193 230.992715363293 2663.98916552497
54829.652023 302.468932059544 17.0807896089614 -1484.01986 17.01499353 0.303237459115428 0.152241507833225 -214.757641359862 561.580986476293 -451.605638896768 -209.679969677656 457.158992211086 1016.86991675818 -1188.46972775883 -663.413869789495 42.0386356815617 -347.143856205127 725.456163215142 -360.25097771305 26.7759195948048 -84.2879197469247 2449.94729846746
54829.653227 277.152160275119 16.4925993474761 1049.869857 26.8380234 0.303942163637595 0.152241507833225 -218.654112948459 678.022521884157 -469.098711587528 -181.819716584325 418.887491735372 936.597101224892 -788.966004202916 -679.988833377334 102.553820438225 -311.969249636576 464.821771292037 -29.3979888585671 -571.293197963768 860.72224129635 1783.42467073222
54829.662683 103.628530835752 19.392047289576 1641.612106 10.51419334 0.301884296074828 0.152241507833225 47.840168200955 597.137144608224 -562.60563134532 217.481600787708 276.98801627334 1503.88553263045 -1774.10272794224 -684.226224440386 -16.390043118244 111.142633231172 467.853482660787 -185.589250706505 451.2498000938 -635.918124246605 2528.08992023825
54829.665044 275.817410493398 20.2060583295877 5353.847008 29.39614013 0.301648371881643 0.152241507833225 -60.4315374277579 606.317114737829 -508.436623255041 -79.272034014961 584.607326112894 1117.07736104221 -1340.14483968866 -446.272834328374 -218.833472343834 -97.837324922302 609.314078569325 -88.210650639562 -11.299645852009 -105.684507299069 2301.9607335971
54829.66619 410.811746172443 20.3462977718877 1874.946813 49.06460536 0.301747288824594 0.152241507833225 130.27011507815 508.835217882202 -447.593934807228 97.5972971359561 495.619801585907 1029.64423208526 -1251.55327864842 -366.959089113533 -323.457581237009 157.196716632891 496.92065393313 -63.911273172505 241.139348977667 -497.261528993495 2323.77895974041
54829.672104 423.229875100282 17.269450722756 -14115.1072 33.07131842 0.303737435588509 0.152241507833225 -356.286840471326 883.615460721836 -492.07240556099 -241.738501535352 278.713033746836 1340.54905704018 -1008.37149751334 -777.947440326263 191.444584795666 -401.421947348484 513.586565627969 -350.179627694012 552.847509801457 -179.53464900757 2168.44163529812
54829.674465 412.192572098254 18.3684251799057 -466.74602 10.75677616 0.303843128281889 0.152241507833225 -256.468011162159 905.652652180426 -427.669082806748 -303.517476444151 523.291566342368 1259.9762961071 -1034.85865270503 -636.480340362685 -31.766188405569 -440.638122634179 859.810609589405 -384.057631247506 408.236411571536 -121.706913506559 2194.14673147803
54829.675622 322.308753418228 19.5970768973303 -376.22392 10.03039913 0.303820537841041 0.152241507833225 -234.736050367416 1046.83988765501 -416.266995381382 -310.165410969366 560.844392801664 1458.51726628177 -1131.65240960482 -736.742225978636 164.317248658561 -537.970275609634 887.579922822389 -344.973530852654 432.367390091357 46.314749680223 2141.53289002772
54829.680391 -26.6508574248123 17.3577705113323 437.251907 14.41520859 0.301795378028087 0.152241507833225 145.33421666984 509.541683057577 -660.946393928207 176.922557086196 674.528202324714 836.904886701433 -1098.72711640773 -770.033835748151 -23.221290561664 212.82560577159 261.261543975617 377.299269301188 -459.893523921407 -26.162810921351 2551.18943488504
54829.683909 50.475192709072 19.1534369243771 1833.530419 14.38828216 0.301378536008981 0.152241507833225 -172.877308896455 714.066950329133 -616.809038842595 -40.985618266691 399.431544477097 1199.72631231893 -1171.86475750668 -598.556605424065 -238.444624372566 58.927074175709 357.447644239356 -139.653540319041 -75.539656260056 134.537047336763 2655.69517269793
54829.686305 159.795143643533 18.5579497852592 499.612686 15.00171781 0.301966882188845 0.152241507833225 -269.958180873705 706.263006585418 -414.222213307145 -256.842004346958 410.715597734554 902.527433076998 -682.44624020094 -321.436242906101 -273.826702188328 -312.634290605461 628.007430695557 -186.083624268555 -197.640893570942 297.002157103309 2367.68916073631
54829.688701 238.122523800333 19.7428195467797 -560.28147 16.87959477 0.30193567476736 0.152241507833225 -153.703614658303 681.37065441048 -230.685890575907 -171.073583714615 267.606235692226 1023.41513693536 -808.91036404295 -341.394674300061 -26.3035333599349 -342.951298943739 637.889631996675 -254.054513101281 281.772818533609 -443.707039483789 2822.965790158
54829.689858 312.313136780338 20.881318420396 244.682275 19.00139372 0.302682303575079 0.152241507833225 -128.486685844074 600.330089025416 -53.193654449909 -295.593872069436 379.533887214365 1131.01860404846 -1207.56178280669 -179.688109326391 -49.5287951703129 -454.886134692663 875.452320953104 -465.090836536625 695.457499100017 -879.709548791985 2746.64768466529
54829.696872 337.655484637849 22.0626906111876 -1918.04778 17.15004087 0.303457856128825 0.152241507833225 68.67569541719 434.195906136532 -571.769120983602 48.586762013883 597.083248753634 695.097153052377 -904.456419046574 -843.004805063878 66.153551478703 -276.852273904533 952.432335654435 -57.4489806442371 -557.24725894897 61.4239898852098 2834.42359040062
54829.700472 15.8043149595941 19.0698406017861 -1766.37412 11.46317325 0.302959566753046 0.152241507833225 -237.598984679213 757.33656527574 -638.142415969888 41.810311955948 133.544562592901 1091.66136765892 -674.127872519779 -444.340657658729 -401.753137410014 2.88737779733901 596.252705282087 -518.095186643625 -590.520750273081 1072.75964845522 2371.96459242696
54829.704025 142.484083985152 18.8034287123313 -932.4084 8.963636418 0.302162403015242 0.152241507833225 -75.644064542403 837.732192622837 -343.129519196202 -217.57133909395 628.117134646072 986.561253925176 -757.015297466105 -324.322707815295 -163.495295153608 -333.035202461152 779.557852317332 -80.9007797420861 476.077248355758 -422.686628226796 2187.1911834906
54829.706363 -8.0116645189539 16.1604564478878 -299.37836 10.61092844 0.302207869975469 0.152241507833225 -290.238373290782 672.068238112254 -561.60966898689 -60.547955722677 126.572762804522 1269.02798148214 -1184.17940480943 -704.333171903932 -19.308409287981 -136.009894543468 522.539579723644 -598.990637620549 168.629114769134 197.842926821341 2237.55769604121
54829.708747 179.887319543378 17.9353479582293 606.955449 17.29501482 0.303002589145096 0.152241507833225 -233.827765577179 871.731509125885 -616.572940491595 -18.889528078554 202.267764572698 1170.94410571716 -675.374823333444 -640.748113850792 -168.92776940158 -246.313474200308 813.649764167743 -501.039606316659 -226.01770253714 708.288871520307 2425.56780914999
