Time RV eRV Halpha NaD1 NaD2 BIS FWHM S-index C3AP2-1 3AP2-1 3AP3-2 6AP2-1 6AP3-2 6AP4-3 6AP5-4 6AP6-5 9AP2-1 9AP3-2 9AP4-3 9AP5-4 9AP6-5 9AP7-6 9AP8-7 9AP9-8
52943.852843 -1.88938890045543 2.13135529328759 1.0219279524033 0.537190330799188 0.389232297374692 -35.9285 6.721782667 0.174102295673089 -1.28585749828738 -1.91366704161893 11.4247122608818 -0.84264268307568 -0.61356724400036 -2.01946819106759 7.97752818711815 9.625246462447 18.243230060071 4.85596139745915 -6.63497355561166 -0.68305492415945 3.67670963447 -0.26691014069305 17.2831144586199 -1.1325922111551
52989.710229 -7.33862486318761 3.22379490891136 0.993635794736302 0.550489096110885 0.378179831059874 -27.39691 6.719010621 0.158696648052905 -2.4284843562759 -11.2896793944882 15.9619550178924 -7.0704728769611 -12.543472835896 4.9920631623092 11.0017217520934 5.96658345450156 -0.0641386032687903 5.48107240545749 -20.2297641295834 12.1986708529757 -3.86432023329734 10.85695020098 10.7778592819695 -11.5326073961258
52998.689818 -0.215475317180737 3.99153555850567 1.00647503939966 0.528184194284199 0.378574013791196 -33.53308 6.701207346 0.154263850095 -0.624758778788928 15.9501311397712 -16.8299178305457 -8.03505413878014 19.0042269628481 -2.43280015718189 -19.3863145778616 7.86685643148606 19.7383247608663 16.4612577784027 2.44454664767671 10.4992402529355 -4.7192546700478 -18.9662863248556 8.78155355367641 -14.5481397110576
53007.678652 -2.34009416752986 2.21164756982248 1.01212931579335 0.539469103262115 0.377565786859941 -28.61243 6.718195328 0.16587630859762 3.49654420685988 3.49654420685988 2.22723847066578 10.9383281977901 3.94178542435528 -5.70733280708722 2.72149498318976 4.63819790449895 3.93597256640069 8.84136021779834 3.3920145560581 -6.69502884470985 1.29526983293535 1.21796983559552 -1.87814503462745 16.2983773158681
53787.607956 -4.41097227753383 2.63310734486173 1.01331993660418 0.545488521404157 0.380851034968473 -31.30717 6.718537081 0.163774426312821 0.890955027939335 -12.6653976492953 0.53066708861525 -6.2496839685265 -17.5401470270613 11.3497540373517 1.34352600030781 -12.637279352419 13.5764375328235 -11.5104769101741 -19.6084595724316 18.7101499770886 -5.70401482101355 5.40810910329703 -10.1162935781593 -7.1135958659339
54055.837544 -5.48607608899034 2.02256803898109 1.01269679750778 0.542080464604306 0.378542533169709 -23.94947 6.714516715 0.172677367108206 1.26344460549288 2.6663801987276 4.35084588816348 24.0053455430028 -3.36058745714095 0.29255009760164 6.83458294717275 -5.71715598702888 36.3058546042173 5.49404562563176 -6.46233720303034 6.12873007175903 -2.39223098490072 5.3861461459024 -5.76119864785403 8.14493631031795
54789.720797 -4.78627588183742 0.845279815289961 1.018537497864 0.546238154035615 0.383420906113647 -27.43062 6.722192167 0.175317120346932 0.27292799950211 -1.52515879839758 2.24533344592451 -2.06821303858691 -0.61621078140212 -0.57410312584024 -0.13677010968322 6.03605922946789 -0.15369645118749 -2.65892765222712 1.44986727667921 -3.42073531821443 1.58493361410898 -0.16804295567995 4.04892214511854 1.72808905144168
54790.694336 -7.22033527972348 0.925805539388273 1.02019148340967 0.545510323001484 0.378431118273663 -30.82875 6.724200167 0.174860716618853 0.6708316875606 0.6708316875606 0.42455720231752 -1.07047371371436 2.91016003122288 -3.56625264545067 -0.0306257865895301 4.69062594734874 -0.184783348202489 0.643925462076069 3.16419608032711 -4.53244820102022 0.57974798510911 -2.12368343602899 7.61126830463863 -2.37751349624845
54791.705573 -4.85516867972487 0.862186621078245 1.02309060665152 0.54451569732874 0.380771285592491 -29.54244 6.720599448 0.175914290501784 -2.48464790558348 -0.9758179895351 1.33693016841169 -1.66700619182509 -0.0663570205192805 -0.78490277863932 2.98650788148253 -2.95186871011333 -5.25528812075028 0.736828265843419 -0.96633551757708 -1.33534436321519 3.46416841024088 -0.55195529157387 -1.39971670767023 4.32931260552074
54792.704251 -5.02042721223277 0.821418747196282 1.0169211954026 0.543109018440729 0.379883163581695 -28.09245 6.728646234 0.177268619576007 0.0755021444431199 0.0755021444431199 0.81713357678663 -1.49415020256391 0.92633989879249 -0.75976513554593 -0.14995416646064 3.00306267872151 1.47732983716221 0.80316349346433 -1.0862282533574 0.43529650730481 0.83422839923746 -2.83885415910755 4.06123898309398 3.70929228899561
54793.721123 -3.34570135585486 0.916227005371257 1.01986633122973 0.546152511166516 0.378930703299841 -25.27607 6.727733754 0.178153855915388 -2.37705422770275 0.04137063244979 1.53021597390382 -3.83440090967301 -1.22992348175215 4.26309236686054 -0.23061488857031 -0.35285115817756 3.2416550773726 -2.87115281655986 -1.94139621702694 1.30065452283613 5.72292334322642 -5.40255867009555 3.74594778221083 3.61490123823334
54794.694604 0.042972503361785 0.91296187819843 1.01980917173317 0.546053676793185 0.374588652171498 -29.58692 6.732042432 0.176128551782168 2.70764932188167 2.70764932188167 -2.06278815330995 8.97098418364456 -0.12929380513606 0.54970638667143 -4.35378029341285 4.59509312986169 9.84589102701144 0.790795457732056 -1.27272020131432 4.24096034926092 -1.29154971234794 -8.04518786096513 9.99376606689364 -0.87414642439868
54795.715631 0.484635908010076 0.934179572721765 1.01963326121338 0.545587095557032 0.375216484533024 -29.54485 6.725918613 0.178951831996524 0.754874946224619 0.754874946224619 -0.536345908360635 4.44805167158103 -0.16479424316491 -0.618667576907337 1.20176117622641 -3.29852095848041 9.97637960722004 -2.48652200860809 1.80327164935436 -3.46641054214853 3.19259476792807 -1.16392044340237 -2.6845656425652 5.98371603419463
54796.719539 0.510280742824726 0.979413615384375 1.01435980568157 0.545721833520383 0.380484350450814 -30.32875 6.727873278 0.17852488738742 -1.36386189113811 -1.36386189113811 2.68513820419773 1.3828672624494 -0.918908770046839 -1.53096715965076 0.89288932184904 5.66215852122045 10.427183247456 -1.0772427619065 -1.91922745952609 1.21227417560388 -2.95231652904037 -1.0660810264418 12.3042442144298 -7.38555814750047
54797.705125 2.19154073029607 0.93120674351652 1.01890018486719 0.545174588857329 0.380448345570838 -27.76569 6.733216437 0.180355914038493 -1.72200667317019 1.30930976760579 -1.63972749559644 -5.80273174920281 0.834517970600916 3.89764847634333 -1.72587507272243 -3.8133161887867 -6.48479760152004 -2.6829765182613 2.39823761107273 -0.83830617173734 4.41933996267055 -3.22445389317557 -4.00004848088186 5.87969428545206
54798.697228 3.18010854199603 0.934475927378189 1.01776193900827 0.547679850770457 0.379130641254798 -25.13546 6.731221961 0.178422716939398 -0.0623697822968238 -4.91734241639334 -3.24175709828545 -1.893478241089 -5.93374482402464 2.86500759346371 -3.26352064385919 -2.91136886162763 2.06361350985793 -4.43405448622728 -2.96078475970112 -1.15053654332344 1.8516898853681 -4.42099796475409 -1.85336805019196 6.84106735544701
54902.590755 -2.66549728601976 1.97187316923271 1.02316138517979 0.540956862988812 0.372140796594993 -21.34014 6.729228935 0.184914006222067 0.63873615882435 0.63873615882435 -6.06604184969437 2.57362811262854 -1.56103484255282 2.84114407365769 -5.4253701755734 -4.32869626706756 7.83667747275309 2.6596118603189 -1.9934415300862 -1.96676840278584 5.5936853567327 -2.10813374185241 -18.114597273195 15.0221143354077
54903.517267 -0.494034885636337 0.817687873928478 1.02235831167962 0.543877165516187 0.374971167746134 -27.68523 6.726662267 0.177377537359981 -0.573395184077678 -0.573395184077678 1.83294814563515 -0.724549648602863 1.49701952934481 -3.36700833910344 6.35416206000319 -7.41164117465566 -6.04409878890021 5.03554138325038 -1.85202070011335 0.0621700442498819 -0.931933164787757 6.78929100670356 -6.55433926964997 -5.63558014666811
54904.518568 -2.6627849388584 0.928470468330007 1.01878833630993 0.54101259433385 0.371696728447436 -27.18869 6.722670367 0.178814279406971 1.07142894542351 1.07142894542351 0.72752062623333 8.44974740620347 -2.17546332004418 1.5252820163858 -1.25475915601714 3.01874783157615 4.98160427012439 7.52247564122607 -3.83915513627069 0.65320960626269 0.87173970021412 1.61186611232766 -2.97394608494949 -0.38019340083335
54905.535529 -0.652212092447177 0.921732978491451 1.02062499051585 0.546131088113313 0.377945304030733 -27.97782 6.722942401 0.175125893024604 -1.50584392750441 -1.50584392750441 -3.0948692751999 0.880132630753881 -1.59825537361195 -0.297311372877072 -1.1495058535066 -4.2581928581751 -3.75791453022669 2.20258967971948 -1.33742337271751 -1.18866588096411 0.19801856618319 1.31439859950087 -8.9976553190653 3.30492103431246
54906.518 -0.422060797183219 1.06776159337551 1.0229764231638 0.544319478003761 0.377767439835961 -31.02144 6.723859745 0.176070469806855 -3.353822299758 -3.353822299758 -0.6250344509977 -1.00515933365271 1.09083951326903 -7.61692968726065 2.17335177214095 1.51207995081391 -3.13957919241178 -1.22838873195425 1.55434899490875 -7.43377418800533 2.69577202428187 2.48642094718526 -8.99257222981425 12.8581977667657
54907.564798 -0.70435865222142 0.934047088622964 1.01911771710203 0.544499509658179 0.372694727701075 -28.88127 6.72704557 0.178197752498734 -1.23862932749634 -1.23862932749634 6.1191819791152 0.09195231800252 -0.276658098022591 -1.78233084991023 7.27386440454184 -0.83692878608582 -6.78359503629476 5.12492541291239 -0.320045532188226 -5.29618228392046 2.97980489718767 8.22267789045259 -9.52889543686214 14.4593723799904
54908.560382 -3.03234850596649 0.833577564924563 1.01942572272814 0.543297647599531 0.367930107408759 -27.94713 6.720841858 0.176916000637613 4.13955173933637 4.13955173933637 0.997077821437667 2.45099895943958 7.04253975053411 -6.63366353394315 1.85481918105304 5.18854083769045 -2.52001156480602 4.44292920962744 6.49360677014971 -7.7693303662391 2.74118958552122 2.47131176621054 -3.88838682366892 7.69372240207064
54909.538004 -1.56771790261993 0.886502133003548 1.02478282911618 0.543527748228117 0.366895126242606 -25.45117 6.721356301 0.174611212520045 2.45644639282802 2.45644639282802 -1.08653180131847 0.38822223478001 2.99891802465079 -1.18717919987405 -1.12885578796578 1.34205108529868 2.53189180140812 -2.42320721836671 4.76089774143633 -1.45386240492506 -1.50309079834299 1.81384942018521 -5.27706896852564 7.10841021155239
54910.538506 0.264880644683701 1.14966340652318 1.02168935314481 0.541548465419841 0.376293137344762 -27.5061 6.726820449 0.178080104269214 1.24896663643879 1.24896663643879 -0.485530706420765 -7.70637739394703 5.90961625399168 -4.55572505483305 -1.4540715344237 6.84527200744187 -6.9428651792146 -0.18241926295922 4.42485998646542 -5.06200056967214 3.08794620468538 -1.45377228027882 -4.30429998792545 15.2413701480417
54911.542724 -4.03705352344187 0.783143775467169 1.02251640619481 0.542347422621028 0.372582345081298 -28.13356 6.721048209 0.176423831521853 0.24353253239531 0.24353253239531 3.39783661878016 -2.78518208934332 1.31343480877283 -0.50600348116394 1.39066912461805 5.40193041800007 1.45021048862914 -1.65458564112604 0.95304987633027 -0.10190351729176 -0.18203105895174 2.25019167870076 1.06983708851573 4.05466238665129
54912.539292 -3.76846868553809 0.768229935245401 1.02317208168967 0.541242707292321 0.370687928974477 -25.78073 6.718782905 0.177070129466602 -0.413874284662109 0.7901163049671 -1.05851052094365 -2.20815289783213 1.58332751194443 -0.27686885107113 -2.69717854209292 4.42087179518045 -8.40945664222896 6.13296153896066 -0.31666754923404 -1.65735932035426 1.17107034825311 -0.80755526712156 -5.06429393535344 11.8201650421524
55284.527213 -1.43404891073887 0.758859044844496 1.02244495189661 0.543901067367107 0.375819555878009 -28.426 6.724461266 0.180150556081792 0.264109032018997 -1.96655878943705 3.06968241672707 -1.18614543417527 -0.35760347668349 -2.33212865897726 4.75003699296034 -1.4264215555676 -2.80950626667278 2.89643655759211 -1.86069029313354 -0.303104909636 -2.5750524787282 8.62603565176481 -11.6341302336464 12.5217654687777
55287.51091 -4.97005864056189 0.905303864035251 1.02336641076446 0.541191795611384 0.372280806532829 -25.18615 6.733013601 0.179448492389231 0.175179739182131 2.74169257061289 -0.96853158512168 -1.1753255713691 3.06860297579632 7.79045145495871e-05 -2.30192560109729 2.98773127739503 -1.50651039313711 -0.70038010710494 2.48620905915326 4.1088012855795 -5.49850842872525 1.41188527750375 -2.21548398923586 4.86303227894659
55288.528578 -5.26509510556755 0.779541882910665 1.02100260468548 0.546336457131256 0.372745089072392 -25.43598 6.730408477 0.177974116149685 0.456317508795976 -2.3476338236558 1.85670025633178 0.740769345282231 -4.14532920409807 2.87197222782487 0.18720794557975 0.86678817265679 -5.11343684525312 6.51068283745062 -8.21387645758862 5.21653761336845 0.0547990813175403 0.26915255856707 0.88278053144059 -3.37027774570882
55289.546025 -2.08375544832902 0.813022496004004 1.02301996141781 0.543920240883958 0.37589857861335 -26.29487 6.723597996 0.179597517580835 -1.47603720655779 -0.66657403977378 -1.51783183391909 2.22223783544992 -1.2430310050809 -0.0997701837803198 0.73529108666994 -5.08427369561602 2.3330281767245 3.28884868312702 -3.95220791205597 3.98850299390125 -3.43269763417934 5.6972495779063 -10.9092415976507 -2.42589123999218
55290.509538 -2.09850267111483 0.912265554814524 1.02159879674227 0.543898977818321 0.379339904182449 -21.95988 6.727323942 0.178764127559925 -0.525499570445757 3.12915059154294 -7.02634004368867 -4.09796869040644 4.1440499011866 0.261473878908104 -8.17961886017845 2.35623254619381 1.74199826539909 -0.27024711533058 1.88133485093249 1.13031017585895 1.11120302619585 -5.79624798943669 -8.34712050787964 10.9626933972286
55291.521662 -3.54008654148455 1.02604057053034 1.02047625022861 0.544005411282372 0.374660038242279 -26.85597 6.734675042 0.175659800941173 -0.909928250701879 -1.74192380175715 -2.79012837928791 4.77129571639573 -3.36734347941447 0.55121973641063 -3.74934460395866 1.58846668179081 -1.18334904337887 2.14519372330732 -3.94155215462579 1.03560595824387 1.83555135666943 -1.64229861443167 -10.1825627449678 14.3214491234791
55293.504382 0.188928241784209 0.993565524592424 1.02206725483907 0.541465424335376 0.372932722486974 -27.39322 6.727221021 0.177072532710215 0.52713531326996 -0.986874998957373 -0.875245742201333 -3.61332719758843 -0.369738842050087 0.707756519184947 -0.667931140971112 -1.20395282903458 -1.3991335885095 1.70317488890989 -1.25635052800839 0.538452482308466 -1.94076895540985 3.1024167002609 -8.17188479470101 7.41364236754349
55328.455022 1.02046716782759 0.810929298643914 1.01880259408847 0.549205441645363 0.379036807845202 -20.73864 6.735385584 0.179644832778792 -0.406715958542032 1.97298239622745 -5.68540599534897 -1.91966306532461 2.28471433201043 0.29904948984198 -5.23483769415155 -1.32101571639695 -0.469701192555501 0.258083346775843 3.16966068076044 -2.75338186626844 1.63969502176225 -4.70804985235006 -3.36480988794152 3.55575157081644
55334.456439 5.46957811369579 1.3836129884956 1.01877033569245 0.542843672947618 0.371367178171613 -25.33042 6.737322945 0.173785691139196 3.60801462713311 3.60801462713311 -4.2361913859478 -2.32382506915916 3.78436339478434 0.66211783688308 -4.79079673599234 0.59070730928029 -6.4350341192929 0.28887571101999 5.22711770891039 -4.41623179384109 5.04892029555961 -8.03807014600714 5.18762345246158 -4.27068117228024
55387.930507 3.27511345106972 1.05229108932098 1.01867072742613 0.547572986117127 0.377872980374702 -27.29203 6.737650349 0.175902864557124 -2.58894576395295 -2.99507407486626 1.17957992099162 -2.89656527820464 -3.60001181996883 2.2812703252755 2.63717529062878 -5.41460571936824 -2.44860651708152 -4.91496120176235 -1.26181107455215 0.72169240319607 0.21744949121111 0.45646464219481 0.92961806072652 -0.78749409691544
55390.931219 3.73011442419934 1.57464975991262 1.02112412961657 0.542252223877876 0.382896515032793 -30.24277 6.734978249 0.167187398329542 -2.36826004067684 -3.40937729754909 -4.51582200983567 -6.16083664578882 -2.29310999042265 0.72209414760906 -3.5275745033721 -2.84999486643158 -7.11281516118221 -0.806220081547551 0.26089933502324 -5.73597249875996 3.45410002050139 -6.45040839800215 5.55164470809936 -7.31376412564714
55434.879063 -4.21713775015178 3.18822415291499 1.02227708699598 0.550945283876751 0.372861315165043 -31.59024 6.740534098 0.153452530968946 1.03421116405471 -2.1962736600004 6.45727874899257 10.7784986423904 -5.45450559122042 1.44533708994485 11.6620671321131 -12.6025294423122 41.3181243044515 0.871274324706013 -12.954142907552 15.2260984418441 -8.83885741908789 12.9848608516467 -9.05843427675837 -2.58306312438101
55439.884341 5.98847810010662 3.1233606336591 1.02192559498605 0.543930307185469 0.371816698500158 -32.80886 6.723476699 0.153880873666338 0.725921481856981 -18.0293572970568 11.7993586066265 -4.7930465312266 -27.7597472923696 18.4392171664584 9.61481457192638 -11.7514839628978 59.2611335724851 -25.1187712015542 -23.0137272955969 9.07528399462416 10.7994071639664 0.326779915986189 19.2539061815239 -42.5778958343465
55445.924164 -2.05601072684974 3.00159302452787 1.02500954041826 0.543650866461282 0.381193793573117 -28.30511 6.727792956 0.159931341907208 -0.333965909134427 2.30280961858511 10.9216568009116 5.22137164558991 -1.36717605944585 4.29656546246804 8.43151148489655 1.4984974915757 -8.19919646464683 2.16795509324308 -5.02737766837241 14.7081371805377 -7.92103481016146 1.93023902158595 20.968497964487 -12.7066405023803
55465.856623 0.805530149874345 1.42795679073036 1.02345665388707 0.543326750200343 0.385913504066803 -23.18236 6.731851084 0.175806313274806 0.194279834155963 -4.02257971870185 6.05010458896946 -5.84424159102206 -7.26478401298807 8.43895354160406 1.2676565053948 2.45270347583093 -2.98018391570371 1.030899011757 -8.94576711930356 4.79069237624858 4.18552405614082 -0.25610394822671 6.12973493220917 -6.63727564503875
55480.87956 0.625893817964715 1.15662835245518 1.01651260362963 0.54216984094241 0.381072853372442 -27.09692 6.728472883 0.175641293661837 0.813567697544238 3.17545709478727 9.70260496124456 -0.5242965503313 3.74753051928343 -0.773961631707135 9.70050938132961 0.780532921637421 6.75816639261229 0.94455542206365 4.21108895442435 -6.43668939354823 5.74384536584811 9.57824029220546 -0.0385715350795 -7.02784981542263
55483.813602 -1.87452197196209 1.74080985465702 1.02277318827522 0.544034357053786 0.377089862481806 -27.97179 6.734016846 0.174567416740483 0.861749974519627 -2.26724015545727 0.11287927594126 9.8147270393025 -2.54567803777983 -3.81358050177178 5.45481492044355 -8.21426654775992 0.14211449420664 7.33194082384063 -0.86070679217367 -7.43206181703543 1.2384835972258 1.59790132789487 -1.27239552953567 3.9975563962481
55488.826231 -1.48370289447601 0.774729758184254 1.02017881942636 0.54450740641751 0.378899945668967 -31.07794 6.725479646 0.175687932212202 0.338159672124965 -0.40413104699402 1.58027631136593 -2.60806717754609 2.55864250137677 -4.04052942526874 2.11015505838837 2.84780630243088 -1.20745908708665 -2.28506119708185 0.91678429393953 0.45562832030965 -1.25996936911989 -1.89008868626035 10.44544861283 -7.99227291491384
55494.853201 2.17665542735285 0.972196746388728 1.0221259881256 0.544182729294814 0.381245605915297 -26.88232 6.730946981 0.173806595181716 0.675948871467627 2.44113716263606 5.32184133472445 -0.939398588633959 3.37355793743116 -1.21805362274491 9.03716451545172 -7.21149315331462 3.05753890002966 -2.39384393038666 4.84163199726056 -2.84133597937901 0.652862360473333 7.40173617444217 1.59549119979412 -12.3366230183046
55513.78231 -0.821804704284925 1.3052415958682 1.02047409263706 0.542890199577566 0.379000756736482 -35.6019 6.740831799 0.176553789665302 0.406471705753767 -1.72352355898869 5.32038236403939 2.75246821765484 -0.0956141739994939 -4.13820842087043 7.61411613637468 -1.10733455907806 10.0703053150923 -3.11423024553244 -0.795829079822635 -2.0515412327376 1.96031867231158 2.51171196962966 -0.278258555047655 11.5063190544029
55516.751579 2.82187662960793 0.956993204707861 1.01935094339457 0.542344810472174 0.379736994707211 -22.71731 6.736789385 0.180053464240497 1.2248506922811 -0.09584219588472 5.83307313350002 0.47068817355282 -0.67320043379637 0.80654029961081 7.34452168161164 -4.21613426728969 -1.59152069894043 2.34677395610066 -0.18890524563233 -2.11835295465106 1.77268349915115 7.17031012225963 -4.28346124638438 2.97374345169082
55519.704653 2.1729531954867 1.2139896859851 1.01778722533237 0.544467594707951 0.382330808954247 -21.9552 6.735815079 0.173273086696794 1.40515545288788 -2.32261648375638 0.46482190252915 -2.26394600497556 -2.17325504186729 0.802864261976123 0.35411031754535 -0.53524888298744 1.64781458155977 0.97410366717989 -3.95716212679294 -0.336304049328493 3.37770193715458 0.29623791224157 -2.24900895718523 -2.8752195818597
55537.799729 -0.0924543155939992 0.74115653692705 1.01831943544882 0.543791132135194 0.37633991874331 -27.01045 6.730296611 0.180902591077227 0.610100458102418 -1.84100704343807 2.54383387276838 -2.40999490318474 -1.34118088689225 0.22915488624371 2.44059628677135 0.00734898413701002 -5.43723649191604 -2.15173990450581 0.435039010770527 -1.71477031274305 1.26650305865738 1.5566538457684 0.671857319443667 1.95043290708575
55545.721366 1.87714033277913 0.874631522199026 1.01885606214534 0.545331029032547 0.37323238346282 -26.68736 6.737597298 0.180098785948054 0.741189343792845 0.02503421501454 0.73328572942785 -3.23698771514971 1.2316950172868 -0.64064903744714 2.51586007018355 -3.36923732707813 4.89051225262126 -7.74094959295605 3.07854761656344 1.298592378402 -2.86011762165715 1.51750372623933 -1.49728677130941 6.92004734182613
55549.754856 -1.38552937905471 0.852206769490501 1.02166888785482 0.542112321049051 0.37735714744899 -31.97836 6.734545699 0.176240810006087 1.57744666618013 -1.58508738704756 3.90245360628902 0.2734212085014 1.0237712290317 -4.74758869301719 7.18213413629154 -2.79104464281688 2.81497223751894 -0.305619451804537 0.904719936892917 -3.64666877484339 -0.58544849668607 4.11510365397803 3.60207084289801 -3.09102458869162
55576.792348 -2.57409557348396 1.02724495890603 1.02429185030603 0.545867660136622 0.38294348440717 -29.17951 6.733682637 0.170491190506532 1.27228150975715 3.10901538204614 -2.8169126273263 -3.81395467123926 5.18284280985681 -1.88762863570966 -0.30398455709514 -3.86933961503005 3.36132570409205 -1.57877013281322 4.29703479189506 0.704345602203186 -3.5973788123682 -0.1428695156645 -1.1085543993794 -0.11368853802824
55580.731252 -8.67789383500506 0.916366795784939 1.02393180504889 0.546340967102521 0.37221106616384 -32.94737 6.729422526 0.174269528034544 1.13181376938917 4.61310192920542 -3.31378426142687 2.9920955065851 2.35842936964538 2.59562488409513 -2.58021959322567 -4.22237329290874 1.1003725012507 3.8535390756064 1.0974289309614 3.3771934015938 -1.64468921108577 -3.39417492952493 1.68187645504533 -4.31890581430793
55589.773409 0.126470873425784 1.4348165278161 1.02247757829351 0.541899999971565 0.364412263749883 -24.59214 6.733730692 0.172770284357839 1.563617155977 1.88137023872808 -7.34474673805276 1.70324573142014 0.852752815994089 1.05400279021281 -2.24952773702111 -12.2490686120345 7.60528312453646 0.501049236244509 1.16548702271389 1.72273071113773 -3.84785511870482 3.06097478879906 -20.0087118690926 12.4717754898427
55612.606885 -0.430903048290778 0.840690340164952 1.02437413101643 0.543025293666476 0.374944684303264 -25.58989 6.731090224 0.176388631343776 -0.16197048771887 -1.65991930918302 -0.741275788787867 -1.78601125368233 -1.042205638438 -0.290306987953555 -2.48359849668302 4.21537423406534 0.17418930033227 -0.976489933874563 -2.08330851192375 3.13533548955459 -3.46927020388353 -0.25861556574974 -0.39620090119759 4.40706886785884
55623.636183 -0.77113498826509 1.21313246119054 1.02644754640706 0.538775660537027 0.357228419506003 -28.96041 6.726234068 0.172646227958855 0.945015364310319 4.10715966996173 -3.81766352105511 -0.16985733466467 3.20074212532872 1.64993744947384 -0.7595341316898 -8.33206324664063 11.4432199848963 4.69244442947894 -2.2975007400951 3.72334021568552 1.89064407595836 -0.56802953291551 -15.6206479206106 14.3557137136567
55629.552839 0.670643789682442 0.963247969794326 1.01841493513951 0.545668318337408 0.368367741304716 -25.7108 6.73234596 0.17281507412909 -0.0362540711248014 2.5505912827332 -5.12823883844524 -2.03202769080314 5.55828417257341 -4.38109832355825 -4.67240775810392 3.266088436147 -2.00238657880173 1.2314767811592 3.53951489667008 -0.20507062848784 -3.1931394062748 0.686258037397353 -12.3571442217235 14.8812324245733
55641.554211 0.329219336723529 1.02020853374175 1.02258553354437 0.541460376315934 0.373138023864328 -28.91304 6.727205976 0.174693930986728 0.270403630197843 -1.1277805463327 2.46560476825288 -2.76297893235887 -3.84121584391909 6.17682974618667 -0.11225013039633 -0.34152670753238 3.18376744317015 -5.11087053110456 -2.64727488278672 3.77151733711416 2.54580391038384 1.30257550973254 -6.68127890762535 9.59856594290353
55644.584503 1.84849496050465 1.2508750991243 1.0245174261246 0.547461637153867 0.379209669858135 -19.09151 6.740106302 0.179540602124629 0.760173319298978 -0.82778851212924 -5.1537120640758 2.13898392115551 -1.88871681376199 0.81125650728859 -5.52211008685609 -0.05782012923529 -5.09090282755532 6.29780602450576 -0.84606116303995 -5.77555280880498 3.87221507747159 -3.49333035853673 -7.3073899925713 8.87469035951337
55647.579669 1.02386263969906 1.37928534704618 1.02009111672193 0.543061328149225 0.377527271359724 -29.10657 6.737561762 0.171409631438782 0.404918534934225 4.14455913900199 -5.44289157899431 -2.87001774866617 3.72527107707561 2.0769217170832 -3.98362504728361 -5.35912071304541 -7.81180618251126 -1.44922669729772 2.95293152322621 3.02634869186165 1.73269193690174 0.381222996908661 -11.0068596687766 -9.10541107956128
55904.844515 -0.864144851521337 2.42099237689973 1.01763222570698 0.54455735321907 0.379402334977565 -40.68989 6.747446235 0.160620495037897 -1.84243469148842 -1.23789738099315 13.5102347883029 0.12096633838338 -12.5710848678105 19.3448339280348 5.20834040610047 0.589258562339959 -20.589088079959 12.5389008264584 -16.3837897835767 5.85594516562801 19.7969359802874 -8.64916841764613 14.9255300751034 -1.254052712143
56215.832872 -0.215294997107913 1.43113074727665 1.02248848975764 0.53830017354097 0.377833296867478 -30.20007 6.743549313 0.172535210296335 -0.925886616169247 -4.90881861994033 4.27472166830556 -6.73206577397409 -1.21385568431192 -3.60522860590746 7.8879623791161 -4.64730407926349 7.6868643812847 -12.8337039080143 0.0896396379159801 -0.89442968171629 1.15216973773776 2.60744237222356 2.44382826475085 -0.69095995990029
56218.796231 -1.41522461732998 1.90585621481954 1.0257319586909 0.545507679210032 0.376796220005385 -28.94277 6.74024773 0.16722314187856 -0.0661191169269476 7.9999616597063 -1.62622833854112 1.45120558463823 6.89141981981026 1.35365423759529 -5.85778708564979 8.10437889980547 1.49144323350822 -2.97184620827409 10.3040329705765 -0.73241690496219 -1.84255411783591 -5.37359405261499 7.49419282757727 3.97807848283978
56218.869392 -3.83648540276951 1.66583903972071 1.02350346222156 0.551307784161594 0.386187765959016 -35.10501 6.739297962 0.171115452183265 -1.02155400765218 0.86347976647003 8.07856534935424 -4.97788605375263 1.9703290791332 0.136337234712131 9.11901630780888 -2.5101805131155 -16.1831623344676 8.82094438610422 -1.95598754990487 -0.49552128943521 2.34694603407509 6.4940019645615 -1.3268805401544 5.04252854098558
56220.868347 -0.647156458347446 1.13055114937015 1.02529115254911 0.548239089936072 0.379895630448441 -25.76713 6.731642531 0.167785898250998 -1.05683443773097 -2.57546005902666 2.11166129515148 -5.46771099357203 -0.830543692463574 -0.72678608558406 -0.386647968783 6.31435881914165 -18.1030643188904 0.452202499278405 0.922844565219828 -3.87902924546451 1.81069373002051 -3.26016017059311 9.26343859659384 1.64762897441526
56229.71839 6.09776841562058 1.69874075356729 1.01545818809331 0.547188960590922 0.376960489787716 -31.33206 6.740830768 0.170547897704815 -2.70181421360703 -7.89258380347282 0.38219034244043 -16.4206309310914 -2.45594270866071 -2.76616925526435 2.5692743298606 -2.25272122845978 -19.8069168011208 -5.14627508159465 -2.24000243089027 0.887178722704721 -6.09766749825581 3.11504143427242 2.3406927778081 -2.8102594369331
56229.871401 -0.389654100495966 1.41464688314304 1.02446591447327 0.541119171577035 0.378297794827014 -29.16005 6.736856437 0.170529685259092 -1.74650080820948 -4.28018879841777 2.55089760435168 -10.7975841359434 -0.597446557584142 -1.95008722404311 2.89952597042399 1.09824482628735 6.57377796596234 -9.5671333624948 -0.99805870284672 -0.36593873356449 1.03101899453096 -0.11720780929883 5.11899922674165 -3.51419909413449
56230.6858 2.91423662377728 1.49934785922424 1.02287842887126 0.546804434958379 0.379401396135831 -27.20239 6.743881759 0.170925690992945 -1.85883577629345 -2.66101700528333 1.21300917649206 4.33543993933557 -1.88955313957234 -3.03761680720919 1.07254075977055 3.04753170798813 17.109048652717 -3.94732315407751 -2.67582112396433 3.08688843089839 -5.09160255251212 -1.95887128780172 14.0215750214761 -12.586219759748
56230.845813 5.13570200312064 1.35168222280924 1.01836116821469 0.542753932692221 0.380658225140896 -28.58699 6.736591594 0.170783915723226 -1.75288618180064 -1.34299578101993 -1.72678201724223 -4.53940319615944 -0.60765500487031 0.58539907086151 -6.75642308126218 10.7475642580856 8.8575545129337 -14.7963251804284 4.96722645308349 -5.74135988454402 8.2094648246397 -12.4694669451281 11.111972763274 5.86922682408979
56231.733465 3.52031294784452 1.56156665996305 1.01904250521193 0.540543662839244 0.3781353383674 -29.45852 6.749040628 0.175596102677622 -1.57227057079628 3.92222471046394 -6.00706557326262 -8.89811208616216 3.24216799254593 4.80411223738905 -9.85906761570989 4.07479072075873 -12.1918116290876 -2.03699270203658 2.69831516354052 6.77576552805818 -3.88425742827589 -6.92269795306287 0.21007663768894 5.38772129024129
56231.860735 2.29556524447019 1.21816782822816 1.02020053091898 0.541047409126447 0.380941259975683 -28.34724 6.741428927 0.172369156638253 -1.31352822334687 -6.56127464274586 0.885266789225008 5.35873526153276 -10.3326706917607 4.34417829381045 0.99685766057942 -4.40459004909465 -1.52090170841535 5.68404786946715 -12.0117000792819 8.16700846272263 -6.37058453426618 1.20800558045766 5.47113456525134 -9.56545640398278
56236.660442 -2.46474046312279 1.5297370925879 1.02029812157527 0.541608063894429 0.380413616529233 -29.56068 6.745225421 0.177965341938103 -2.93493741781988 -3.12649236798513 2.52502266022262 -1.67312592324537 -2.65608985064477 -0.14924816546967 2.13832678472467 0.980889136391435 10.3141822334909 -6.02818370219821 -2.28354521643227 2.28798458363309 -2.13700900089728 2.23163181199262 -1.70795154377162 8.76806642941399
56236.86335 -2.31620888753202 1.20248237005302 1.02185770212498 0.544817907455473 0.380219245680846 -33.23601 6.733753066 0.178304755540443 -1.54915036076467 -4.10613196539184 2.59321818919814 3.2667392209547 -4.1981174279553 -1.1303430434686 -0.25672588309567 7.48787124928191 6.30332951553522 3.51763864093132 -4.53302427359669 -1.97428622141515 -0.573209930002251 -2.03352514304402 4.34552547416229 15.6346680213931
56237.666242 -0.124558627331919 1.33075372308876 1.01879727324843 0.543992151748602 0.377754267246114 -28.27431 6.738881401 0.182249460869148 -2.87985475873739 -3.22799826774194 -0.37782848024938 3.68152445920697 -1.87281251846719 -3.9062593374775 5.20634647755321 -8.81312130107943 15.2672755798933 4.20755416092765 -5.29066228472116 1.33919963569164 -5.63233503161555 5.05741475668463 -2.06304499183216 -5.80582437523859
56237.88084 -1.90205979937199 0.916915614619979 1.02027523373663 0.536145075706279 0.373737817596926 -26.4178 6.741690816 0.181097214051104 -4.52932181054542 -4.52932181054542 1.89105498086078 -6.54500884897323 -4.01738904780117 1.92494502897774 1.29623673898053 -0.53859548823023 -6.94062945022928 -1.75698950335098 -3.11733529515133 0.66177912264021 -1.10080937922846 -1.26971868683051 8.29231315551548 -4.40038429664826
56238.661996 5.78866213813067 1.32780535721592 1.02495275080763 0.539511216847032 0.379078007002662 -29.29804 6.746510297 0.180409135234101 -1.46932527951159 -5.94995921728622 -1.6085336869372 -8.35607421981773 -2.39029061162384 -2.7320724536556 0.15056746612113 -1.37781817965089 -2.7972314687824 -10.7230428817298 -2.0362540950366 4.87920322767051 -6.44989703620472 -3.00334397381311 12.8578653284778 -16.1420944791031
56238.697737 1.91495267318644 1.33679084409052 1.01924383628685 0.543518414021577 0.37919079865459 -28.60675 6.742041624 0.177401179470096 -3.27368311937645 -6.2925060313104 1.66489030928841 -9.16081224718129 -3.54030809341789 -1.00038465322502 4.60858231537481 -5.57830601984161 3.52400861049237 -9.14772066614842 0.36981822259778 -5.19459144576105 1.08242983931709 3.68836520222435 -0.58903453046611 -3.57350628426169
56239.652298 4.38012095289142 1.44108511015528 1.01763035758731 0.544968121356398 0.377916521392957 -24.84707 6.747451783 0.180812702437741 -2.38597311651088 -8.68458763706082 -3.55841447964678 -10.5972220825626 -4.5244085471332 -2.88753333423163 -1.62938468308266 -1.60703438067428 -15.0002235572129 -0.689937483427739 -7.19276416186324 2.38078121614972 -3.9456535053877 -3.25059539288376 -1.99553467337952 12.0796954372282
56245.708422 -2.25308885481757 1.10130738769459 1.02182226927749 0.545360829357789 0.378288227169261 -24.69459 6.743091146 0.178078344452556 -0.52753872935014 -7.58089131747714 0.73076237314673 -5.41873251036588 -5.94042383185372 -0.47493178961077 1.84148755234793 -2.07609684569769 3.76005729222216 -7.89985685151667 -5.79749483539756 3.37951581258135 -2.77536265073707 2.06887906823325 -4.55928909620421 9.09056766952569
56247.641858 0.863046402029012 1.03638394245433 1.0233253123206 0.545419729230422 0.377219021680152 -28.31877 6.741031588 0.17261412482093 -1.25690310575854 -3.42646593918365 2.17128293502307 0.96587350737482 -1.83410792984938 -3.17981576361376 3.35672573488634 0.36392807144355 -7.23459886426326 5.88950937078095 -2.91368412759079 0.0469751071090101 -6.29874516087689 4.20636202415515 4.3556558038563 -2.78869866106255
56256.653319 1.20894428184755 2.15799737869935 1.02231412778295 0.553105201017674 0.382900715124511 -24.6321 6.747434196 0.169078274055836 -0.41412196061177 0.0840666689942899 -1.45464319550205 -7.12322102554515 -4.88923820710593 11.286752283347 -4.71053904532018 -3.21698453387384 -19.8921033298852 3.16053127220114 -3.37495960940911 4.9662516198559 0.78967410232345 -6.98162425994018 3.92685640412905 5.96921607709903
56256.76457 -1.28985416458611 1.26321085625677 1.02402013443845 0.539593038773504 0.379861749569046 -25.11326 6.732434289 0.180248733160706 -1.33093881252028 3.18704958387618 -3.38703870274357 2.80156826731114 0.9690919510241 2.73640849655968 -2.90185174145447 -3.71559794105148 11.4487389270817 -0.49201417433411 0.47684557071345 6.06798520293017 -5.97431978191737 -3.87367231719419 3.95048310000997 0.35729900601745
56257.66805 5.03158046266271 1.17675745622895 1.02158456542292 0.544877392791651 0.374553743891478 -23.78673 6.74410309 0.178120178536864 -0.240545607162218 -2.44976294707513 -1.2404278769393 1.39591558704135 -0.44441691330164 -4.08973468960201 4.28540460308015 -8.43882502804885 10.1130658651442 -6.74438140614607 0.65363572887424 0.72246232195329 -4.43123791934805 -0.07364079715938 5.49100717076438 -8.18718603805546
56257.800146 2.10694313686349 1.24626970606419 1.02224342284814 0.544817871419886 0.373928877089299 -32.49056 6.743710458 0.184185014893565 0.985241339579148 -0.56766496915428 -1.82584650764983 -7.32929274205214 1.86732126000947 -1.29460962654211 -1.81041930269475 1.19515374983562 -4.74700493107002 -6.70667388160495 3.53605466902114 -2.68701269752219 2.56199047883234 -3.23422270671923 -3.22532176201926 11.9595878761857
56258.721634 2.12213540432648 1.51342636347612 1.01813529033251 0.546361061598205 0.376361987664058 -19.42734 6.747098228 0.17597930115123 -0.566699771821931 -1.01085463315683 -2.87468554485473 6.38561510471781 -3.0346490645375 0.85277909725786 -9.17526832145544 13.4644741701564 4.81140260330906 -4.84536096563449 -2.1299309130798 5.86542871749508 -3.2770286769667 -10.7528134156878 12.5996656213471 5.2544056275966
56258.755686 1.28897537257411 1.47729712910471 1.01975288675 0.547705488954474 0.381172271174002 -29.98446 6.746683696 0.176929685043691 0.238667958337912 6.06777220447422 -6.2521098304445 -3.4837699729511 6.3311918744899 0.974203063672849 -6.12467421855355 -1.19871577327155 2.4987265486409 1.84193435894098 9.28355452961723 -4.8403515102957 -2.35782248468997 -3.14107844691782 0.50292457452972 -2.08352627295024
56259.733505 -2.45828029619355 1.30858038465223 1.01823257285744 0.543596927342381 0.377132848621095 -23.96737 6.746336099 0.180206539117895 -2.10180859799538 2.18153871797617 3.64179033367081 -9.34474687391673 -1.39318157038282 10.1275317259226 5.99840140857684 -15.0053109742153 -13.8441733627691 -0.98130731165636 -1.78750033558001 7.39319450551454 1.60675207184794 8.56056695040241 -14.6447297565221 -0.590384591510119
56259.752001 -2.24130738057509 1.28153266460417 1.02389082011561 0.545514631264181 0.380339008665145 -23.55495 6.745347919 0.180655923269552 -0.85562884963397 0.79248764923109 1.89278589251801 -3.36175435847063 0.52141492210733 1.83364591265918 6.99578068118241 -13.2344730922077 21.6818420150589 -6.82360595746572 1.25157053861724 -2.05810685395384 4.93156253369311 4.48904975983066 -7.04253748066427 -5.14840950936295
56262.694868 1.46436524196308 1.62760024923659 1.02174876992516 0.544565619425395 0.373736512737421 -25.68501 6.742391453 0.180419140126266 -0.223928595983244 -3.22169577172451 -10.481389237435 -1.46532557897173 -5.82465821178667 5.09562910646374 -11.1092863124157 -3.36943417616846 12.7554468839263 -4.87080108526705 -2.01605076285093 -0.57522564267098 0.27513174298005 -12.6638427347989 2.88130288514085 2.72517732533401
56262.798144 -3.98163691314846 1.325864044494 1.02175905463631 0.542748549489924 0.374521737201333 -27.45591 6.732013125 0.184103848306397 -2.91672924717292 3.54597049205375 -6.42285749486525 -5.4193365875417 5.73829998416055 -1.55578646596387 -2.81104540472253 -6.79171894006429 -12.1115523275605 -2.04548608946884 2.99970307604154 6.32346084495012 -4.76393178503077 -5.7513895541506 0.43205745119513 0.43521101463458
56263.623265 4.62217382673609 1.52810193893459 1.01892100400669 0.537329533948451 0.372425947422127 -26.24285 6.741814192 0.179044368982103 -3.26800343825411 4.56679584610312 -5.91029105830285 4.93997364906499 1.86314232513741 2.70626866882744 -2.99937595620217 -8.92953147566788 -6.63939448172949 2.26008644247366 4.46953269246572 -1.39239641852471 1.80081710771315 -5.43362014374819 -1.064730885196 -2.58481116659269
56263.810373 1.23944166383364 1.14812296677319 1.01888130943459 0.538418351707643 0.376611614640097 -24.40217 6.748012509 0.179534932128709 -1.93380325975507 2.02120242252565 -1.78889833150547 0.477555312478527 2.74517777845281 -1.45009286165607 -2.28942100018511 2.55343075431353 2.36517677611463 -5.48020413995713 3.23447905424803 -1.3081420088985 4.56853219006186 -7.16331570085163 2.93537208189589 6.83528085313658
56307.580179 3.79020763329567 1.0198100804739 1.0178770892896 0.540919199643999 0.368253034651915 -27.54368 6.743340641 0.175783115306444 -1.5535343996876 1.94565724759311 -3.14374560255363 -4.23237692865295 3.37862697140108 -0.71819499999801 -1.92502124015607 -2.08669015006832 -12.8213420405609 -0.97068072524583 3.38617674836418 0.295080915884951 0.0807677024983695 -1.12104710465862 -6.38726414598747 6.51765201611034
56307.709217 3.20657677722642 1.35622465268339 1.02131935774225 0.542067470331149 0.369272392225633 -24.01648 6.749009142 0.187025943199169 -0.268000193862597 3.86557017886144 -6.78491344810978 -8.99238522368996 10.7514712265699 -8.41304171121611 -7.90649729289586 10.5245098713785 -2.79996150393513 -6.6844779582155 12.4412691991001 -6.0374869432658 -3.77761254890318 -4.83355825935497 2.18059374186871 5.28941968142432
56308.553516 2.63994146618662 1.10014690891183 1.02118637004968 0.542254117442226 0.371607381010055 -28.14783 6.736725272 0.181701829593707 -0.240187429573237 2.94259067442148 -5.0302948479688 -0.6869472974703 0.9179795667191 3.78892744502394 -3.99414320193868 -5.95965526323705 -4.21592684136316 1.09052133139907 2.40678483322383 -0.78466286231132 2.58419395603885 -3.82126026259193 -3.82722496892961 -2.16272951203585
56308.801246 4.07825869188069 1.43077215836794 1.01908384079957 0.544717402969012 0.374728741644862 -24.72542 6.738997365 0.17444862403483 0.453132097431019 0.30960749945145 3.76551494258376 -0.0074123678696103 -4.63276043265942 8.3299576140468 -0.32458580270151 1.55744389609192 -16.6666677254037 -0.0655292119900699 -5.22636779931836 9.93843293235471 -0.2048367551516 -0.65443384230922 4.95275861362026 -5.72393051612429
56309.576251 5.54138215328176 1.12944142819273 1.01717749990664 0.540996253481827 0.365476679430939 -28.63134 6.74465522 0.183174878864106 -0.252491633026091 1.15780174004545 -2.16004133641372 3.76267081737622 1.88246396137186 -2.74301415373518 -4.66465312425908 8.20852996697429 -2.29088595212649 -0.47180946618338 6.15047533965163 -3.03266545198241 -6.45170290815278 -4.63387563617933 17.7186330324679 -11.983866564765
56309.79302 3.44770031160672 1.3058169571239 1.01837682582451 0.542235247529433 0.368621196131538 -31.85857 6.747491912 0.176724295219506 -1.52209206513208 -5.12021707513333 3.23602182899736 -1.67171616392714 -2.50802228044074 -3.82831619353547 0.881335172460882 8.75530732786468 3.3634582399405 -4.76896674222529 -2.28107212461464 4.18737175543229 -10.5611743023986 4.82385167542786 9.62512112874294 -8.6559082269031
56310.591023 5.16806664620833 1.20953087050338 1.01775808337477 0.546103841252397 0.368523707440276 -18.71516 6.741440806 0.181692253373011 -1.75505983224967 -1.40069317970222 0.9910901679125 -2.75215583720462 -3.41874024410302 4.56082174460641 1.19570873332462 -4.66339888572291 -13.0002002192193 -2.0101010682428 -3.00713841985466 8.36432734902475 -5.71445413632643 1.4424113741181 4.27180182915762 -9.20713930789515
56310.706925 8.32779404403371 1.27299377498871 1.02204373746653 0.540936660520184 0.368666700546781 -19.30282 6.738175353 0.181932588408994 -0.99191122056337 -0.205924547893551 -8.75120764331802 -2.12559840356418 1.78414419818498 -2.61644143107535 -5.37940880796528 -5.18411472240884 -16.872698288064 -3.0007880986793 4.3718809319878 -1.3123377723802 -2.52378688141534 -4.49070534009788 -2.70112216486025 -4.1500848725125
56311.562554 2.89869539852692 1.36628025348867 1.01502173192084 0.539919910860855 0.367794560187491 -28.38508 6.747140915 0.177345600748638 -0.250309344716533 3.06110041298678 4.05624172728777 -16.6100335523841 4.09098599695527 4.52621147996265 8.19289091332539 -13.4351730476607 -18.8150562973784 -5.91951382058973 5.95456253937521 6.08231310648999 -8.16486245531833 14.6465804695171 -13.2564921824811 -0.546077340811413
56311.657889 2.84681147689159 1.22381197304791 1.02382068599053 0.543622907081386 0.370268999515383 -28.15135 6.742008283 0.180458500995114 -0.70438443205925 -0.73793917976284 -2.41241316995868 6.55842105090946 -3.9354417934809 2.92926448499179 -1.90035198629652 -4.09394348549915 -7.12166020027487 10.7910657434257 -3.48065736268611 0.31084488291493 -3.74487030770901 4.03284314676247 -7.88198183012726 0.28888172184568
56312.591492 -1.26569447953118 1.29310350159401 1.02107381454871 0.542655235228456 0.356950742109777 -26.59296 6.741518193 0.179188370309691 -2.79930579986559 1.49857312690693 -1.34603773354078 -3.02734152815413 -1.33431961243019 6.14176490251093 -6.24292398370869 5.10056929725464 -14.2679962759233 6.91169515694437 -4.90914219315221 6.35879900007673 1.09437798601926 -6.57567329269003 6.70258635379186 -5.65750884986084
56312.743828 2.53687489096311 2.31502587985928 1.0232411677968 0.538613692341036 0.346962164889956 -17.3304 6.759178834 0.17144768200473 -1.70380245086284 9.1924887876402 -9.57662609785801 10.272984866975 7.75041967793406 -0.999428867037531 -14.907241776956 12.5245537222305 -24.8794773145448 7.82107817702391 0.411346958453557 15.705107407217 -9.14702900615033 -16.1059097821796 16.902368654048 -9.80048006035462
56314.589876 2.85295031934219 1.61830492693124 1.01815464931862 0.539315567445282 0.370724407961626 -24.94716 6.757646288 0.18123896454016 -1.30765647539935 -0.40612214596634 -0.59917986504731 -5.22262260450834 1.78564073982664 -1.73390014819125 2.20370450813914 -4.61653636416607 -20.8115235483004 4.31192334283984 1.86142869945357 -3.32391815282899 -0.0177612520381498 0.3819209254138 4.24221647113971 -11.1364070966553
56314.753706 2.76897779794291 1.63039374673987 1.01626594568097 0.539689557378219 0.363639503733574 -28.79004 6.755444584 0.177630670018784 -0.270480039929539 -3.91259910904974 -1.70743195824761 10.9572992592157 -3.65713771964872 -4.38307764220108 -2.14908102545662 4.90122050449238 -16.6299531802701 14.4282157391904 -6.5641930753894 1.32212078064265 -7.01901992686156 7.75958572718652 -12.0686663776519 5.34373346510495
56315.617552 -0.0666214291028304 2.0134317056596 1.01961391000201 0.537257998712483 0.370404378364574 -31.34096 6.755997496 0.196275723737661 0.273353973280862 -1.27239002852114 -1.58833365847167 16.0675608323919 -8.73171471811103 6.54084759641538 -6.92682864057185 5.67171378476896 -11.8237283340746 3.13232676830892 -3.85090180929595 7.44756574845048 -7.39719433433494 0.22100383857034 -3.47381672413846 11.3902036013105
56315.729738 1.37915864509652 1.57941478468097 1.01855624656652 0.540458856685615 0.371750865612604 -23.6522 6.749193555 0.188517653972003 -0.7760506779104 -3.49673022890249 -2.46230392544133 2.36053710266871 -5.58921053521592 2.67101820772226 -0.70516126571558 -6.37947495534325 -3.32695311034996 1.16569157319195 -4.68169646414657 2.42353155558033 -1.79372033332318 2.88615030637293 -13.9278192405274 13.5650813733605
56316.676685 3.06467538747535 1.58503528518985 1.01758670078746 0.547574710694294 0.37431678954261 -19.56499 6.745986558 0.187147860108269 -1.64636100124242 -5.99134637530579 -5.22385545692619 4.36050101648172 -5.43170782372503 -2.6289103562126 -6.44939339137261 5.15899383505704 -8.7398370678884 16.4858073411058 -11.9421200935897 2.60542961514073 -5.14934058450436 -5.73178460416987 7.6550468755488 -6.84792024956847
56317.590136 -0.747755710547822 1.16027074178601 1.01892742597706 0.542202555979164 0.369168972513644 -23.48099 6.74587219 0.177016599265229 -1.64636100124242 1.72298264715081 -4.83707472476679 -2.24170668243074 1.68965798355385 0.964296167747335 -2.27662640067218 -6.60827129844227 10.0303763584609 -8.7199005559559 6.52156563096747 -1.03442412386159 -3.52360470136375 2.35542539542211 -3.70219561965806 -12.9607896214652
56317.674429 2.77731119017942 1.29388945060301 1.01703929171722 0.540938286681591 0.368599318983317 -21.48483 6.743950921 0.175015306587808 -1.51824140703785 1.277309314325 -4.47869691451217 -1.14544787933019 2.83923457706668 -2.22989185918772 -4.27550236889221 1.63852896366236 -23.1284660639942 10.3908292929297 1.45589941777563 0.40882233564254 -7.23752353215704 -0.50496921148729 5.3358188134989 -12.5851092930843
56318.567753 -0.213584799507547 1.3729900853522 1.02086107826784 0.543541543665849 0.375713092187165 -28.48844 6.741457571 0.178370487113739 -1.23912899420489 -2.61956294603075 -5.5602736437602 -4.0066624905396 -2.79112647747334 1.92039069823329 -8.79672525759403 5.41354129751347 1.84680622395077 -4.95908803018249 -3.27378878253385 5.50886507242863 -3.15608220308487 -8.27945534033797 3.42667024620123 5.10549124488163
56318.688666 4.74501029973224 2.11393101583353 1.01244849223205 0.540336752478693 0.375787587985812 -26.26134 6.752970256 0.189204655140277 -2.50144160614874 4.98536878157014 -2.84702958508403 -3.53104172015262 9.40187699373557 -6.27589246589494 -10.5041142217352 22.5630892759858 -13.383140709423 13.8765236551247 3.1772158920057 -4.34413540243984 0.53779493728742 -15.3738294258269 19.5588702942111 11.4918796999929
56319.581805 -1.01955579388945 1.52585298534492 1.02036340119642 0.541972458891879 0.377951610334643 -26.31345 6.736501971 0.183080056368539 -1.42055858576125 -2.98700003268042 -0.85893905238157 -4.13163777298573 -3.61800332912783 2.80017638486019 -1.24379070225015 -1.8398962618984 -8.95855371246362 -0.836163951252323 -0.547786491126118 -5.85476414570236 7.28997638189546 -2.6457024050079 0.54423735656167 -6.07175616281767
56319.719952 -6.34399481172849 2.50978265415318 1.01857569663879 0.540018336719639 0.366124862780155 -36.76566 6.759410783 0.182619961865414 0.102452310487799 3.47172511492107 6.94215467594454 12.4409494447539 -0.646122844738601 2.42705833674675 2.34396201893728 8.22647092646074 -12.9791470502963 5.23512474549806 4.39619152366831 -8.02073389151737 9.15742518218707 2.2687317738225 8.56621282539843 -15.5596229168602
56320.621817 0.10668752014803 1.15063689483378 1.02075606264819 0.539371853832408 0.371599469327942 -32.82245 6.739652702 0.179364204522868 -1.06521204972859 -2.26893633166191 0.0261261322823779 -6.37962831167766 -2.32011781805862 2.61409553330067 -2.42451617683021 3.10798535859175 -10.5902146526954 -5.39088170758927 -1.29445258680424 3.38076252756582 -0.309420571314991 -3.81143184751497 5.74115899603393 -0.62723801869993
56320.711735 0.587426234879695 1.61172788543078 1.02107027594425 0.542183260619335 0.364611496448991 -23.78306 6.736658902 0.178246386365188 -2.83774648581025 -0.898790241883433 6.99405849563767 -3.58845116799023 -2.45198179391251 4.10433551796777 1.26120799891841 9.24372989233354 -25.1444373443713 7.75199146556809 -4.4404924912978 2.79153800196698 1.49639420790439 3.39119210344056 3.17771758370959 0.515202687735401
56321.645416 1.16792982886824 1.74035449699871 1.019352456008 0.54160362625784 0.38019216074327 -26.13333 6.74454014 0.179341515970497 -1.84860475419406 6.3497422876072 0.54400684621265 -4.27158212498992 6.43807565355401 1.50969590374637 3.76631376753472 -8.84604067935038 -17.9262880326437 -0.51597903284849 11.74931049451 -9.2737755040529 6.91690968587178 7.56898283639914 -14.2115967055569 -3.21868416931857
56321.745438 0.333547652286377 1.58344170659434 1.0220352710102 0.545687825327784 0.372435561568068 -27.20332 6.744402777 0.178853842908008 -0.788177672056924 4.94199005128401 -2.67849550445561 5.68622709793394 7.59061827622387 -6.60762002023897 -6.70170530441095 15.2231944689765 -0.20961306855124 9.40797550404026 5.42598033787793 -2.98786670691212 -5.60847503886307 -5.08110412494012 14.7926622310225 -6.87442929110506
56326.592568 0.875384065144591 1.65980366881724 1.02093239792427 0.545907825603942 0.372883626393251 -32.17806 6.744179066 0.175928057739741 -1.01681935392968 -5.19610226156231 8.690796851617 -8.63065690149595 -1.06240516920952 -3.78831470387188 4.6778926784606 12.7709911988718 24.4031787981797 -5.60941544904367 -3.62150584663107 -1.61144946288202 -0.74061352624321 0.87762884346693 14.2884233872671 4.9004223929007
56326.671641 -2.93444378449144 1.66451839236875 1.0173636573921 0.549087358995189 0.374242853061134 -25.36913 6.736347997 0.183937228685995 -1.70696853238729 3.16248762608345 -10.7519568563813 -7.99860958795687 4.21302681158657 1.31918083292513 -9.89321701658836 -3.22335019858773 18.8984210711301 -11.7480603605197 5.8083487829464 2.62491181254018 -3.0969733502124 -10.2927500529236 14.7560884912126 -36.7004220992174
56354.541058 -2.93650972673004 1.16159244034186 1.02336800165299 0.547101917181755 0.377320603276471 -32.32742 6.731939893 0.169362857085744 -1.53986585450217 -0.94902405720512 -6.28268566943427 0.692004609955841 -2.82996795075855 2.94240878441931 -6.38071801089424 -2.56737145073418 -13.7814221902015 4.36233262878778 -3.44164744626649 5.14906178578529 -4.30052682854493 -0.59320859287242 -12.4013437457483 10.4226836178502
56354.617862 -3.79904411728533 1.84292871010688 1.02024043746929 0.544632597357469 0.37631480896792 -26.08293 6.735382313 0.173878686182221 -2.2769495996163 0.4479829514093 5.38312128599023 -8.27433617547656 0.5131736699247 2.95989043086132 5.78032463114072 -3.62704501810535 -35.1667954724086 8.39640998140951 -1.22375810692375 4.42114834917556 -5.14792446382832 13.7327252423981 -16.5125314877361 12.6939785034897
56357.527603 2.23148193301408 1.60565411333835 1.02438045391735 0.545210582233545 0.373909020216284 -29.6152 6.745949762 0.171165978134101 -2.61204011139123 -2.78469140158794 2.399856154603 -5.8950724286482 -1.49755065047136 0.0440362107795389 4.4970884052668 -4.72110028756667 -12.5686892227163 -2.51355995709731 0.66125700580704 -6.8308530133051 8.72745460882636 2.09978976424715 -3.93938670112636 -3.80688611696448
56357.64553 1.75419022794985 1.45570722161397 1.02549662019497 0.544543662478879 0.373747008286379 -23.82498 6.742412976 0.166968428998459 -0.44295918484492 -0.31497712511123 -3.6259459194873 -5.07253133148436 2.88320685548659 -3.55110208409689 2.4235618309794 -10.1921102555395 -16.1322894708841 -0.36935099420186 -3.070730622655 9.99380682244598 -7.06723012547925 5.66303515358163 -13.4113686593798 -2.49636537110735
56362.518002 1.20425848746304 1.15584206240485 1.01800803025505 0.539626220636489 0.376865835682908 -27.93235 6.737795408 0.180279436022387 -2.05740211641582 -2.90628786484726 -2.48562597669438 -7.46843257759656 -1.39066956558126 0.448509764190743 -5.4730454257413 6.48311602679502 -3.2693042555937 -0.10525892928808 -4.62872305095552 4.93130578373025 -3.44559120218091 -2.3881688498288 -1.47255784409466 6.52200879439223
56362.612121 1.16176166212103 1.29255253143452 1.02429062335162 0.545724059968043 0.371396817566806 -25.45423 6.744412685 0.182042144242632 -2.40217580985655 -2.10793018387475 -2.35066427777005 -9.17127502021565 -0.307385515141717 0.603137349443747 -7.91387999560085 12.3205145042075 -12.5556139523263 4.65835570968192 -2.74016500767359 2.82170646119633 -5.64480473607751 -6.82538867601943 14.8702779563771 -4.59440521861792
56366.501739 -2.44105430812886 1.0026887498829 1.02235034916274 0.540518794223857 0.375415464370767 -24.62514 6.73185703 0.180191869567947 -1.20863601325488 -1.3095285969268 -6.75165077996898 1.46969162687918 -6.39893631979073 8.31559387666245 -9.26169016250608 -2.44817882066148 -11.7659017511368 5.68873977269836 -6.24516750314178 2.22280306053488 5.5523627648966 -8.92426464227522 -3.25531783576779 -1.39088783156546
56366.653923 0.105458399909343 2.17439676714328 1.02658388294276 0.54873828210717 0.369950221195418 -25.55655 6.75816346 0.177033108854364 -0.500218696453088 0.298584435713333 2.85610152687335 -2.2666670222261 -5.32373913691358 10.2564551435042 -1.37148532768896 0.14202769193043 7.4964803500993 5.24991752885462 -4.19204078384743 5.23575040187251 -4.54902421679275 4.74831417415384 -2.40809032509004 3.10261355075941
56383.522846 -1.05570750061168 1.82062165591939 1.02116809968782 0.546786092687051 0.379103018869522 -27.84038 6.743471839 0.177573903393103 0.213261287997806 0.213261287997806 -4.02097201976458 -4.69781955329021 3.54695915859981 -3.97464203749431 -4.76761614304866 5.00457027444119 -20.5522594648303 0.20642908221271 1.67954934598823 1.80806858543186 -3.43809063976846 1.97089430783797 -9.57028617334505 4.94646450831064
56384.578383 2.93712954918984 1.69128817101526 1.02562021526439 0.541809811812173 0.373309443517605 -17.52696 6.73482901 0.166586997277269 -0.740368303221327 -4.053228998684 -4.23309794669269 -6.8458251386317 -3.47375408141543 1.6268816228169 -5.025873572206 0.24460569118648 -12.3858040246798 1.48368744420426 -1.17804889582876 -2.39961063334527 -2.05868392185414 2.37391294145519 -5.8848739857323 -6.21974906670601
56385.495635 -0.269713814934471 1.37331499862026 1.02297842709593 0.544313707933033 0.374715624234866 -25.32266 6.7329411 0.168556086117252 0.436335472323402 -3.38523401329815 -3.31416094240647 -18.4407214653822 -0.51853048800536 2.19443960741247 -2.93746241206177 -2.94591926182391 -23.300653244006 -2.75557492357984 -1.22554972386496 3.16550682788932 -3.28150794025479 3.69008283630047 -12.1711098754216 3.41001970364657
56385.566374 -0.144563236978535 1.86749714235477 1.02374021284404 0.546003433101937 0.371276494962009 -30.42271 6.741005413 0.171645859220181 -0.115932713923444 3.65124092992996 1.13143472564628 19.2692160352237 -4.591947237249 6.80594898198896 -3.69530288658715 4.46253357645884 -4.97613280984772 3.26797457518901 -8.50793987426571 18.4049278905397 -3.96271507435496 1.25653553498118 -6.48230940974353 1.49279853858605
56386.489495 -0.281350684852755 1.40282573329192 1.02395934517406 0.53972544835903 0.381900007527615 -24.6517 6.741936801 0.173283111986675 -1.36179608448491 -5.0519205503476 1.77612101265465 3.54095578062908 -3.7127661207742 -3.6544838314524 4.34280674925215 -2.38788496256694 1.83572796388852 3.75276132933765 -3.35841307226211 -3.59782125338981 -2.34772980247517 8.47069772606315 -12.6037237366288 13.6485687441657
56386.56072 -1.03728432619102 1.2783245822319 1.02356900570583 0.540542926606486 0.379370108875925 -22.68759 6.737069818 0.167664172765946 -0.11825462093432 4.63228113495009 -3.62297227534933 4.57942432847615 5.34769587300318 -2.86210877844662 -0.17851928040584 -5.11892361715257 24.3983481818522 -4.98490488049944 5.31254363559744 1.91020242564735 -5.01186474431598 2.23930976640213 -7.74202236448642 4.29846117318048
56387.526745 -1.40140747014438 1.29184644983894 1.02336870232025 0.540451188555094 0.37847193685018 -26.54209 6.738968224 0.184417790722442 2.88681345454313 2.88681345454313 -7.26776049952083 5.88735268247376 -1.94723434928153 6.03709750833746 -3.91509573402991 -13.4486995474053 -1.69902494000063 6.1738222498951 -2.55005549615192 6.57710828971161 -3.87872223524067 -0.39480994509903 -14.0658121176347 5.58685883094035
56387.563087 -2.47285032237433 1.50118843426821 1.02692301051538 0.539860649610077 0.380256403340446 -28.71131 6.742923807 0.174374350434233 -1.91711572362646 -3.41743072140722 -2.14286521102929 -4.40961847672728 -4.89900150216393 4.09379454961196 -2.69457595377909 -2.46715819949457 10.8941682397574 -5.53621773482852 -2.27417191795138 1.23626575728974 -1.64793421127278 -2.41656796140615 3.30954257437573 -4.49547914390817
56389.491376 0.412741622977554 1.24519773346905 1.02430528105746 0.540081297017178 0.374705829379534 -28.87397 6.737102863 0.17468834861066 0.643694886737914 -1.10051244687726 -8.32901393765492 2.95848683130239 -2.33544532687402 0.99351629120866 -8.03111591808092 -1.61641874236441 5.08264411468289 -3.824307230941 -1.41561094730561 2.85631048652713 -1.3302980489084 -3.94163332480273 -12.1264432576879 10.8350440559121
56389.557879 0.693249265335274 1.34460617253075 1.02135980269216 0.539985143764547 0.371945862886015 -30.9542 6.741932233 0.172901050985603 -0.813855664207497 -3.28790907268081 1.64192560920806 3.74589544066236 -5.86472680652039 3.02659496348781 2.74146861335096 -5.27691303097859 10.7931628242318 0.0362396045722599 -4.31913199723031 1.8681837152416 -2.93577495382623 7.10041975580569 -11.9535823932715 11.6819541208516
56390.48924 0.588133272070815 1.350176219455 1.02126950513199 0.538582060347469 0.374524251855968 -27.67362 6.740021964 0.174048966788526 -0.576207706164 -5.9182748241561 1.56901084903465 3.47363539253965 -8.60773985071136 3.29126942723365 4.1081828032418 -9.30380348975762 10.3172413518269 -1.90086344616675 -7.31503332392577 4.12339422649097 -4.12009737754398 9.300133813766 -13.7896397351585 4.62942943317815
56390.56454 -0.0753126153676579 1.32494331095571 1.02398695567879 0.539639118288849 0.368761161351495 -25.35008 6.743672723 0.174475775883759 -1.64906745506671 -4.90388154516198 -0.76502829064744 -0.25551031777572 -7.55680976282342 4.63628911582777 -1.52923383083007 -2.66124969757925 9.43706210901245 1.53220198822633 -9.39830848622669 1.32015502074434 5.57250242054657 -0.70808134086007 -12.9677239296974 15.8633393917105
56394.513177 -6.43686998023568 1.36049016758318 1.01747338891411 0.538639957355342 0.382203576775527 -29.74725 6.742505011 0.171014636522604 -0.479024944416949 -2.53622555365385 -0.94392782421187 -1.18280349160925 -0.90093561202434 -2.32393044789999 1.88217773585308 -4.19923493031419 8.56022257652716 0.27285945376477 -0.75044293487444 -4.69489744683817 1.5117807606221 6.0652572783755 -10.8167814830771 -2.6203351647501
56397.505697 -4.02479942265277 1.36232689686174 1.01767461507982 0.541653945102087 0.381549228164488 -28.00915 6.737555429 0.170639439808951 -1.41266688242806 -8.37937727599655 3.54859347782251 1.23941260691494 -7.3678099510425 -2.3270124979509 2.29604021913506 5.28858129852505 10.3131350347346 -5.10412291316216 -3.54786919234182 -4.58869983875197 -1.34562902390834 3.00092950723612 10.3502238276937 -13.2643202996608
56399.523106 -5.52755540089632 1.07043162221092 1.01789933944526 0.542828836952077 0.375125836482689 -30.14614 6.735543918 0.177326295766925 -1.37947602551311 1.54919358171256 1.60716486982722 -0.12169998632256 1.90731844681827 -0.56469205931899 5.46149171338838 -8.20248293987857 6.29233550782542 -4.90216667743478 0.72926951697453 8.9451930947512 -10.0708972270746 9.84580511317767 -7.09097727229067 -4.49419440091657
56402.503012 0.583693337474844 1.07972890224823 1.02050954514586 0.539630527289543 0.373590184653429 -30.24866 6.739081041 0.171743650844337 -0.936811126016195 -0.170366246000414 -1.57243118219364 4.61145148816709 -1.80534671361109 0.939740511408395 0.30255557041907 -5.19263699026288 17.2646552658134 -0.88944320022996 -2.59734914314983 3.66212408064652 -3.3080219680846 3.78843639223665 -8.84126116846734 1.69973517203409
56414.468473 2.80163361724065 1.20938768186435 1.01980328152443 0.540908580986776 0.375915053317172 -23.77038 6.743400683 0.174889536121459 -0.984859782651828 0.20543331439692 -4.86936019123543 -8.74734780121918 -0.847091370469275 5.2961942498187 -3.52829651868707 -7.94914086109547 6.07228504720544 -1.62815829841356 -1.67662404727335 1.75720067579359 2.08682316718533 -2.88195560738929 1.11471861241991 -21.6000392790181
56521.901658 -0.24503746858277 1.33428641472678 1.02202654514707 0.53929074606395 0.379139166873195 -26.89029 6.749608326 0.173294366649688 0.107165430205561 -2.8817797528102 1.73808639734843 -1.2671416357409 -4.55611576060241 3.42504152367475 -0.823155799012415 2.5085271781588 -9.80577974008311 -2.59311517346483 -2.97592736113962 6.86132719494667 -6.75793425461279 1.6843235641247 2.94324814945237 2.15390761344294
56524.920418 0.536133611796088 0.956337414570398 1.02009788780261 0.543785426657385 0.381045302632333 -31.13354 6.744431095 0.178986903369278 -0.107715283391362 3.16522857373958 -5.04740376254055 -2.79428601720376 5.18859642613326 -2.27348741118141 -1.84786036515254 -5.11929071943333 2.55553002710947 -6.18307330295243 7.09314827886879 -2.99873793424105 1.45129138490906 -4.18197576110107 1.40335945594387 -7.9177798210537
56525.907794 7.69876322616793 2.02890806358992 1.02204111182592 0.537431572014284 0.383388753624446 -22.16087 6.744488987 0.168050447157068 -0.527593089730002 3.33828881661354 -1.14851539561446 5.88969400186501 -1.48495244028502 6.02218755075175 -11.0296406685226 16.182602444685 10.9276577876185 -7.6973517252626 0.76560645547874 6.22464645724846 1.4036335037229 -12.1497437561576 12.2169984855014 5.9959707553901
56526.933052 -1.80188252775 1.0624195657559 1.02260097820718 0.541163436798494 0.3781787687567 -30.36471 6.745331726 0.174516622301366 -0.544410771927713 -5.49483805993552 -3.90705654628154 -8.88861055582675 -0.284784938388986 -5.22426371388336 -1.26153829274226 -1.02544841671174 1.95599242266729 -9.86958794646957 0.761674601237853 -2.03587494752624 -1.98500779496447 -1.74780542471747 -0.305958396128459 -0.66888265378341
56534.921142 -2.4998805215269 0.877964784989294 1.01955282406139 0.542961244379491 0.381268737841249 -26.82146 6.736367598 0.173759608037866 -1.6760112673597 -2.46322615483801 4.89059544040859 0.31820393596404 -0.34497531205155 -3.7881975742061 7.58907531897635 -2.52157587044074 -1.75562294883144 5.68320873014758 -2.32103046846276 -0.67138468205102 -5.11668130626741 7.47306138800733 4.26216932461866 -7.85070230857146
56538.85218 7.71017312246014 1.64156011037092 1.01362958557752 0.534667900378474 0.380370807860105 -29.80404 6.750233827 0.171713178025489 1.36058836131516 1.46746145251273 -6.06382127343145 1.74845857984432 0.276989281645289 1.34818796938559 -10.5441254313063 8.99349631238053 7.05315951515969 -1.13975919735241 -2.14879244783532 12.9993299573122 -14.2516379041799 -11.1531077893977 29.0741271218119 -30.8013731065346
56538.921591 6.50680385519271 1.36595590687307 1.01796146008311 0.534498431793461 0.379118694131679 -25.15847 6.741718027 0.176840188873859 1.54374096849364 -1.69242643697604 -1.04760024471377 6.61784786606015 -1.48551671724446 -3.10258921129961 -3.55410281588356 8.58072119878691 -14.4714867129534 7.19285185113766 1.26013355879142 -2.99984491340547 -6.99508446757402 -3.05994066218083 14.0635404874905 -2.86448469369867
56539.901295 5.7524699435973 1.59309280679719 1.01827038532036 0.536606750402811 0.383375240125396 -28.3622 6.747013664 0.178768010170265 1.15151401068305 -3.03457242216986 4.0213433799216 -7.30391935096629 -2.63644025777566 2.21778778611281 5.40315168254414 -5.18390060165181 -0.5102897814107 -7.83167077065055 -2.68316450645604 6.71211099949153 -4.25758547720591 -0.0876993876251202 15.6623253316311 -19.8295313666801
56542.915849 4.57055557129463 1.43148845690476 1.01943122010484 0.533743872586853 0.380255323793099 -33.6577 6.748918258 0.175375170062536 -0.0215623869167839 -2.28240010405739 2.72216121509853 2.82580776623215 -2.99953327564402 0.0647093628472599 2.09368963022039 1.35060568913116 -14.079762283931 13.004498167501 -10.7985548424122 8.9726292998514 -5.03343546566476 -1.95688035048213 6.96855048089337 5.33463376263319
56543.920808 4.8781841458562 1.1088310579817 1.02175685606707 0.539317225930819 0.379190743105401 -24.8783 6.748209907 0.179159429099885 1.20290019108058 -2.16073100953053 -0.97502043576648 3.70072439698293 -4.39629126275735 2.28372089486439 2.93110023450957 -11.0653432446687 0.50400452652627 2.78240236872799 -3.64617879408861 1.27249574102748 -1.69476247452535 6.4381479129645 -11.9061354860096 -0.82650051415071
56564.750899 4.21250807940446 1.78360360793304 1.01663290198941 0.537949781690374 0.382903545374816 -26.35245 6.745635624 0.169896339358865 0.430677808415044 1.09168014974482 1.86743424151593 -15.7857007745197 4.72057640894217 -0.1696118986629 1.97276036134431 -0.0753627729848398 -33.2420975612737 6.33677548627486 1.14331335355879 -2.2704305940172 4.2646167183132 -1.42948159286756 4.60450623769063 -5.96500435352871
56564.904305 7.8197895827171 1.80478692095797 1.0180968171069 0.532808770322073 0.371697424134494 -25.7918 6.751375889 0.171040498280787 1.88399238551819 1.88399238551819 -7.04803771978434 -1.20860976156098 8.84820266130634 -11.4419112848984 -4.1489216405091 4.12273794500207 -14.3465651693505 6.23283617854884 2.01770240419666 0.5218831938486 -4.88301776596813 -8.75796228284462 12.8257615744994 -12.9961184420461
56565.780883 4.95410685869476 0.95454778911139 1.02054253039591 0.541344088030069 0.381788221201746 -30.83213 6.747989848 0.17573546456117 -3.04252799259758 -3.04252799259758 3.05850246800466 -1.58674535849548 -2.84588888627268 0.34306528113873 6.76972635200145 -8.88403237557428 1.12081090734386 -6.11042476608688 -0.59452114998112 3.45880386935172 -6.04857935287002 8.34797691485982 -1.23423640828327 -9.69895175763092
56565.84394 4.91509012529034 1.80471670873901 1.01512029832278 0.53685145268974 0.381716399984312 -27.49701 6.74685915 0.17269876003969 0.48227936761729 0.48227936761729 4.21843531029776 2.84364868958271 1.17851118780684 -2.28551523907017 5.13781291667334 0.0967161042951901 12.2245007203704 -1.09515911390916 1.69894514794742 4.51013190824106 -12.6992012220102 7.58258267020669 4.90656341054586 1.5471577949233
56585.765599 -2.96318075927603 1.22744112907462 1.01630500476583 0.541404822767878 0.38059390630758 -27.6687 6.746724652 0.176491507125936 0.170240908929407 -1.09052943086898 4.37657093396242 8.18903056041735 -0.47201414069851 -4.54488931342509 8.78267084288913 -5.82144367417335 -2.1844406963383 8.25907924276561 -2.86313350977459 -2.0452164304844 -0.4893359977219 11.3724213324857 -10.4501432305502 -1.8194438238564
56585.849084 -3.23422240544828 1.06573450890483 1.01731149720583 0.543077981392895 0.382105530888931 -33.57751 6.746031638 0.176668795272723 -0.377945419745497 0.25345515259969 -0.7715159598984 2.25249449565105 -1.10233537952198 1.39985469026253 -0.25519788157292 -2.64625693756105 3.35057176634602 2.59895995599603 -2.56964536386845 2.68693946567082 -1.22914628368279 -0.75303822682879 1.49312716285783 -5.01386442618579
56586.769191 2.95277103051165 1.60904494236914 1.01984994199506 0.54031723906642 0.379335215678799 -25.37714 6.746279521 0.17345452093187 0.252262397235896 5.32496950196739 3.23719299726132 -6.27378582948867 13.0671769376099 -10.9331574208393 9.02020377899915 -2.46742307092669 -12.5601651542603 -5.83902725556522 13.4360280678001 -0.65703486832796 -10.594378922673 10.5898542198353 2.20284664773248 -8.70691927046818
56586.864366 0.806473674767045 1.13615568852814 1.01838799222915 0.539246851379783 0.384721716039976 -29.24986 6.738473762 0.177150535739447 -0.409946877220626 -0.55744905251511 1.49792783191137 -2.88671394161102 5.2945183183898 -8.8237679008192 6.30962911376557 -2.5939253991533 -3.96024138372128 -3.15659071343563 5.3637674407501 -8.12538220034241 3.73255740287891 1.03391599194091 1.32928558368083 -0.33971009442187
56589.865165 4.77567042883713 0.939264354318452 1.01842375309645 0.540958191323536 0.381389798175368 -33.09992 6.740166408 0.179689847980968 -0.209828825617418 -0.155523335320581 0.18327784575792 6.00508803958896 -1.25403129571971 -0.664578449447109 -0.4017780378166 2.0128759160384 2.03252092845258 1.55538552742528 -1.16936905214795 -0.47159460145045 1.21649966330574 -4.21125913462047 6.97212625605229 -0.0218439488264295
56590.778351 3.68852039294854 1.48726342624181 1.01733308946195 0.539663050788071 0.38334953710123 -31.49591 6.751980217 0.175356605111936 0.881523438370211 -1.95761893972607 5.78030221669045 3.1188256129698 -3.14828320325391 0.80250365545833 8.78094667552085 -7.49040087573015 12.8922545167542 1.49472353681372 -3.68566363492792 2.77737016044628 -5.27004357006596 9.30273599431897 7.67913444640863 -26.1777805130704
56590.872299 5.9338113035275 1.38566144846018 1.01614997630069 0.537942765851065 0.384392239648155 -25.96879 6.756386019 0.17307807138049 -0.653974990401273 -3.0130694544942 1.10076223343121 2.13080875419386 -1.18429845572187 -4.038715120586 4.64471039664513 -4.11637110964489 -1.14896075893401 3.70073223532216 -1.76466889740571 -2.10640171039851 -3.37624450557979 4.8728605859641 -7.52679246334386 15.5265953383254
56591.756618 4.7211744570408 1.57966695230753 1.01535128155226 0.536242483233158 0.374988925970091 -23.82428 6.751297162 0.179093837922325 0.69532277106659 0.84420653150866 6.79376948583297 -0.48206166015201 -4.16016587290282 8.86404365938144 2.54719151536938 1.10967480994085 -5.32281539405004 16.2350876563801 -11.9237477706618 11.9055121379434 -4.97735813606788 2.37887428045782 7.85753124841259 -3.1671215780931
56591.817765 4.01319588977862 1.28385349721613 1.01798928955742 0.540731469177083 0.381131406388843 -26.56708 6.754019458 0.179021657020196 -1.04925792686906 1.32786647523439 4.05743367018254 -1.3988502052506 2.01034443999341 -0.59995246608623 6.82656746904183 -5.67577632663187 4.83967675792007 -3.07196573929736 3.71384566333619 -3.01711368124329 1.42093033453581 4.98956231722401 1.54982653609004 -8.27138507463406
56592.714699 7.59137128263991 1.240510986851 1.01522619931537 0.537724663897129 0.382667998269558 -26.47315 6.751381603 0.178985177649529 -0.426347401179747 -1.15455776720509 -0.0681308047568905 -1.67368674677985 -1.75127549347674 1.79481590468725 -0.553202800585311 -0.66912494454565 -1.95458787459261 4.27843107408362 -3.93299366605221 3.56389740209458 -3.54830743532027 1.25770428491076 -0.80770033220651 0.981126415431079
56592.852178 5.85032233236858 1.05078204810478 1.0146034916823 0.544877218464797 0.380879706005657 -24.86486 6.743736825 0.183787506440548 -0.527999954539611 -0.30590942538926 -0.287061786028961 -2.53869593253384 1.46757493577128 -2.00478463620034 -0.71626748282246 2.90507585142348 -3.6844003753115 -1.68426061563004 2.04091369344192 -0.81247251656863 -1.86162135722806 -2.91231508089379 7.6102204512505 -0.82178657977985
56593.870758 5.79405928519514 1.37593949187914 1.0176168738623 0.538870256902134 0.383374992464293 -32.42946 6.749375212 0.179370366910561 -0.907702894743146 2.6279474704655 1.23368837151951 0.73587161312089 4.95545000631957 -4.39524124748954 1.54253102107787 3.57198582054456 3.41253095882392 -3.92031144217742 4.3387026164086 1.51786631924473 -3.69198829693846 0.20354035087548 5.03655987625451 0.181976322234801
56594.754683 4.68170664643169 1.46417670252278 1.01436155677793 0.538013941571033 0.378858822654316 -32.41943 6.753408793 0.174274362365492 0.51061681250439 -3.10095570515021 3.03357532935412 -4.85056237139437 -6.19459000670336 7.56401384319457 1.34129568720018 -3.58323307836869 -3.46719595320323 -3.91111661978244 -8.71885281143678 15.149671602183 -6.94025733029547 4.03986800640472 1.05477435794551 -10.4770804271265
56594.806026 1.09302740723836 1.56788977918596 1.01520253297441 0.533153095762001 0.382030539950753 -34.2685 6.7480957 0.179189644508787 -2.02791782166268 -7.27186170755053 -2.26124953664993 9.69583652883745 -10.5544033917388 1.66578992869873 -1.12198265274971 -4.24438310073381 5.01871499350813 0.0960107389834501 -12.8975709947674 11.2776236389572 -6.77969086763617 -2.29788470144743 6.78508874390878 -15.2516655973283
56596.697281 1.50387069329859 1.33324218939014 1.01815245946287 0.541532738914029 0.379816113409937 -24.39163 6.762689392 0.177668256572961 -1.33481572322123 -2.59078413129312 -3.69100011393646 -1.83910734188179 0.21701810572675 -4.09275215182214 -2.04211830324783 0.19691592242583 -12.6783700242505 2.25891368822317 1.65165139039897 -5.5915519745551 -0.413329520049844 -7.08368764359048 12.0921358079494 -6.71625426323781
56596.858521 -0.578365103033559 1.75201502073553 1.01454545536535 0.53373588563742 0.378607160733792 -27.55772 6.74777643 0.174580624616648 -1.40571224983713 3.86055558417832 -3.95572642283995 -13.006324001132 1.53038245594094 9.23824754408403 -1.12145955950138 -15.0891398267427 -0.16286153998399 -7.0660869632423 1.41610841349125 8.31557455004775 -0.65771900911865 -3.35088084314943 -0.557629413815468 -12.0826273982476
56599.74473 -1.14575460885915 1.07176083350569 1.02046953235353 0.541166870169551 0.377440844706646 -30.19688 6.743886405 0.175140832206067 0.963404132090697 -0.747032995702366 1.4515491983581 -2.95667125310117 -0.05357527877849 0.0296937239378299 2.51490303372428 -2.40872974085308 -3.79500162726131 -1.55304290531203 3.12301745007069 -9.98735595256089 10.5784298420456 -1.61928914119954 0.780951804531165 -3.92003076738118
56599.859142 -1.94423490919231 1.3604053623648 1.01545017789106 0.53794014899182 0.377899011389205 -23.40562 6.74578925 0.176180973469303 1.43364593086042 3.33716995074744 3.41514266520643 -1.5415472446621 7.9395069433834 -7.23905786228664 4.53820106604316 4.19626864236311 17.4630403689646 -2.71122056339925 6.46561087903237 -4.59661106383729 -0.98184508514115 3.00999629630769 3.3944996282367 2.43055083026363
56600.859491 -2.58011453105156 1.05192300441579 1.01855363743288 0.542743737557198 0.384638310239009 -25.14176 6.741786538 0.174976224072237 1.3574332785336 5.14509312203871 4.77371631431659 4.48201215351746 3.07276730958556 1.70074099020145 2.80165306879565 2.88272128167025 1.19368224973868 0.0939301494001601 3.95161474656919 1.73062060704015 -0.37693558539505 0.0296235566248801 7.27625740978361 2.28917828162673
56601.729039 1.18957228723992 0.94982760875839 1.0176599476453 0.540470179957502 0.379194649359238 -28.59841 6.7466244 0.177775437458186 0.448621183300441 0.664381140350612 0.0422323285652402 -3.3231149257751 1.56614992070679 -0.10365982992994 1.91730939215767 -4.16699714979107 -8.20489546028641 0.885879168100891 0.719437211458981 0.735349401644755 -0.26217227339843 3.67882129297317 -8.35505126553877 4.43009117177564
56601.837883 -1.15526575253968 0.815293383490781 1.01837255457862 0.545106342272174 0.381830369515075 -27.6298 6.73935829 0.174427788252524 1.73173660497971 -0.27148717331165 2.95672833352286 10.1251293356694 -2.68818693944459 -0.20279121335042 2.09862525999191 2.17150127435408 0.19950179174243 4.52438029509512 -2.19073621030507 -0.79304965723479 1.33687845846267 -0.3228481088078 5.74055974613422 -2.18369569946777
56602.771414 -1.3450044231779 1.06107113065701 1.01529656983232 0.54037301522446 0.381764731263856 -32.24003 6.742330396 0.173112576828734 1.0202177865732 -0.0144039425554101 2.09146655169755 -4.28966566420646 1.841241089661 -1.39980091622322 6.4387296040655 -8.42293799228188 4.38440036151381 -8.22389482939778 2.99219329673122 0.49231888340454 -0.58618856177411 1.52215979383735 6.17255800081572 -13.1033788390496
56604.835075 -3.10463657180637 0.980096657867723 1.0204077853502 0.544768140514613 0.381961021030084 -31.52846 6.739138499 0.17300546805225 1.34688513144078 0.61188126478491 -1.02711687449353 0.61456839502467 0.48303852135324 -0.03842321344057 -3.0451941222908 4.65412443914167 -7.08627405979085 0.30344091759755 2.75860112729565 -3.2248729094986 1.66085200528512 -1.87297139092992 0.32474660686511 3.21968089894382
56608.843989 -3.97677689879118 1.32070975848449 1.01944420803266 0.541520823334383 0.375179205920375 -27.64632 6.7431663 0.175721618674885 0.614109204376742 -1.42208434195157 5.42254843773845 -3.48957447356881 -3.5122432865704 5.09393379413692 5.71821285977513 -5.56334690386337 7.57056427459185 -4.12177552867525 -3.65709249916525 1.93515166247463 5.24585792024688 2.69664524582111 -2.05771612968408 0.0339721880376329
56610.689426 -4.63243940643143 1.09415075556728 1.01615589443732 0.541785458672694 0.382604869632032 -27.50356 6.739507881 0.173411044403072 -0.416526921508656 1.72413597405327 -2.73894640706432 0.544164506767809 -1.381130398559 5.12322599308985 -4.99465260893588 0.23526512408043 -1.23053341810431 1.56022072022489 -0.82398646396158 0.33502114160305 4.62011515429703 -8.67525032674119 5.41521283044724 -0.21254612451135
56610.873526 -6.22362904645152 1.104370654106 1.01343071760667 0.542099565986955 0.377232065994252 -30.96621 6.737864027 0.175159193944468 0.509359498101564 -2.45697892112584 -0.89377013644653 9.49640867887126 -6.78981165938073 3.40716757296994 -0.90276079791487 -3.51055034525776 10.0432217740027 7.56661974582019 -7.94634234015455 -1.94681404784897 6.58148477676562 -2.38170426605423 -3.44138234016616 -1.0674305837429
56612.750213 -0.568157690154492 1.1270623637077 1.02316323658641 0.542261710665581 0.382635181464757 -33.52163 6.740977742 0.179279113833895 0.791930346080995 3.1533389550208 4.95653014552043 -0.79541449049793 -1.33139865376224 7.98588146528437 4.27598516592763 -5.87961233344234 3.1259867995561 -1.40994331021169 -2.21813340203022 7.0747572116765 1.94939874630142 2.12473568578463 0.49556342666507 -3.87868223862302
56612.858327 -1.17908062818582 1.12601251980455 1.01987960963786 0.542364777578378 0.378680362951232 -29.79883 6.738376569 0.176286755529321 -2.05687346848404 -2.05687346848404 1.1042682558525 11.2583047176253 -4.9003982916616 0.0056742508558898 2.41045602443271 -3.0650759796739 -0.18990504710308 7.6923150580927 -4.24096576475073 -0.286090445075848 -2.70218869927568 3.80759941687962 -3.74973394318262 5.78929023811541
56613.679748 1.03195139279884 1.24676674362574 1.01817101889352 0.539787021568317 0.379269025371637 -28.03308 6.735984759 0.173594083411391 1.29548071881539 -0.25859328231978 2.42795674890718 -0.711594961009955 -4.888960395272 8.24226056380104 1.72798265825541 -6.14690372260932 0.48479755311844 -4.49804966252143 -0.93300124396634 0.56921146570699 5.56208313806792 1.1523035234893 -4.18718545854098 0.1840982271499
56613.811937 -0.877534403393636 1.27273346850291 1.02042268208229 0.54169817178994 0.380108782782887 -24.16633 6.743789872 0.175816629108021 -0.0237712976419902 0.0227221221409402 5.18869704196429 -2.80672960057287 0.59634955469336 0.19051477110107 10.4265530565674 -12.1574548748585 -5.97198235697612 3.0374943960326 -1.4443148040294 1.86211362007494 -1.43132928129125 9.54614590600407 -4.16423259954322 -8.82163074873279
56614.6883 3.21104871060562 0.957231975642824 1.01763553831666 0.543350713339253 0.378871701502907 -27.78219 6.748938572 0.175449910460156 0.0150549208312069 -2.35417604173125 -0.40133379652632 1.09590100549962 -0.88787991844171 -2.96595486610344 2.42419122073536 -3.57739094453189 6.74083298616486 -3.02080267774693 0.3232787057945 -3.05298637521644 0.2218785441084 -0.18229222433432 3.18510702458689 -5.9017178798257
56614.853464 1.86253416248114 0.900774979081431 1.01874504008702 0.541089852226665 0.378669809496443 -26.25742 6.742288099 0.17474009523979 0.743890204295153 0.743890204295153 2.64198290530623 -1.93583517723735 1.25673322331527 -0.0728024525991799 2.59244367870261 0.186033745812209 -2.4211677589006 -1.54327662474043 0.599409445982329 3.89230726670954 -4.33204990479016 2.64490440045648 3.76557876484849 -2.94298541693584
56616.720797 8.22372990986979 1.05933463313245 1.02102911160192 0.543135384525247 0.378946891948046 -31.38046 6.749619914 0.180451609297254 1.12520250224649 0.0908325558862497 -3.86697369478886 0.58674787603044 -2.88751067325019 4.94186851537436 -5.69998661899384 -0.61646779608554 3.79714882895139 -5.95827842095718 -1.38372093133688 4.69924709864267 1.31137756412359 -4.19906562148164 -6.51791389456827 8.04118154683671
56616.8314 7.79846937291369 1.03696959887763 1.01725597890609 0.539092538499969 0.38249437919088 -28.86171 6.745299438 0.179602197343581 1.24141807646999 2.73748382761331 -4.92971618431671 -2.47482906672363 3.48751792050001 -0.27274114968335 -2.78839325759233 -4.59599550284085 -8.24246260598649 0.77184536584564 3.25243380954864 -0.28607052490797 0.3101448238987 -4.25862502367447 -1.59025172271531 0.51041319550498
56617.656766 8.59479605620031 1.17879542832616 1.01845583775759 0.544299969288272 0.37519941325724 -29.27543 6.748419007 0.180088224462789 -0.657523384059393 -2.44872986361251 2.20416408572503 0.80541120324165 -4.79493235515614 3.71883984446556 -2.57581811830933 7.13374374694881 10.1252247569018 -2.73883981638296 -5.43017900813336 6.48253852072752 -3.24326748158074 -1.47279014027116 8.5169846910674 -5.4468954596127
56617.793886 8.91712643901263 1.1464864179736 1.01644734439763 0.541210738689089 0.377136515666981 -27.72857 6.750324488 0.179089671356301 -0.214832991892209 -0.214832991892209 1.39966075786973 3.29228398857693 -4.01790492915411 5.24970902506631 -4.4201659435504 8.0934047680143 3.89170293252789 4.80860874165422 -4.27161578976345 1.95306750704573 0.789864412083231 -6.03608212686433 13.6459915118995 -6.188214748274
56618.662632 13.0119684919532 1.06556776859452 1.01263637000122 0.545263133779897 0.379947366332905 -29.49701 6.751194628 0.182788807403601 -0.792747847284468 -0.7024228307416 -3.3828190855707 1.2988687160102 0.363374486488299 -2.4060269324176 1.5034053975837 -8.68648371739292 0.878271546332799 -0.820994018388999 0.614724865690301 -1.8353704863234 0.5508534243677 -1.3653999051713 5.06937934338 -22.267667609218
56618.706244 10.6693826233857 0.960518486733111 1.01811695706611 0.540490913315557 0.37997661062174 -28.45107 6.754246464 0.177635114766582 -3.061319573171 -3.061319573171 -2.5767883680686 -1.7840763626338 0.00778814751149959 -4.53163289206737 0.52284477571205 -2.67945983592613 -4.2498961570137 -0.927109553484801 -0.518409799379899 0.4013955989082 -5.22979393732487 3.09338884244027 -5.7680382612243 3.14977434614565
56619.704655 5.81496550120176 1.01717245936574 1.01619267535194 0.53973887306976 0.376355503075736 -27.54767 6.745557287 0.179384636164011 -3.60349647235454 -3.74521658681635 -1.57759089527249 2.65036968968658 -6.59852760239162 3.83548099582189 -1.09168265511993 -4.68341401878654 7.6525661304813 -2.48559672206727 -5.40156169867233 3.65459726569877 -1.37495984209888 -3.28218536614202 6.93840682095704 -11.968596450156
56619.775211 2.92898025040742 1.04201481844293 1.01648441279863 0.540229824468678 0.378371977133199 -29.70812 6.753458894 0.18223823610764 2.41356158909704 2.41356158909704 -6.50333565963982 -0.81438338578953 3.79138801552257 -2.05828754822918 -3.42815881065664 -5.01414936414301 2.01795770231764 -1.56184721443182 3.66105186532561 -0.0117053762593899 -2.04057390208253 -3.67905163517027 1.07562491721637 -10.7265141858179
56620.69824 1.0590315181457 1.51839081517708 1.01815594249269 0.53876053437288 0.379115563785606 -27.96252 6.751002585 0.174794366743586 5.60634660109784 5.60634660109784 -3.33039261201744 5.36709876016454 4.70077371938491 -0.42576330351281 -0.4711377310952 -6.02568362785202 -16.5968196198588 11.6480419549126 4.44151342318111 -3.29157608278785 0.33382873234626 2.2489858539604 -9.84769367868836 3.47855474158639
56620.776007 3.74359478791964 1.36847749592287 1.01253923729387 0.53865288562934 0.379616288381226 -33.56621 6.756663003 0.17933003135215 -0.56854242857955 -0.56854242857955 4.4991257790489 10.8239478300326 -1.34650280484065 -3.04191163250024 8.04848338251467 -5.21560065836489 24.071502977943 -3.70026551149757 -0.30799942760302 -3.32461706689543 3.87302587081679 0.94960851512344 8.68785471682973 -13.0824886767877
56622.683801 -1.10029488758322 1.43162031758531 1.0179056371618 0.542369011115393 0.38176367240655 -19.4158 6.756125818 0.171891704824663 1.16209287003062 3.57248422687664 -2.64678545891376 -6.88486446844191 3.77163507388083 2.42096525561973 -0.11409437165379 -7.95419061503297 7.56967511771796 -5.46941729686813 6.79394549573363 -5.0909055975648 5.08744656310335 -3.93314821102063 2.80366658747534 -9.15845996786065
56623.745823 -2.13575424531103 0.999414540555942 1.01680364800646 0.543216888206973 0.381192924189969 -24.03669 6.74253774 0.17915016854313 -3.40257161149341 -2.81021868490973 -3.21914088362609 -0.826073698325216 -1.47706799365036 -1.95406866044166 -2.50142276069733 0.24570812922394 -10.8200868886538 3.21041692155704 -1.95320315236216 0.790995870648237 -4.59779350246079 -0.42898425164132 0.38342463575911 -1.95766207399924
56623.865639 -3.12667524912894 1.0560863907502 1.01936462217891 0.54381141876562 0.382673313685949 -23.44733 6.748549989 0.174514308266945 1.90170349791184 1.90170349791184 -1.36777038765501 8.06242481980741 2.17731003541707 -3.74105056505172 0.32283785266197 -0.27260387929089 7.67907378969877 6.62360398831512 3.42568286209711 -6.97615058705217 -0.52492272141683 -0.19703468007727 3.07097462036724 -1.84508409691991
56624.64142 -4.13384721499547 1.29011744704512 1.01830088687719 0.539208554185633 0.382115449913801 -29.66258 6.741041336 0.176084632170711 -2.47850229282487 -2.47850229282487 1.09777564845908 -3.34482966911342 -1.64310040831518 -0.11054769730128 4.44173014700059 -7.38479218939082 1.26696609161794 -6.8704791836697 -0.1958739604705 1.29036156511159 -0.93719112169692 6.37312384122472 -12.8957839105984 10.2055197617481
56624.766861 -4.57626156326093 1.17790488103911 1.01980106455302 0.543753822980968 0.380356080018267 -34.98452 6.733775603 0.173689836199745 -0.18942626591382 -0.18942626591382 3.48247751111964 4.55251832138031 -0.95922936037403 -0.563017939393109 4.75111497911605 -2.35799048536161 -8.74459284083154 7.98559823189615 -4.010828602792 5.33057380867749 -6.40537720567956 4.25617141819057 -1.71185084254986 12.3905696495506
56626.615658 -2.34474460610815 1.27436057333595 1.02470562476724 0.546226074825448 0.379092039720546 -29.43336 6.741579236 0.179678552255302 -3.35551600447861 0.61001208560304 2.30220734740925 4.53246255825803 -1.5796391864108 1.88654504523449 6.09273385439561 -10.0708498826933 1.84431192465708 8.52110869212428 -4.92061992537979 -0.15115431246565 4.69410549969136 2.74696487660955 -6.46815058918229 1.87918366696612
56626.84875 -4.57768075140931 1.12104531059984 1.02148754770091 0.545188482684871 0.380940621949952 -28.92971 6.739686865 0.174892181669862 2.70682837524757 2.70682837524757 -4.21880641779474 -3.48626979495462 5.83876099156172 -3.90593510621077 0.50059383764708 -6.96562592810608 10.2389662660324 -5.34576022013994 6.17507630332407 -4.59528225717413 2.6443609509207 -2.88383486569018 -0.96311399598499 -5.00420090757622
56627.623327 -3.18527247603439 1.12532359171467 1.0245606136566 0.544592905731462 0.381114885615833 -30.71672 6.742427718 0.17295205343713 0.134516458017639 2.53482804383834 -2.79730337227279 3.12302780193058 4.09317212196365 -3.9907170169888 -0.21746232202787 -2.01318375412164 10.7783972575432 -1.41697048544057 5.19513979383511 -2.86857880347397 -2.88286516847458 0.69435407742458 -6.67948812714606 13.987536052065
56627.83819 -3.64630021178664 0.912515607420634 1.02015411498798 0.545335629155917 0.378917784484076 -24.08693 6.740666804 0.174501320707738 -3.65455593036612 -3.65455593036612 2.40027845328962 -2.35981032189403 -3.30376869233227 0.384136101933541 4.54830013404053 -5.29231050335706 5.11257244511413 -5.57760901002562 -0.46747515001327 -2.79961448401588 1.64843455187915 1.6089187555508 -0.0315713203838603 3.32373336703058
56628.610174 -6.40083453317432 2.25975959496057 1.02747183055814 0.548453234481058 0.373883218222172 -27.96659 6.745500618 0.169660640977069 4.16121351672499 4.16121351672499 0.83160869457645 15.4208787004026 -2.79126116789466 5.97224899109061 6.59442246451229 -17.9730559622699 13.4752356723285 8.48719929307225 -6.28704470662175 10.7190225247602 -4.04028944022539 5.5323681038876 -15.2775606456903 15.2772226466228
56628.842154 -2.23837315485043 1.50164670590267 1.02551056973605 0.54515225596808 0.378078428972242 -25.5077 6.739559663 0.179327728255361 -1.24792162331724 1.76913202724363 -7.4914916004183 -6.7056973199645 6.9433557527104 -6.2005833651672 2.43381956187612 -16.6768388148586 20.0940378525351 -12.0058130583394 10.5954328025428 -5.61216635787383 -4.46819174371702 3.12614181667046 -10.5819902512202 -1.3448851141398
56629.626742 -0.821188191148863 1.75294153136006 1.01931039503468 0.543143050162886 0.378133049604426 -34.20964 6.744205269 0.168910412873221 2.15282007403211 9.33728248407674 0.4071285659137 19.749756019633 8.62800432540125 -6.77248970959263 7.83071280377743 -10.0894989661014 18.9626086220945 4.31271143689357 6.74010543319798 7.18362115225649 -15.4503687805123 9.4683496624199 -4.70836308875894 4.593855819458
56629.823885 -0.961126788317171 1.23451026530305 1.02030437960761 0.541786701666596 0.378201186427564 -32.54053 6.740690062 0.175297277271094 6.21961447594353 6.21961447594353 1.31842300213563 -9.14271484966155 10.3977901725994 -3.47056136866305 5.46068303653954 -6.18164765030968 -5.23312627932508 -5.5419366336025 11.7508075875027 -4.67056813567291 1.37556008209686 3.64997120565691 -6.83380593607798 10.002155491092
56630.6086 -1.42543858266888 1.49595574674855 1.0255793789527 0.54248794777723 0.376364713742216 -36.99261 6.746400425 0.171913257322969 5.55529247518296 5.55529247518296 -4.63317891207194 8.8124460702777 -0.06978695936394 6.04087876268053 -6.57306462849729 -1.294890688783 14.4402259481795 -3.31390303457104 1.05707358433311 8.44944619686197 -3.33468437274035 -8.76381869029109 4.52888083405119 4.69951397544708
56631.633397 -0.813206036302514 1.04454222277501 1.02320171659231 0.539251687717286 0.372922496947485 -31.01487 6.747337692 0.17163458834 2.17912998894233 2.17912998894233 -0.735147323074701 7.61891441236217 -0.337783737282259 1.09670515860073 -1.42153010742889 0.517345857970243 6.45661606205183 0.28689708317245 1.30591118596642 -2.45082575684049 4.66030609335772 -4.5741234605324 1.74893102197919 3.79445319701573
56631.845065 -5.84195026630992 1.09941654796909 1.02658721757431 0.544398237451472 0.375986323752349 -29.85259 6.739817287 0.173198027318475 2.22916935822306 2.22916935822306 0.0561632295866392 3.531456720178 -1.83705635004011 5.60087314602528 -1.20648405844486 -2.53894750144247 4.57506386201609 2.66375714076534 -1.64527213602739 -1.54497213055534 8.89813197559035 -6.83665653058973 0.14649980525889 8.75558177384565
56632.613379 -2.34192317265968 1.00863667664452 1.02247534901549 0.545778072729 0.374318373507663 -26.76589 6.744592253 0.176755017649368 -2.59985478681472 0.93838877276792 2.88236148217367 4.87989558619203 -0.82771379885382 0.97534951237886 2.9956731704354 -1.19523679753991 7.51451303677219 1.37253723468309 -1.31025491754601 -1.76215355844817 5.58843998021439 -1.79073200973411 0.750329721439676 6.63673085516387
56632.857651 -5.01863895575518 1.16243040788692 1.02537665928463 0.543157469054603 0.377541103271878 -23.91893 6.744237349 0.172801750176672 1.70163079331521 1.70163079331521 2.88398714590787 5.70626632702918 2.19985181358186 -3.15612202153713 6.80222663961688 -5.85612975848773 5.00203783866481 1.05391546336557 3.51341173811883 -1.84870919501918 -3.72424601053859 5.68423780944313 -0.36611901320232 1.25079084431086
