52948.81858 -3.07066234736234 0.361956326851118 -36.2745 6.968879801 0.170625199086821 -3.00952001619696 -6.88126629473503 1.16797236411745 2.92022046360372 -4.58797475879358 -7.51599368982248 4.47904878939392 2.31437478981495 -10.1552552392246 2.90738138008945 -3.49409737271346 -5.4391014437888 -1.08280628065045 5.16682436462598 -1.71602930084891 0.44330635740611
52948.822422 -3.78813875910059 0.364163829333281 -37.85637 6.968424358 0.169993410051177 -3.00952001619696 -6.34532420846102 1.11853557905867 2.43703170409769 -3.94519268375907 -7.25919789639005 5.15153856902122 0.19173072007162 -9.01285538634371 3.17610755767639 -2.99961360196582 -5.51041829062838 -1.68093674333733 5.90757131185893 -2.05675129873309 -0.43759852121198
52948.826265 -3.64464313270393 0.365051767879498 -36.59786 6.968300901 0.170764463925776 -3.00952001619696 -7.37713095543394 1.37083115192273 4.42321642011144 -5.16345696506304 -8.27811056700521 5.89195207573096 0.46480568141809 -8.98248482669499 6.05428370379273 -4.90223281048868 -6.67431450064918 -1.30301818995346 5.72330769342365 0.19959692748891 -3.03802180761752
52948.830108 -3.9014214163162 0.35430969562742 -36.76833 6.970784351 0.171055879069249 -5.48648040077875 -7.82877527403739 2.13462392732375 3.18167076784076 -5.51641138278337 -7.60510356982923 6.636478253999 -0.39877636679389 -7.85839333606513 1.23400852843826 -3.8369869434634 -5.66886801725003 -0.80089581942563 6.62398153936142 -2.48102658466361 -0.64855582254212
52948.833973 -3.41779823702253 0.361550305516713 -37.24073 6.969228073 0.17039532758705 -5.48648040077875 -6.40656759072747 1.2327649910352 2.65866616062444 -4.14806836831676 -7.09290068665007 5.07851391860503 0.39342896328507 -10.300488230677 2.22572615768144 -3.11147334741806 -4.5062766973396 -1.20231401631954 5.3321803288113 -2.2180872977901 -0.49077417627197
52948.837839 -3.56184144836936 0.347940639708886 -36.97736 6.970195342 0.17073826475149 -5.48648040077875 -5.48648040077875 2.08337493299326 3.94315629320793 -3.35914092814855 -7.73642898070316 5.36511640317251 2.473414086767 -8.34136793813941 2.88892716353023 -1.55313317126125 -7.08095184540908 -0.362874109116309 5.34027640028586 0.56690905807806 -1.24470039133953
52949.804149 -5.72031982120864 0.782154283618641 -35.68062 6.955145872 0.165431153383236 -3.9036248618556 -2.3333910553352 -3.15467586411488 4.63974650107549 -3.13139581419522 -0.72317175266289 -5.80772055592727 6.91161120281236 -12.950956934099 8.41536507419287 -5.24219975393784 3.69948439212896 -5.70939053987724 -2.90852970139605 0.8465008706512 9.36938010182465
52949.805561 -4.91398250134316 0.738318295431835 -39.9635 6.959951532 0.165823240043331 -3.84301644908609 -3.84301644908609 -0.24175530892283 -9.34472860096651 1.94460860925894 -6.68477114868877 2.71794958249249 1.0199369873245 -12.627235990008 -3.13577783102383 1.69388006659906 -2.0812562229002 -4.58135537471361 3.9555046728056 -2.10747152678521 4.28020250943527
52949.806973 -4.18762987051123 0.690079786166141 -36.53579 6.96103436 0.166382266746384 -2.72935432368104 -0.86494586246026 -2.58450939306386 5.00521588373984 -0.12697387239703 -4.18661893830409 -0.9976784578469 1.22589135077794 -6.69656395392702 6.55717292047299 -0.841819778136608 -3.00070406699491 -0.92308156440843 -0.0926515865886701 -3.33278681315897 4.88774112039414
52983.65092 4.83294895931141 0.33388437927004 -34.91374 6.974946625 0.178951083292411 -3.65356016230545 -2.99193109597349 -2.08461580233524 -3.46100962880108 -1.80914788346393 -0.24593752852844 -1.91121325117262 -0.0706354819978698 -4.78461642643003 -2.3853713416873 -0.31488734707729 -1.01744858293609 -0.84951691211813 -0.14737450542935 -1.63391017153879 0.1921601528309
52983.653906 4.89862922471667 0.365994291940122 -35.34993 6.973864001 0.178177434713669 -2.86304155453273 -2.86304155453273 -1.41564468659022 -5.92715668054975 -0.48160276456698 -1.32390560235636 0.0657441508329 -1.61146435256208 -2.79124272121996 -2.78055508934592 -0.68432304246358 0.0187738834816402 -1.66608287496791 1.17525095881788 -2.10251181436246 -0.93352374789386
52983.65688 4.40349474849912 0.337936613824702 -35.20478 6.974355364 0.179778865776795 -1.39270876831837 -1.39270876831837 -1.6729369011451 -5.08083918747894 0.42508391586489 -0.61922494670366 -1.11460196225821 -0.43823727536111 -3.47071903539375 -3.32639637486237 1.93088633252253 -1.56043757227898 -1.16631453044295 0.35246141952658 -2.05696802932418 3.13428369791863
52983.660063 5.64858852738536 0.346117617936296 -33.85134 6.973981793 0.179100910157603 -3.92121510784616 -3.92121510784616 -0.53476467161386 -6.27295199144579 -1.58292990865164 -1.00136437146432 1.24021526749741 -2.63655209408014 -4.62156701371336 -2.63098557532843 -1.21230542485382 -1.37450825780585 0.0933977467195097 1.75778909055119 -2.92560552419769 -0.67797892156049
52983.662783 4.5282309801227 0.33092079082573 -35.02885 6.974182188 0.179521958241271 -2.45578184545808 -2.45578184545808 -0.58577134309361 -4.23598465493594 -0.268538624322 -2.04315923379362 0.28486364963065 0.64282088541116 -1.76257979595599 -2.68689785918041 0.144516561345361 -1.75228256012097 -0.11729059302144 0.30187964000517 0.0318037913520599 -0.30043169561202
52983.665862 4.16146405932154 0.312578392045891 -35.20889 6.975399289 0.179458058828103 -1.19128845186119 -1.19128845186119 -1.90351515228505 -3.80981474824573 0.22749992856513 -0.52486709347703 -1.53552352715555 -0.13480673168227 1.11077877513339 -4.12089613516733 1.22497306033604 -0.56674014824287 -0.90201707082709 -0.10806113760326 -2.27000188135538 1.86797533194404
52983.668906 4.00013935253367 0.315091029720429 -35.31681 6.975720713 0.179078663946582 -1.50838736001523 -1.50838736001523 -1.86696550642149 -4.18731047592335 -0.0750623064218598 -0.27769257640402 -1.48186990750338 -0.49040329835639 -1.15966637228976 -4.24125877833645 1.59100012558235 -1.74906036790971 0.6189734216778 -1.11055050507915 -1.00022865328343 0.50357958920167
52983.671707 4.35940212858273 0.332747490541975 -35.36484 6.975588128 0.179911278037214 -1.58958683605674 -1.58958683605674 -1.70540753851532 -4.98794415479068 0.290584205324079 -0.79149423229112 -1.19878510526382 -0.11448764821115 -1.82947978885633 -4.76513675299578 2.25877530645718 -1.95015865875234 -0.55702912531048 -0.21634856804444 -0.0206545933573099 -1.03581905741752
52997.735525 3.09520076780908 0.411538865976084 -33.9345 6.970806413 0.178136007699603 -0.541743378805725 2.7738760630352 2.35111577455277 1.62470617906209 3.51998019727763 -2.87964277743481 2.66036773428958 3.12371586702602 1.04262564710177 1.45582296741038 2.95050227694161 -0.95192286180788 -1.87131876158926 2.17473115310823 3.24345636498997 1.27044683907777
52997.739414 2.77483246340194 0.419552633420092 -34.92081 6.970803661 0.178488024871865 1.95044153877648 1.95044153877648 1.21526883672075 -2.18188677425295 2.27108826370434 0.79864771051756 1.42669317006914 -1.5796921287908 -1.08484737745538 -0.779801642538234 2.70127131276252 -1.12086264537289 1.65388259171024 0.88238693119608 -1.09194756063717 0.80616839422598
52997.743234 1.57150982824168 0.42233347754178 -33.82701 6.97108515 0.178583342395877 2.24786603833602 2.24786603833602 0.62994262497045 -0.233122844209821 2.25338197191494 0.14851276538904 0.0160292100785697 1.2510903435023 -1.02894917934162 0.883625061895483 1.94682547099286 0.20612287261926 -0.38179008973501 1.19039079686686 -0.0922328029323203 -1.61924851719749
52997.747157 3.06336492080384 0.428306370297869 -33.12341 6.971030875 0.17887674428945 0.24060721881797 0.24060721881797 2.04966588268286 -2.36199741391992 1.66055379462873 -1.58021196316266 2.65032259930285 0.67035971004485 -0.28723449079437 -1.04806938362389 1.18433413740978 0.36760916695606 -2.3053025121825 3.95368184396109 0.45641563753669 -3.13041969623231
52997.750977 2.64321996064861 0.438329789020621 -33.03717 6.971613534 0.17900217114897 1.18238366941025 1.18238366941025 1.01110336170347 -3.75192571345251 3.55007129453096 -2.81414413573823 2.10573609905314 1.13782194306062 -2.7910009781233 -1.25847627774832 3.1878278524483 -0.51225543611008 -2.68601020762835 2.86298584067954 0.93770461681529 -0.78671299583664
52997.754831 2.77114897821684 0.430800383662683 -33.6416 6.968768714 0.177980395239397 -0.442453206064483 2.76655315922526 1.45526695453874 -2.36850550650728 5.03722899117439 -3.57035694716117 3.01549152865304 1.09380073206611 -1.60218008648334 -1.39344996607466 6.54470847717113 -4.73432377686546 -0.48642382721848 3.26286417546949 2.13809484453564 -2.98360687843453
53003.693653 2.32201950326528 0.328673265989235 -31.84813 6.981266383 0.179141200757666 -3.75141940844189 -0.84492568419789 0.18207481685042 1.85797873347733 -1.2636321220749 -0.35368548463602 -1.3364172793225 4.08380630566634 3.90857939694045 -1.50062623170671 -0.21487766980026 -0.59194958242648 -0.47839695830038 -1.02243862641462 1.83703884700462 4.43416967484146
53003.697531 2.98666850272159 0.342410911591541 -31.72283 6.979586758 0.179374017749816 -0.49757293014938 -0.49757293014938 -1.2163117311722 2.14357973029589 -1.06875699401163 -0.22134040100646 -2.2058011189311 2.64240253928805 1.29590641300998 -0.773888674522969 -0.51776628345103 0.42246693116056 -0.141824209134 -2.28096540628214 0.393257274977765 4.0868640103213
53003.701339 2.65211308053079 0.342542340886494 -30.77721 6.979613044 0.179691048029179 0.19027365091813 0.19027365091813 -0.50806459242448 1.57388013626066 0.29908249054701 -1.37542132317084 -0.29782670957408 1.33973424174659 0.1886995695988 0.98231684153268 -0.39851550692275 0.57130532166468 -0.95935331339369 -0.52478618263035 0.50829589338532 1.12409774620432
53003.70517 3.11453155210011 0.334899603991692 -31.09035 6.980178674 0.180273049105739 -1.89973215425011 -1.89973215425011 -2.58198410595935 3.67942370864693 -3.39161603568492 0.81403567588278 -3.54706353886145 1.18622045743175 4.31015480611809 -0.31358440155897 -2.52878959275315 -0.23725537733121 1.07982211443501 -3.88458767246818 0.457430188511705 1.84792179424149
53003.709082 2.41579661476897 0.344880242863014 -31.565 6.979899795 0.178906728746557 -0.963030012854 -0.963030012854 -0.33952407210549 1.67478971532347 -1.60312738017823 0.29385751985374 -2.17681935444655 3.98341791816898 5.52011031853256 -2.77763337755199 -0.71561448258806 0.6833678463891 -0.3720250084938 -1.77017973460084 1.03773734941344 4.56409015716357
53003.712866 1.8274615978924 0.344520857386595 -32.05386 6.980848531 0.179481345684428 -1.31850306620915 -1.31850306620915 -1.26993281273319 3.37938302223823 -1.49305586435057 -2.01338467901424 -0.84261216351578 1.71216726105077 2.01003255585635 -0.19078677310899 0.34189036917851 -3.02561101005676 -0.40346989414284 -0.173024752053859 0.184287231386942 1.92422755712448
53003.765899 2.38962719612869 0.254895296028557 -30.44173 6.993928315 0.17882612547575 -1.28938544491263 -1.28938544491263 -0.82319908084927 1.6032656162816 -1.8303952761326 -0.0191187333648 -1.49597263177547 1.54883607391339 1.69332796671405 -0.25061816277722 -0.99668250804109 -0.89005403041657 0.15618141530353 -1.0093400236276 -0.00146448640119001 2.3489991854069
53003.77355 1.93953312262952 0.259306698345541 -31.32117 6.993765913 0.179007324714392 -0.82190871289799 -0.82190871289799 -0.913166507240568 2.63234512670322 -1.29797957196179 -1.03176245523784 -1.2962938271491 2.2701342660358 2.38020213244285 -0.37036252636057 0.0277175087433701 -1.69531308082027 -0.503003454161811 -0.650214387485049 1.39880500010645 0.59331100108304
53003.780945 2.0373556703057 0.262191093409872 -30.44192 6.992808957 0.178694662489427 -0.29992166093344 -0.29992166093344 -1.24616604819825 2.45373321229812 -0.84117649789146 -0.62997273558953 -1.68504103074287 1.83095398277187 2.4340962621773 -0.28321267551609 0.53864822156402 -2.39795284080575 0.97982944216365 -1.67626688015532 0.702467109652487 1.85648843954968
53003.78826 2.82637715289863 0.264566137549534 -31.31246 6.991970427 0.178745092713972 -4.21508210500396 -1.29361334968532 -0.84081544815378 1.94309621576513 -1.54665729404775 -0.92403214272764 -1.61499612510313 2.96971146052391 1.90664030221923 -0.10213348237166 -0.67601105782641 -1.57856035259516 0.01707742799708 -1.62666170536061 2.29279246794179 1.06738701401643
53004.682164 3.08866367132685 0.328404257329457 -31.56471 6.980227425 0.178741684785046 -3.90823224606896 -1.29860136360531 -1.68894900451968 -3.08982404849721 0.47192083273035 -1.85487398476284 -0.957101141608962 0.683019788443942 -1.36250214051254 -2.05675686981352 -0.17665923793081 1.65110092200216 -3.4232867997527 -0.837483522947055 2.59874009731372 -2.14126097643697
53004.685925 1.78095512087793 0.308005940693412 -31.5118 6.981838884 0.179378071950331 -1.46975155417665 -1.46975155417665 -2.27439764539761 -2.40123032348445 0.15834192902693 -2.02961392439473 -1.64377009141567 1.16866997108701 1.15512229353732 -1.98006485154917 -0.17641778342566 0.55772811227214 -3.07726095581858 -0.988898290548738 2.61861242846093 -3.36985087695226
53004.689803 2.26258068519797 0.313130883147042 -30.34616 6.982088316 0.178848826400774 -1.31148440940526 -1.31148440940526 -1.44544107348333 -3.28307065700926 0.35362933484845 -1.47213226677197 -1.60972767300318 2.24991391921591 -3.89443203242994 1.47805251954956 -0.79536363615455 0.55966836291771 -3.66569776014423 -0.326894596871037 3.86223432167781 -3.7294181878694
53004.693564 1.83401921771031 0.307947352134855 -31.404 6.982468391 0.178607529264997 -2.11085861745775 -2.11085861745775 -0.654780833666764 -3.06693701200261 -0.8470838760438 -0.786504386616802 -0.588405225937391 0.847576282499824 -2.78008813517504 0.83171971927788 -2.18058491423046 1.46784381149446 -2.95833351146782 0.025993153030444 3.31995140006583 -4.42229599884539
53004.697442 1.12195784801868 0.292051551875518 -32.36301 6.98537694 0.179062933893177 -1.14444803330933 -1.14444803330933 -1.0863182662857 -2.11032548040909 0.60254936719638 -2.52640315630194 -0.230163487739816 1.35796326665913 0.86889145611577 0.15794368651903 -0.43197376425191 0.73530931424264 -5.14977669151646 1.61094860666888 2.50083952611528 -2.74608209072137
53004.701354 2.31157261307056 0.286773306149475 -30.88899 6.985148811 0.179376614404562 -2.62606809458896 -2.62606809458896 -0.640293174291207 -1.55936220302176 -1.70792290794822 -1.03835992343029 -0.809992820744011 1.74275526915788 -0.8930769119089 -0.66009209341426 -1.7657413529408 0.37676403594819 -2.39162467549713 -0.246883554763579 3.15314073598312 -2.43332595322469
53004.733692 1.47980674193507 0.281657020040732 -31.61893 6.987419561 0.178821467350331 -1.74544338508645 -1.74544338508645 -1.91179168016903 -2.61336456762912 0.32544183876238 -2.94799929033839 -0.868404387843241 1.45425582742843 -0.84747534698959 -0.24350650564373 -0.32827118029196 -0.76130352609472 -2.83349875654738 0.0250316435028601 1.37371092553471 -1.27438981377467
53004.742905 1.99746753802555 0.271447088521507 -30.95341 6.987459466 0.179013139388905 -2.20895091520739 -2.20895091520739 -0.983359988339877 -4.17424036321005 -0.79327443568558 -0.22372535387783 -1.771290835213 2.1052433177015 -5.44086924221742 -0.65452665284297 -1.40842054536287 1.40220787697093 -1.70664870057328 -1.00142715943552 2.85924421005008 -4.25034173474019
53004.748495 2.59879239837563 0.272301538028454 -31.20214 6.988793755 0.178448441430788 -2.42480396124587 -2.42480396124587 -0.94104860202677 -2.53944345310002 -1.13032706037042 -1.18812595978379 -1.22508196981267 2.22165290147033 -3.19036146654547 -0.31622365874507 -1.889048370404 1.58327763027658 -3.13277576176137 -0.279414480060767 1.90149597268893 -0.22964461104307
53004.754583 2.64650636479599 0.26450369660233 -31.9791 6.988492272 0.178940112763886 -1.10845867951578 -1.10845867951578 -1.98316207947077 -2.92898236649805 0.51042740615351 -1.65751658124107 -2.37914541176034 3.14849437465248 -0.39688326542455 -1.25518688297141 -0.26115925290895 1.36709916486684 -3.66415560192838 -0.970410343690071 1.50543704538932 1.56627263669128
53004.760671 1.03027228442915 0.259644243213087 -30.98006 6.990802582 0.17879650683568 -0.14605951129262 -0.14605951129262 -1.25942801106491 -3.24898047875957 1.88865509446674 -2.38835024525851 -1.50588884663622 3.79651326753806 -1.32086829869625 -0.769590217387761 0.910689822300241 1.0353160566008 -4.12737810504075 -0.143376331862 2.98501926928029 -0.442877908399968
53004.766585 1.31263263056326 0.260513078932341 -31.33335 6.991053466 0.178756178179434 -0.87397906348762 -0.87397906348762 -2.17420291322285 -1.29414430000783 0.23463621436302 -1.69335734025873 -1.57014551615684 0.934295735518842 0.75991702015795 -0.03928179388866 -1.15881805934651 2.12612362322696 -3.97173728496223 -1.21860667878603 3.0624159994281 -2.84669600365228
53004.7725 2.1865099808514 0.263253966073472 -31.11146 6.990687392 0.178662881489366 -4.50880691962743 -1.94043840857051 -2.09762206805328 -2.99789873573217 -0.12421273038355 -2.11915139330655 -1.32160025448585 1.1056481914243 -2.1668105657927 -1.28065580934396 -0.39137025773622 0.6446898251004 -3.72190479814483 -0.301797492778427 0.748768799107375 1.52347534419566
53032.612269 0.578690219265436 0.312818756927947 -32.43271 6.978075587 0.177856161439821 -3.37900702746598 -2.04495760560136 0.54965356177381 -1.41234845784382 -2.29653581684161 1.51243158857358 0.211706856303133 -1.14247087267064 3.01095553562461 -1.25177721941141 -2.33417218572642 0.318241608409923 0.953807908842548 -0.978238288594916 1.5823915161586 -0.57543857620997
53032.616216 1.0131854916746 0.312304336861397 -33.08412 6.979869851 0.177048921472255 -1.98014174801765 -1.98014174801765 -0.302728633898288 -0.30028295598042 -2.80272830564146 2.0089567503457 -1.15906712847709 -0.558918527971073 2.87951530599994 -1.31174359566787 -1.87793636949811 -1.05163400855385 2.62964214904964 -2.8748008910101 2.2000523983824 -0.308755315221097
53032.619954 0.444399092936379 0.308603092659333 -33.77411 6.980627117 0.17764827761641 -1.84612019151524 -1.84612019151524 -0.336099826704969 1.92340151806472 -2.98010605255993 1.19512144460764 -0.117527119763314 -2.04320569852321 0.872995893579565 1.09887403126245 -2.9472552993891 1.75423406116218 -2.19149926599522 0.350539704617664 1.01778904306525 -1.72098126344904
53032.623831 1.07815365744288 0.306507735291597 -33.00306 6.979635775 0.178373251623276 -0.653192723101093 -0.653192723101093 0.267618777651353 1.13690401110885 -2.22998310806995 2.70403593673073 -1.68143144916758 1.08781779452128 0.768786775490354 0.18554682906013 -1.89493252422551 1.61989378483308 0.2498616194016 -1.65870844803962 1.4863383336959 1.62041283099534
53032.627466 1.97900896321993 0.311100191051067 -31.63525 6.979310439 0.177061064279636 -1.31963712500196 -1.31963712500196 -0.834647177166594 2.61285852719653 -2.65140265115727 1.18439673081836 -0.70724000691933 -1.82821164559857 3.67401243965853 0.26782513976357 -1.95520578342876 0.12052638332711 -0.36195832963514 -1.23010436906499 -0.059140047637713 3.26080588435847
53032.631598 1.11567117612572 0.288526501400558 -33.11935 6.980101006 0.177497513611247 -3.05030762046855 -0.653194565361488 0.303439636229858 -1.08079374321846 -0.382292495906037 0.159643347453154 1.409408240937 -2.83954446784217 4.18042715222801 -1.05445206450471 -0.829846633378826 0.232453329645176 -0.31246662163997 0.89538890775682 0.22507373888933 -3.00494422694
53038.584066 2.52892511625133 0.271012708816185 -33.2663 6.982271289 0.176897795597574 -2.12305682493121 -0.84104540640453 0.28870138198543 3.77599387683499 -1.63241141820868 -0.83883509979396 0.45958123246575 0.70617539208391 2.44023448524867 3.71615810980528 -2.30412339798416 -0.6149446935402 -1.24150622905835 1.01420289853007 -0.71115165541522 4.20673397856469
53038.587874 1.71610816046517 0.275972493191471 -33.70271 6.981111149 0.177312880693943 -0.52794035194294 -0.52794035194294 0.0707941491172199 4.81928804031647 -1.79806759330154 -0.45113796765883 0.80942113179053 -1.14477964595537 4.39307231306002 2.9848745760822 -1.94626411185996 -0.853360843887 -0.644996316315689 1.11707469061843 -1.48529293979411 2.88186667999291
53038.591705 1.86535494339439 0.271860507504752 -32.67428 6.980788182 0.178275502561788 -0.6630417900366 -0.6630417900366 1.28554189892158 4.30663525612043 -0.58079453740612 -3.21381177929484 3.14374986094171 -0.11200653522387 0.757376470881139 3.44951697750158 -0.9889708943554 -1.17144964571151 -2.91351730630121 3.61752495626255 -1.07167990130156 4.3466566287475
53038.595547 3.11164844161809 0.283686255971636 -33.23963 6.980914244 0.176997195325315 -0.40613893796871 -0.40613893796871 0.0984409819288099 4.21537859953691 -1.23332991241588 -1.04764601183712 0.43895123934614 0.57548440730243 4.55024531013501 2.76189848461424 -1.6650286986005 -1.4282903085282 0.42866277008254 -0.32708270164762 -1.6663216164356 7.8677205192257
53038.599459 2.54502629451349 0.275703839914997 -33.98785 6.981585581 0.177385229101342 -0.0428617422932902 -0.0428617422932902 -0.29171932032553 2.65049017580995 -0.36127353421578 -1.1253223890691 -0.01489191722323 0.83601689806092 4.09803897369204 0.48658925837471 -0.43132813006219 0.13849726486817 -1.99258716412239 0.0466971607464299 1.31185884489732 1.98728893639184
53038.603163 2.3159675795376 0.291138932918478 -33.75513 6.980452405 0.177610969600667 -3.51287999099258 -0.46661888054349 0.21586119729378 5.04437066262859 -1.54724339137811 -0.96265324264407 0.33163562352375 0.97833757140631 3.83538962978807 2.45192023503565 -1.26361018144958 -1.23132117803635 -0.71054666453255 0.14616333801856 0.46549050397892 4.26619477527652
53039.664089 2.52396909567458 0.57945279202226 -34.1394 6.968865708 0.172700771021341 -1.66075095790804 -1.0238286038943 2.65659652441528 9.14289128217377 -3.00752779631823 -0.90916413472623 0.72534217116449 5.65483452512837 12.6137222968979 3.24314213088738 -3.14585184062023 -2.69022720784532 3.16135417566847 -2.98710545224966 7.5309788974804 2.26130443327438
53039.66623 1.02315179310259 0.605827781993511 -35.97891 6.968151084 0.173345937402355 -1.1476260374501 -1.1476260374501 2.37519280763514 0.19416267782362 -2.48097729085578 2.6199917986584 -2.70134658940568 8.59669399718664 0.0155809374423662 2.42530829147533 -3.95898527503107 2.99949464197968 -0.577974304788442 -3.22285319833067 8.5765326424511 1.45248389535688
53039.668302 2.61901048737992 0.609654984930803 -33.13476 6.965112101 0.170361317372971 -2.87492223234643 -1.90798984734015 3.65171939917487 3.75968828784598 -2.24742867813992 -1.35443011081746 3.21274462842772 2.5782820855932 12.3309835584213 -1.5841309575861 -1.60192669682866 -1.77991523072959 0.478126126789981 2.85337822425722 2.31035024742131 -0.66342671408275
53045.574873 5.32289815720414 0.275764025666328 -34.6197 6.98617398 0.178881783016557 -3.40335043561046 -1.05995023526924 0.05536148664617 0.88807500154618 -1.30780840573653 -0.0534049284198606 0.4331323804176 -0.83903922213601 -0.78143763672285 1.76729627009207 -1.502731898024 -0.89721991152697 0.798974455786071 -0.87069270362171 1.87549067026491 -1.20979751730088
53045.578751 4.73504748302034 0.284067855429937 -33.05199 6.984792128 0.179806758668029 -0.37689181954059 -0.37689181954059 -0.60001780109394 2.55981286418814 -1.15311607100883 0.0110590342763803 0.40095264304414 -2.43152681978728 -0.36467601798678 1.39733098698013 -0.73742177032317 -0.735031053005311 0.63733633143884 -0.60024321976428 -0.35436146982029 0.11017076408109
53045.582512 4.85929771055418 0.285681098238727 -34.27831 6.984698125 0.178573373796167 -0.83323725360137 -0.83323725360137 -0.73811049384436 1.97569454196157 -0.87435910969945 -1.30185246210365 0.16353210961225 -0.38095153466905 1.02703325192553 1.77954602480769 -0.68354686846482 -3.1448968613841 2.5594632357279 -1.74613011806373 0.0495543037188599 2.16248505275088
53045.586355 5.53380167600898 0.276839641907347 -34.56607 6.986195998 0.178906662891944 -1.06663256144895 -1.06663256144895 -1.70847975750908 0.56506284181738 -0.94952309818542 -0.69118143270144 -0.82949029229086 -1.16883163627017 -2.00787717423466 1.56300428285393 -0.909752060053499 -1.75134459809962 1.47714466151169 -2.44873506628631 1.00653709156026 -0.58695968754209
53045.590255 4.84969669530443 0.277094765052189 -34.40458 6.985193702 0.178848992016787 0.03009873804303 0.03009873804303 -1.46479302945415 1.67492284097925 -0.34250668921992 -0.349808717837511 0.0426310448382701 -3.16078554988528 0.34526813504007 1.12972360551081 0.54165938505257 -2.7661420252471 1.83581971583457 -2.10631880803362 1.46017874828249 -1.53871820388502
53045.594017 5.44963134875787 0.276171064288664 -33.82863 6.985513801 0.17852219196905 -0.912453413473249 -1.22653782444779 -2.03298325460796 -0.0440765707119999 -0.49263367128474 -1.69398580867813 -0.69667409245 -0.86260230485034 -2.63636493466622 -0.30756356274513 0.2433469846086 -2.27191534177049 1.53311935739858 -2.72544316871979 0.97539104857556 0.10345038740876
53055.596433 2.14905492193806 0.337488930392843 -34.70252 6.972565317 0.175466654382776 -4.16298699283663 -2.59318968128114 1.63348101503351 -1.65616284176483 -2.35234264299652 0.539510842568001 1.42967803982696 -0.21665167771217 -0.36515157539952 -1.78290677370472 -1.62238421580269 0.24921233010496 -0.859923149150561 2.29615075757268 -0.11569246319546 -0.41078868284208
53055.600229 1.23858714119453 0.342399024031918 -36.65889 6.973323039 0.17497865146733 -1.62210429803471 -1.62210429803471 -0.769726429493007 -2.61587746460589 -1.2195041949627 0.788232044437125 -2.41026810023592 2.84744322852957 -2.45229830369267 -0.0636925486070599 -0.94463876573128 -0.73316646744324 0.464327241014213 -1.97309813488632 1.24929880352448 2.6824981374659
53055.604165 1.31197489984737 0.371295650244205 -34.99211 6.974618641 0.175174396208401 -1.81950764795577 -1.81950764795577 -0.755543445446759 1.31979329934422 -2.31646256003236 0.260929091797605 -3.47799463736739 6.04384388291626 1.82257124515666 -1.07276346329374 -0.92863760176075 -0.807274274300345 -0.548640929225774 -4.24390504220479 7.48180222490361 1.6058708298543
53055.607892 1.75854577970707 0.354499846368977 -35.34839 6.972842283 0.175523415806755 -2.38701227276165 -2.38701227276165 0.984966550213916 -0.18201941143451 -2.08635318953965 -0.544552753609598 -0.013077604629594 3.10364366992081 -1.18004751625018 -0.68258429090006 -0.86397647320183 -2.04864235937013 0.669585818479008 -0.038074874196768 1.57726650160264 2.94977414868315
53055.611653 1.22427356335678 0.374141329035576 -35.99646 6.972924627 0.174859656168337 -1.9466596208342 -1.9466596208342 1.06351231545244 -0.91515903694015 -2.00254322733816 0.675223322136895 -0.640931319886381 3.15007394446007 -0.30996206128408 -1.38828436041124 -1.75977310485399 0.605581329076596 0.452579758878781 -0.940611398421647 2.62281818555337 0.42875876179844
53055.615623 1.98954162963546 0.354088941812854 -34.84279 6.972718633 0.175382639791706 -4.49169863196599 -0.62193080889373 0.49335248479957 -0.48133342541532 -0.71924112996579 0.52346734139879 -0.29422743459779 1.19616822322457 3.18927442649967 -1.55613295332483 -0.55604196867825 0.55896638691783 -0.40133287714892 -0.41029441825246 1.665601332951 0.62794829806942
53306.839254 -3.51342867580689 0.395413318480465 -34.16786 6.967599346 0.172076509463256 -0.528467099799093 1.70753676481146 2.01995213594717 0.61340512035574 0.93225180384723 1.30167519398745 2.27142540856712 -2.23042779933395 4.08930944946407 -1.31247661189794 1.77514439101739 -1.16233936299361 2.55312737733144 3.55739837173687 -5.04747394274632 -1.44451442813121
53306.840805 -2.23951295798945 0.393935696036978 -35.32039 6.966495541 0.171425210666777 2.99090422472157 2.99090422472157 1.66083985649094 2.27666654040201 2.22018326617269 0.26690944839185 3.26592597467485 -4.11984527023202 4.36898123600135 -1.84480811320609 2.24305154853542 1.54219520158461 0.366576522949628 3.66222351614515 -6.33287524883347 2.08407622327753
53306.842298 -2.99618883437724 0.392176738324709 -36.1373 6.968633921 0.172046915764477 0.131383286245842 1.26785392601248 3.3511309190721 2.69055049180914 -0.64994329382461 2.50875602560649 2.98467432854527 -2.33602325979327 5.62309883912562 -1.19866052941016 -0.69392496438941 1.76429857927491 2.58576635629375 3.58495088854694 -5.26818540257272 -0.31109260277368
53332.729186 -2.27907273311728 0.690977505210933 -35.51161 6.969985751 0.168457419780103 -0.539874456656164 0.84897093800568 -0.0876787492362701 4.47143919908178 -1.50958974950939 2.5033368959379 -1.12106644564209 -0.59616992127315 10.1325377794994 -1.47031486507506 0.74867299546497 -1.15343095932587 1.13491197348939 1.46780861288015 -5.51643065470626 5.27198369245521
53332.731014 -2.21539670499454 0.447687230470548 -32.08954 6.968236502 0.171343198724178 1.22952227624846 1.22952227624846 0.27390807299782 -3.16326588369108 0.51170093492271 3.41904280502859 -0.450688448817884 -2.55855645799069 -0.63062597532849 -2.22227380149388 -0.0269825971135793 3.26868547788708 1.25266584970185 0.852066605019775 -5.58633266804758 1.13366414347918
53332.732727 -2.30505788575785 0.386828187571293 -33.89319 6.966396928 0.172649959822995 1.28269940478446 1.28269940478446 0.6687216767534 -2.53065061574157 0.80311729113369 2.6650438246426 0.375705798029622 -2.67640839109502 2.53313753308897 -3.60548554031582 2.09249856527178 -0.96951013854562 4.04629414697724 0.934051312135772 -6.71672205088319 3.85379057375892
53346.780286 -0.686561660056091 0.354724181659682 -33.25826 6.96424115 0.174265728274887 1.18697124093755 2.66557086782935 0.367726723924269 -0.86446652828583 2.2959623656199 1.41389742550132 1.24108563691009 -3.88515288215352 -2.24858623976147 1.04503791840451 1.87552767523841 -0.039614581053262 2.37503255496944 -0.16765861182238 -1.71268369106784 -1.69682242040838
53346.781941 0.607827141923967 0.337450165469905 -33.69717 6.963463895 0.17409107126562 2.69733140039495 2.69733140039495 0.73046508650502 1.30756887978343 2.05664692219469 0.59450608463414 1.11514485240069 -1.67505296668707 0.586037031986646 -0.747540460036926 2.15096078110389 0.985988497679391 0.94632727639829 -0.52525884997393 1.74520084886034 -4.16173681166716
53346.783677 -1.79350042949978 0.350675745226 -33.51318 6.963214574 0.174018552799217 1.75030333024147 1.75030333024147 1.33715473510849 1.65606759990206 0.57569920715112 1.54159884881706 1.37368603755287 -2.03074358882735 0.8376018397632 0.84366426817086 0.67542446264995 0.84402514462739 0.233535978959932 1.26765209817219 0.414486105762596 -3.48931010183266
53347.810469 -1.41487420637871 0.364886214924691 -32.35515 6.961806558 0.172071368323232 0.662018150037505 0.39948681278727 0.12510329349989 -1.69991089286109 -0.0711323729039699 2.1227323431773 2.97733395679096 -9.25886344631915 3.08320411149564 -1.59789480055857 -0.98591465921544 2.41442477877009 1.04252054847793 2.29798931653651 -5.70817563536133 -4.7399469942365
53347.812205 -1.93921031583678 0.384852586722511 -33.18925 6.961999615 0.172866690543608 2.34144025523705 2.34144025523705 2.22091262108264 0.74774710828856 1.40078065885383 1.61836968126338 4.36872794850217 -7.00732075420229 0.24500222688577 2.33520947889269 0.58311621648599 0.13651691968849 2.07569394594025 4.12024171021117 -5.41425141904733 -3.04351931266912
53347.813999 -0.985305440213652 0.379548551496407 -32.77206 6.961964137 0.173175702677935 2.70569536779473 2.70569536779473 -1.51506479030039 0.63264115475876 1.61414539082156 2.0001838604843 -0.788073595455458 -4.09166673074061 2.36877692750178 1.16286999935157 1.1345807464301 0.783057859389423 0.898686363549223 -0.446643983786864 -2.2538202310063 -4.15467901372068
53358.728852 -1.36179078180749 0.439856677738189 -35.46614 6.981691985 0.169668324905526 2.9157570375569 2.9157570375569 1.51481760087411 2.07683171654478 2.23547594608159 0.227033731743079 2.75183463446998 -3.08028637431383 3.29412370758642 0.11786625621845 2.59682202323899 -0.89333453594894 1.38748620182726 0.155702865406029 2.95197129838812 -4.37920527956679
53358.730565 -1.92467050353479 0.385978305618952 -34.58894 6.97156983 0.171108994293666 1.50378868274416 1.50378868274416 0.763160255199053 -0.59839022903358 1.08279573332906 1.32417240915987 -0.707609468409242 1.8170767670367 -0.77177194835796 -0.27626802463023 1.08350709885116 -0.63410798114363 3.79351470473355 -3.28526554497031 1.9066545990661 3.01546318658112
53358.732336 -1.70815739865668 0.352934350901519 -35.6278 6.984976849 0.170833282173711 2.11637765148787 2.1074677218607 0.612620304533233 -0.10970124238541 2.80973687759561 -1.48135349156198 1.94793567940886 -1.25895303923619 -1.95860683028151 1.87017356022267 2.06471916896041 -1.89785720006979 2.10798943250337 0.477424427371645 -2.30790749955727 2.96450343861209
53379.671466 -2.76299404955705 0.348360827640227 -35.70222 6.964899501 0.171561617791966 2.65931832584949 2.65931832584949 2.03587399439265 2.13897198729363 0.79871294011548 2.72781146448074 1.16877594191441 -1.40342502125115 3.68257083114574 -0.159988549373639 1.82631547961963 -0.18986546384855 1.90359323965499 0.962347658488974 -0.843445908796914 1.1792043676515
53379.673167 -3.81166423037913 0.330433410829687 -35.0817 6.963403292 0.172152447606732 2.587407767971 2.587407767971 3.13533351098192 -0.11126271655902 1.54036428463584 2.41303412650995 1.65964555169398 0.327777087956001 -0.16677718813469 -0.99895184739749 1.38099242175279 3.02242836732409 -0.29319829446178 1.12684082974764 1.14758511769792 1.87832539972655
53379.67495 -2.89877686207479 0.33990063411975 -37.04977 6.963948394 0.171038044595081 1.45411683783194 1.45411683783194 2.56871252893795 1.28709423237724 -0.50727867303228 3.55191033980394 0.450071096208894 0.368199001188564 1.13350522385218 1.71793547836504 -1.33179325135392 1.90242675584083 2.60686037990574 -0.466579476415261 0.448592250467842 0.63214228204
53413.609106 -5.09807882576216 0.263193429440642 -35.52675 6.965532447 0.171452065686453 0.895397760218833 2.52133249508685 3.88660892587812 0.3724449491953 1.87919142968932 1.25646703568717 4.08762211589484 -2.21839167549397 2.25157515979787 -0.77311473228602 1.56874432334541 1.51042732634509 0.59851798390018 3.15161661267568 -0.340165827660303 -1.02121482040249
53413.612162 -4.67656911565343 0.254920059706056 -36.47115 6.967511415 0.171709640408308 1.63317030252639 1.63317030252639 1.96380845693816 0.27030840071912 1.01582714842202 1.2661856815611 1.7129299015538 -1.14535376262147 0.905184915715339 -0.16146465953446 0.53870568068429 1.40606252179444 0.96558953834428 0.29277245158764 -0.04757388903402 1.99700769145979
53413.615264 -5.04673850133275 0.259297236087989 -36.81391 6.967538444 0.171778027684804 2.08780998885176 2.08780998885176 1.43689587685638 0.973426322343871 0.89801400515562 2.12069993291188 0.74759237199788 -1.24381485162685 1.76524821917194 0.24416722296598 0.24653480563802 1.84856714669744 1.63792037107834 -0.8286222272141 -0.35522526929211 2.42599802217108
53428.631292 -1.78046647411573 0.357733709122436 -36.51848 6.959923313 0.169503489096984 1.94361511729676 1.94361511729676 0.870532294053783 2.80476678555605 -0.0590419081310203 2.67085005251881 -0.36910169755325 -0.511482152617348 2.63500889965871 -0.40422560664148 0.5292102647853 1.49909043428612 1.28103125742637 -1.45958235317825 2.5408863689274 -2.7535751712205
53428.63304 -3.37282550725775 0.343941432262012 -36.12172 6.958274458 0.170068982206729 -0.28185362188491 -0.28185362188491 3.72417581315653 1.05258463484634 -0.78992296276179 0.46666820087755 3.63722896700483 -0.409061715399531 -0.74702905803525 1.20179211587523 -1.38086487942178 0.76262460833215 0.71014213683044 1.71854828328407 3.84149981257984 -4.27647067751896
53428.634753 -2.98687829216661 0.362605164714867 -35.5427 6.959849756 0.16929481119654 1.10323506209785 1.46038158549277 1.69014669722979 1.6290205307624 1.15396275221831 -0.33906935295678 1.17582166796814 1.62344572048338 3.7171028943023 0.18346995980491 1.06354205360782 -0.0724661127339403 -0.44572158120923 0.90066008868678 3.41258748056124 -3.28208916662898
53429.581027 -3.91556807452354 0.355089992567464 -35.8481 6.961866068 0.168689738394821 2.25357733125222 2.25357733125222 4.03306425771398 -0.23104327176026 1.40559587203495 2.06315099209213 1.95594859892903 2.18945020519587 0.82221318935326 -1.20568538081201 1.22694555141208 0.92838498060635 3.44972370235428 -1.11188132724963 4.47005225975239 -0.32866764493907
53429.584152 -5.27131020457007 0.325382128390887 -36.47007 6.961183411 0.169112478803748 2.21492127501385 2.21492127501385 2.59093020015363 -0.3985884789156 0.38986584305896 4.45490268417415 0.23095539368003 -0.36110223498763 -0.402224807074281 -0.0471399633037297 -0.50561344642598 2.87051534039585 4.22452453569373 -3.00997415131855 2.79654532527872 -0.719997137581086
53429.587289 -4.80369445317793 0.321877002300719 -37.17405 6.961742921 0.169434597388831 1.73700843723147 1.73700843723147 3.57608095278806 0.49031564490273 0.544548473516779 2.40236869589917 1.71934004200828 1.17699052931055 0.11711815608764 -1.50787227297046 0.95038437125977 0.703219141234189 4.12862800259129 -1.54422862805434 3.16432163831636 0.745170095825362
53430.58868 -4.72840507304351 0.298617561901355 -36.07158 6.963849305 0.170004090056363 0.322048842988419 2.56931191111579 2.91157133473259 -0.21837916540092 1.72835171782728 2.13028604487536 0.87753451847311 1.95015841633456 1.37943264635721 1.17213596508435 1.42659796489811 -0.70667350810687 3.0382385083869 -0.81192905396386 3.01442603644559 1.32191110408751
53430.591932 -6.40859153032129 0.291496836521664 -37.03092 6.961710362 0.169076757312626 1.68468167133718 1.68468167133718 3.90215599878062 -0.19601576288711 1.24383923084276 1.1552571927125 2.79569356872215 1.06232528646586 -0.355329355362709 0.89810642410039 0.40898633282703 1.41860579177819 0.33524966797931 2.64352258224661 0.21347012627434 1.54965590529883
53430.595023 -6.51122688694726 0.296512186757758 -35.67379 6.962603799 0.169682171369707 3.88859380926561 3.88859380926561 3.67432052936487 0.0557214119349698 2.71540820828402 2.6627233122867 1.65337831357266 1.21101702695385 -1.44089870842686 1.30280640961659 1.98655293027463 2.03821726772293 1.10377435663763 0.56909130310048 1.89663570387191 2.42134633223403
53442.614347 7.64415584199109 0.570267946076649 -37.69262 6.974044866 0.179466880886307 0.386681594802257 1.38600118623435 8.41416291029151 -0.48104705254919 1.38499814983462 0.27258762059165 9.24127696805719 -2.2247632757126 8.39279277142327 -5.61219995795677 1.0937366595436 1.48436509665684 3.03980250538697 6.2929279784242 -2.6386160243631 4.046406551635
53442.616095 5.91494733986497 0.600894043408649 -35.83118 6.974921884 0.178676266099312 0.89624197528725 0.89624197528725 5.22855805382511 2.2095662089261 0.17824667313572 0.27282388944651 5.82069695987933 -1.65400671977416 9.02463087023886 -1.32730877487957 -0.507053072450059 1.5602086648718 -0.0600145751011301 3.28255860377473 2.24077102768581 0.9760810302226
53442.617935 8.0945698056266 0.624873576742701 -36.69694 6.973591171 0.179891760734785 2.08554791879525 2.08554791879525 4.82208839491137 1.02453764648677 2.50359347791437 -1.40819118506672 7.43808157956121 -4.2743731424411 8.37556883591119 -0.81231209929523 0.779456419749 1.41185322646575 -0.56988916410041 4.84476049700175 0.847014218544301 -2.9099158810619
53447.532311 2.43064296127864 0.502111980374383 -29.05894 6.98304284 0.177416529972357 2.51677345126538 2.51677345126538 3.80841538969003 0.795227622743819 1.83651409436524 0.99767372035069 3.32462184826784 -0.10427596742928 9.23973616985378 -4.08823975035239 1.29298843638727 2.79129814511937 0.85244787024008 0.37952699143796 2.0552780008812 3.29804014529167
53447.534047 0.665391651228501 0.509725682305084 -26.76193 6.980651675 0.178820565383964 1.53154809195402 1.53154809195402 2.06983058937119 -3.77931138096258 1.64439966826495 1.91496404326358 1.61273023793852 -1.27269588298624 -1.00894420033188 -2.25620982006559 1.95154802984682 0.363509701845326 1.64952908363665 0.20429832805023 0.47816541869034 1.4992309923045
53447.535853 2.25763713414266 0.533056159152516 -29.87597 6.985732351 0.17549921908836 2.77246601474062 2.77246601474062 2.75025069323324 -3.99474050983655 1.659259341482 4.57474877913528 0.0970342864777205 0.61047055120858 2.68471407071338 -5.84010875922917 3.08075222547972 2.70173401790342 1.04089341974015 -1.22219129283673 4.33619879386249 -0.42373616105909
53448.584919 0.0574259352364734 0.328419716108219 -28.39456 6.979919695 0.179085234782427 1.85895575331316 1.85895575331316 0.573911097685152 -1.66068513397751 1.45475145285372 1.97249080292093 0.6115436092814 -2.6448631275711 1.80750628942137 -2.09915971230267 0.97017685913176 2.96495950870003 -0.42598624982162 -1.00125257406684 1.92221898197664 -1.67814972014537
53448.586667 0.537080521461561 0.330355234309651 -28.39569 6.979205463 0.17848929571006 3.30961920404581 3.30961920404581 0.59939784357986 2.73407125392573 2.14929123363554 0.83343969395336 0.67066244902554 -1.25163160123284 4.83332537724968 -0.65598704331874 2.98966014187055 -0.23997565665735 0.47726866067661 -0.914322023189243 3.04067425971959 -1.56475525619822
53448.58838 -1.76190049204148 0.323930807892815 -28.53153 6.979566366 0.178634362313201 2.76668898537141 2.76668898537141 2.50070137501382 0.81205853893316 1.45014405572249 2.42586606833822 2.43836729905178 -3.01349659872115 3.16449842348743 -0.54950709242867 1.17197036076988 2.1641483772489 0.55136930441769 0.301094184225418 2.73092230023965 -2.50939865070992
53450.495305 -4.632180061346 0.314276023997504 -31.94447 6.977579133 0.175756663302614 1.75959746428409 1.75959746428409 1.19604774758845 2.50165714539274 -0.303002402863591 3.0172312023815 -1.33243671838014 1.99951020782759 3.40543508151994 1.03695359667519 -0.53565256527777 2.20261156227037 0.16497142021353 -1.60770001114301 4.58109220531429 -3.07382494381387
53450.497041 -5.14095425732119 0.324914605911907 -32.28165 6.976081963 0.177209559210395 1.82931385371439 1.82931385371439 0.17089795959363 0.70885204838392 0.775686180892 1.93938521381303 -1.30780167893239 0.93825294450125 1.44384247012933 0.39442730500036 0.5024902193235 1.33506006434292 0.64483958685188 -2.82158591330443 5.53901421480806 -4.57915436066157
53450.498812 -4.38086587391864 0.325868812419621 -32.74965 6.976229452 0.177019056722536 1.46448580777508 1.46448580777508 0.88914950231591 0.6777284601978 0.79701960109593 1.06508040779391 -0.35092117149976 1.55197232621171 1.6220699711252 1.80812177495533 0.62121260482584 -0.92434722195576 1.1628187599551 -1.41866176244775 3.74424562408936 -0.28342373091736
53460.531129 -4.89242384511887 0.461463681904812 -37.32016 6.963347818 0.167241594006312 1.67335986577433 1.67335986577433 2.48166407315062 3.44549148105732 0.51552796943511 0.45845632814844 1.91857880286838 0.73325372797156 -0.26543964842728 2.97118986063453 -0.25954788377953 0.91588345278294 0.23569507300769 -0.0162488055076899 3.68233400622875 0.020516300217324
53460.532888 -4.9309054962264 0.445893130128403 -37.57958 6.964935041 0.168367478693899 1.74765452356782 1.74765452356782 3.08689470997737 1.29470955235606 1.16686753255286 0.46997310884926 2.52065134131736 0.71594905497354 2.57460623211169 -0.584900543939519 1.44783776561766 -0.35019703808339 1.60624133033797 0.80890773871829 2.81026911986262 -1.17799181341975
53460.534624 -4.80113271486636 0.430003919558073 -37.53161 6.963420104 0.167913443395391 2.47297558348953 2.47297558348953 3.90155029527184 1.96002495750892 0.87020057051363 2.25381223150488 4.89264976309901 -4.98704776174679 2.62968239601194 0.273693844460309 1.74176366608249 -1.15904778955404 3.46773928433855 3.24305388494873 -2.04504155010005 -1.34593822456499
53500.462551 -0.296380450806637 0.47692916130258 -33.79143 6.965265135 0.17673354900099 0.9027831240512 3.63280215138697 -0.706364378140347 1.4206728677126 2.4872150900055 1.59630867548217 -2.37908036982924 1.91550827938128 4.09265863760688 -0.56880056368831 2.25090228092532 1.78343381500285 0.14873047935004 -3.06131664294541 3.24791405349355 -0.90453553480936
53500.465954 -0.195212248102798 0.533340527841334 -34.99209 6.962539156 0.176548633879805 1.97841349922863 2.11059798343535 1.48406623462349 3.89895960307542 -0.045074772317613 2.30031724041628 0.44513182538776 -0.37695004777823 6.10384656973602 0.24467119373689 -0.26401761260405 1.94986228504047 1.08072261467096 -0.851945776093774 2.55961189223635 -2.81736658639179
53666.865283 -3.13765393283837 0.32150885179931 -37.25441 6.966436216 0.170366943752786 1.74526890137319 3.03401551831425 0.44506653506099 2.14653097688289 1.45439073345795 2.15159070483453 1.54959380461527 -5.45902743005854 3.84178048255245 -0.228173247492951 1.74856406929171 0.38343046828933 2.44842621288255 2.4380485827496 -8.02698045322871 0.88372210259687
53666.868373 -2.91724996645706 0.349070756917282 -37.55187 6.965122787 0.169214871368738 3.24506858674982 3.24506858674982 -0.50637366817759 1.89340200066535 2.56870546383428 0.25452134391507 0.42067314072153 -2.48021108383718 0.31583865449474 2.37560697629088 1.70669198942932 -0.20390125316847 1.69029415636526 1.19349521697736 -5.33039653281877 -0.31321633432777
53666.87144 -2.49944087420601 0.370227246612857 -37.74675 6.963340867 0.169650945716899 3.10264668091859 3.10264668091859 -0.04981119794116 -0.83575061436166 2.51247242278607 1.88984539302644 1.14643481894092 -5.24421375937954 6.74962086887722 -4.68823100987288 3.87318352115277 0.0435121986988301 2.0211163769536 1.94716581611774 -6.97527195249949 0.78381006517322
53687.675377 -6.13988059253065 0.297895247843686 -37.6347 6.963220846 0.167904809373303 0.947475476943496 3.35363532544222 -0.75237476806261 -0.11979047792829 1.91944883855163 3.46828909289354 -1.94295365713106 -1.90398170730045 -4.32235638696355 3.07780012798731 0.65279652941544 2.28769518250752 1.92224136855566 -1.199821125789 -3.94372373460094 0.54822870263009
53687.678479 -5.69128499112264 0.320953701760887 -37.80502 6.963154499 0.167632126979908 3.69577112514824 3.69577112514824 -0.97432963056058 -1.75096003058289 3.37805787550598 1.95739061840693 -1.37504669343468 -1.66997039960413 1.08578575133848 -1.77614456768292 3.36765546837255 0.94167451460011 1.9311455999867 -1.47302866436085 -3.00478176109241 1.27572341381569
53687.681523 -5.99056331679445 0.32028118735178 -37.22185 6.964999116 0.167000885115633 0.820955674883727 2.30622511719007 -0.50943224926957 1.51354171814052 1.04201027507489 1.85726348111433 -1.85033025287557 0.67917489297611 -0.117696807363901 1.89876887048887 0.88867649888281 0.0128701968607299 1.86393623149471 -1.90195707564962 -0.370417185266089 1.08352800204952
53690.817726 -3.8368301909837 0.62914404061656 -37.76548 6.964865194 0.160549935794541 1.38283726472988 4.34809001548934 0.39478242174298 0.0320906802243197 3.07398660701645 2.65407294101608 0.03739804313007 -2.31710931090574 3.93381351902296 -2.54084949378315 3.85885929698048 1.55799138081837 0.72406536310994 0.462077205854979 0.292602353487059 -6.4266658470809
53690.819046 -2.4694141193984 0.768399981793102 -37.44693 6.966539886 0.163034886726953 1.76575556601442 1.76575556601442 3.20883213944961 0.56562709395412 0.94002727766364 1.40486135572207 4.66543476710651 -4.96692638352867 3.44708621034864 -0.72182668686424 0.405890345062419 1.40194071697323 1.43501471921826 6.63937758195681 -7.27561945340723 -4.72568534992399
53690.820515 -2.81060457613296 0.732703888406087 -36.68237 6.962578799 0.160092599618051 1.73973879812786 6.36631775237126 0.833856366513039 -0.24462272821967 5.37362320985739 2.23478128499447 -0.174726839134311 -0.390878590217395 5.52795101310756 0.16830474908881 4.98900121735144 1.50026988117362 -0.803917681120392 0.643543808405186 3.32944100169734 -7.95436479191881
53732.693309 0.147649005699869 0.302626279544314 -36.44593 6.970794106 0.174083814038726 0.753829161255467 2.37668122897249 0.389547597276086 0.3159162580327 1.76072800545444 1.15680170949854 0.81255949825382 -2.55614734826913 0.9065231725054 -0.22181437735472 1.77746910827761 1.37911874511369 -0.845837852538347 0.976967863311437 0.87552628053493 -5.37975428077493
53732.695439 -0.993893007880704 0.291782935224487 -34.45973 6.969362342 0.173806498011882 2.9959669111417 2.9959669111417 0.459392315885192 2.97057677014667 1.81732623698852 0.613850270528644 2.05890249402588 -4.63911190636761 4.20402202062674 0.7318682126596 1.46365376259445 0.761039844755388 0.468346533470012 2.12013180348778 -2.66295941815436 -4.89643016683397
53732.697511 0.257989067685141 0.28859644652565 -34.67323 6.968272878 0.173384271465165 2.55054923665919 2.55054923665919 0.96434944804368 -1.02267215143512 2.8681352660421 -0.00535604949550006 2.13019577852459 -2.83405543070033 0.86935572815317 -0.60100494615565 2.43056214148918 0.559629362689098 -0.13072433692716 1.26032020988196 -0.48691486970042 -0.982288073643479
53744.656625 -4.76580694885781 0.371797121048148 -36.27599 6.96364185 0.167406627009983 2.74919835080782 2.74919835080782 2.53548352029836 -1.45996541020728 2.70937540838032 1.04153107253371 1.99054362295993 -0.0661976360891701 0.41076975275615 -0.94136358409785 2.1594279575018 1.52602987318107 0.30397818175133 0.81526363178761 2.84996961230159 -3.35858058173228
53744.661787 -4.79269897782398 0.474571137314128 -36.93478 6.96180682 0.169050316389736 1.79385318605362 1.79385318605362 2.70598351479271 -1.42839312551223 2.30342850625272 -0.23145252814226 4.08511380634961 -2.85558920102601 -2.29140977781531 -0.02428960100527 2.5565771585243 -1.24112763756181 1.00900913407545 2.91431330795967 1.09887621835323 -5.11989679466282
53744.663766 -3.4676624956158 0.486394308888427 -36.94453 6.96151614 0.167941723057612 1.79395518656363 2.37142966420698 1.73182063943679 -1.61009599235135 2.35932642306647 1.01096379041854 -0.0412676300074102 2.80666574349972 -3.17459053097904 -1.68354604698113 3.18644453512729 -0.0763266832114802 1.45004819045028 -1.35306781587696 4.17525027750221 -0.899668890127374
53756.611859 -2.93612221932067 0.370893808079435 -33.97259 6.966547269 0.172906985513584 2.50881006252142 2.50881006252142 1.11846803377887 2.0558097142351 0.25446309221428 3.67765042013663 0.15536543513104 -2.40884393403446 -0.50943965808389 2.98954732993635 -1.41425064404454 4.22676384785147 0.165465983132694 0.787511068287136 -0.992961141807636 -4.94419139656798
53756.613642 -2.39244503507538 0.388078928174315 -33.75574 6.965646797 0.172979204115481 2.52890572691455 2.52890572691455 1.32867336540485 5.54831136590299 -0.81830477859738 3.8532165745608 0.470187858571005 -2.8477470696016 5.34853883432225 3.27282572215887 -2.15934798597319 4.22957086438191 -0.258624957916678 -0.212894599143656 1.46405258707295 -3.841429681126
53756.61547 -3.16231814586079 0.458084965915373 -34.41317 6.967394251 0.172792775783429 2.3090610006544 2.58865042563772 0.67418268434277 0.0528519447709002 1.30001564405083 2.73066208683703 -1.01423661066966 0.52943404568431 2.8194500103433 -1.65798907633007 0.91539892459213 3.95774437373346 -1.09343415289713 -0.8581120993991 2.88542526433787 -3.90678459712238
53808.492514 -1.49570324583977 0.385787980864114 -38.60812 6.969835862 0.172542062210621 2.60474453339665 2.5725525652297 1.60120492022235 3.26008491427207 0.80724296752069 1.71290989868025 1.58213668779066 -2.08819423995321 2.86909720583457 -0.0510550400826402 0.99950428423682 1.43833982848569 1.13859828013614 -0.283713526472146 1.92760118538348 -2.37840244294096
53808.493949 -0.0763657788250511 0.406860275571203 -38.95263 6.970889489 0.172830295610402 4.69032310178667 4.69032310178667 2.1387353608366 1.0497382130146 4.00078029814304 0.815479515465007 2.09383090639384 -0.92961236035942 1.73932941841591 2.15877375791495 1.96413135487938 1.97812292565324 0.88270578414865 -0.48897129548076 2.61521861826257 -0.49467380226958
53808.495396 -0.175358435709795 0.397457477901056 -38.26277 6.969726848 0.172140322463198 2.47122393621289 4.79793766764911 1.74734851871112 -0.32182330125184 4.2312459575235 1.38123698043701 2.72159974241842 -4.0762078828257 -2.57164182571966 1.64177960158424 4.7758664532114 -2.976274344549 4.81291214222504 -0.22051582047669 -0.95973131982274 1.05885574376378
53828.514116 -1.9665655535661 0.475711579217142 -37.74083 6.962570392 0.168633269142561 1.65495696550092 1.65495696550092 3.78427005028803 1.09927003480976 0.48251798512243 1.7919659437216 1.71591637817434 2.6466846979827 0.55436701539272 1.5246883164422 -0.7492704918669 2.29351994782884 0.628413382154005 0.984398550819472 2.06186519424107 2.09063072977462
53828.515551 -2.82671835257135 0.455568958028514 -35.79405 6.961943514 0.167902048400026 4.9119466102636 4.9119466102636 2.20832339386184 -2.39199277424757 4.48056895477565 2.26171564669597 1.12576216101354 -0.204233434793116 0.0896867020068299 -1.47317380144262 4.67525394728766 1.52708561185173 -0.18247434731595 0.667187307960474 2.45444589516533 -1.03226285638552
53828.516998 -2.2241154183567 0.4902579982984 -38.81628 6.964861774 0.167722945936411 2.76334927576797 3.6998666029276 3.14588826651201 -1.60527028971148 2.04406876588446 4.25124189267129 -0.472635191810706 3.3954435723148 -2.52716850999023 -1.05744037306522 1.34279616484923 3.21240379928094 3.61591862053945 -3.19262022616466 4.94119080163554 0.10069886363713
53873.460965 4.43856261801054 0.418558414526297 -30.62291 6.970745556 0.177239764473738 1.35086876942844 2.33612039209579 2.79336482083172 -1.5299622874726 0.92815840226752 3.99422750760356 1.36466525720393 -1.67477405185535 1.60148695670731 -0.82506117932974 0.25231313537924 4.47283743403661 -1.5597289476569 2.12403206029579 0.2335953476419 -0.52179573611919
53873.462504 5.42128310932258 0.412000098216354 -33.19163 6.970667894 0.17760943867815 3.11956810972284 3.11956810972284 2.41248641641009 -1.94256423917581 2.78351280666677 1.93807372868374 2.7858463987079 -3.25811484181592 3.72076840037009 -3.06460251884079 1.5893896820092 4.75975072703867 -1.39664347462853 2.51085986718867 -0.95924057844412 -2.23624694560322
53873.463916 3.76200219963341 0.443255838315328 -32.57 6.97148829 0.17726515295633 1.29028577758614 2.74649708515289 1.35906027013749 -1.11741246593475 1.86540376435782 2.59467097520893 1.44255365895141 -3.40863385295396 3.25074847346022 -1.69347707098093 0.7114568473158 3.9004293773867 0.18488957751169 2.61995727411416 -5.81043769238732 1.03029011141195
53933.935372 0.334677456802793 0.610325121861704 -33.96811 6.970751797 0.16760344960549 1.71188830479554 5.13832857245688 -2.05536717646724 4.0219674185708 2.68348640892239 2.85228789854668 -1.29218141049341 -5.12304833786103 7.27470119115462 0.31827529225727 3.37562120460359 0.75648766980316 1.12387531406102 1.238058775619 -8.85909934300968 2.08186319605407
53933.936818 2.11711809789516 0.619156510718816 -33.58545 6.969801878 0.167028083807721 4.21583725003261 4.21583725003261 -0.46797731143877 3.37213872399663 3.2047537975918 0.20005744142234 0.41101351724619 -2.24168115874993 1.99763191524187 2.65702470251488 2.5840954968786 -1.16555976011001 3.10722219140516 1.41389443669837 -6.17863056717151 -1.35286032138313
53933.938288 0.82862006050664 0.62347332835614 -32.22061 6.974275123 0.166561342658789 1.50520362821092 3.58510548247603 -1.1916710732352 3.06864612036683 3.80279085923679 -2.17230868627618 0.28229449095668 -0.809794352363276 -0.98353054235855 4.43728390816625 2.39547191494933 -0.72509011912751 -0.90172292499454 2.0684668490229 -3.96151406282668 -1.09179034612921
53964.92698 -2.48259840759606 0.60829066189532 -35.80053 6.969339688 0.165571166619697 1.40571033590864 5.73140158887377 -0.564844941004164 -0.58076172782012 4.23413529035433 3.50109673800162 -0.0105563603782399 -5.60467215350408 1.77763235122682 -1.9196275065003 3.90084083986066 2.90382182766754 2.47970878738771 0.43424093156532 -9.65141724257322 6.27087220482401
53964.928415 -3.10081420853015 0.5146497296456 -37.3807 6.971256288 0.166559290943303 2.8524759267575 2.8524759267575 0.70567664844994 2.81643265527993 1.46838637052255 1.25243296253751 0.686507440757256 -1.51591915715606 5.87527084776058 -0.26213585743045 2.23923722785224 -0.68506368029517 1.47940657746262 1.89459414295932 -1.92520628862495 -4.94686627402196
53964.929815 -1.52264997162796 0.494318752211466 -36.36453 6.972441524 0.167491427087164 3.95368409427941 3.95368409427941 0.1093162595384 -1.07479860411598 2.89816607367049 2.92034510839031 -0.32735183743871 -2.62966996802458 3.61208975907011 -4.9877840687501 3.99708840728421 2.29795901397285 1.63713998757889 -0.43092680366638 -2.53587123977064 -0.9649225008523
53988.890111 -1.28896666600327 0.567184403742411 -35.43344 6.968677818 0.171274068968653 1.34133605304799 2.19517056314951 -0.495438935071236 -2.91447040756515 1.86067288764194 2.4292607219729 -0.0406449561458381 -4.01139428751284 3.27598810414263 -1.38498684003856 1.22758048827993 2.20846036974995 -0.519718764644977 1.97878710611172 -5.82422890145264 0.62895333082489
53988.891558 -1.56510916450824 0.636562379540778 -35.05598 6.969112796 0.176157825812922 5.7681512381292 5.7681512381292 -3.20411890897044 3.71159530634953 4.25223801462063 1.05925658356395 -0.591534054865229 -7.23269237545063 7.72348852693316 -2.04345136897781 5.19593909702492 -1.19720874180477 4.52751863550786 -0.54805388963014 -11.03230738725 2.62977138013022
53988.892981 -1.12667964454147 0.616189053423729 -35.86883 6.97097152 0.173200231832691 5.63037902503336 5.63037902503336 -3.39886058338334 -1.45974966814882 4.95823207777237 2.24773882368136 -1.91738882238494 -6.11255142948687 3.54095885454326 -2.61942719147998 5.51746981819031 0.81608525154469 1.30220315179896 0.73384828288087 -12.4299126104834 6.2812764134419
54046.802431 -2.11420992719776 0.44102528534625 -39.29891 6.971337579 0.168169887604023 0.0449437457020715 3.37924642552165 -0.446779181282689 -0.48203135011192 2.84922692253206 1.45705069805854 0.36762370037658 -3.76544503187105 -1.14816396954242 0.0320236960756404 3.72039596314968 -1.41416699570968 2.25129603799762 1.62562777174853 -5.45031318294117 -1.2997872515532
54046.803855 -2.4076877424563 0.449720411326343 -37.41463 6.969093919 0.167803278249694 3.3945554885309 3.3945554885309 -1.58824936367069 -0.68092327562647 3.75246596001964 -0.333218644227091 -0.26261408486156 -2.65232962641499 -0.81677641492978 0.45454305929681 2.86735096137223 0.18765259546282 1.04315443164487 0.136689281761894 -4.48048596819893 -0.757366900189299
54046.805313 -1.60843859203355 0.453245472402931 -36.68555 6.969224331 0.168018039760469 1.07859605405593 4.02585039958959 0.354747101558455 1.51856676617652 2.74887761011895 1.82758584180766 1.66093506991049 -5.35713308020102 3.47915512130674 0.86850217479907 2.86502233268758 -0.895726322168815 2.97400879611393 2.11680790728892 -6.88794027374627 0.59380860048584
54067.750999 -5.98690216349158 0.400608758573478 -38.25093 6.964587655 0.164241098087783 1.02240325140445 1.02240325140445 2.95905021829789 -2.11956083975887 0.44264528224679 2.63695304705148 2.7424656956272 -2.83514496567796 -0.0463509244294702 -0.744172168551599 0.886528682905819 -2.21560051585583 6.47475738936435 1.03839582461153 -4.3137270785988 2.33167103682397
54067.752434 -3.81169874932573 0.390708618040675 -39.17714 6.962694814 0.164564295150581 2.3205707848652 2.3205707848652 0.0758416841623402 0.292966111820069 1.07158869270527 2.53025001586143 -0.66411577737919 -1.47276067934973 -2.18762266591244 2.2346295731544 -0.10408520078334 1.04194703071648 3.51415542783338 -1.60847275459741 -2.43805078774208 0.25541377410499
54067.753869 -6.71213488758148 0.381850780122623 -40.27838 6.962674913 0.165356033593856 2.65176509894724 2.65176509894724 2.57918859542141 1.3952121473244 2.23147106793818 0.0237059978019696 2.38748041499513 0.41912861084706 -0.63474958178862 1.0045857014488 1.6514564461848 0.25107176951435 1.58583578700187 1.38075327732501 0.64281333993863 -1.99916952804844
54076.754798 1.29026481788915 0.602955457504938 -34.16692 6.969945996 0.164863048837007 1.72136221370325 4.73008473269197 -3.79375942906157 2.35508117883355 3.74905196879969 0.69942368252536 -3.76138785382217 -0.899731308409783 -0.665684068076166 -0.612168353011547 4.49043865714578 -0.0876056464821002 2.19320489022508 -3.63811899730015 -2.82966620152502 -0.5497615474991
54076.756221 -0.0874441615229509 0.61788819464114 -36.14836 6.97179406 0.165472220930829 4.03231434258014 4.03231434258014 -2.18594885126335 2.90916097150751 2.70407637327086 1.10610436740376 0.52423192458467 -7.60246449301753 -6.82343073664195 3.45161109025897 3.12277469821829 -1.31348377417216 3.18763823421449 0.94982177949274 -9.45947682708027 1.17159197550512
54076.757622 1.00538298805876 0.728218449629903 -37.82935 6.971436259 0.164583543557851 0.164752845965534 5.29349911521386 -1.97980381272694 2.35951793788811 3.31897870552071 2.78987584966905 -1.10104705667416 -5.37136921731927 4.85797505948966 1.83064633881307 3.68133293501306 -3.29468073199916 7.64225667976634 -1.64838490686888 -8.63931122235234 1.2730681932541
54098.691042 -3.17546458076678 0.454890122964369 -39.78712 6.96437077 0.164558470056339 1.84213420816357 5.7486948358807 3.69354227302989 -0.11556523104311 4.75869482318017 2.16343254917621 3.00573522271086 -1.04334159783783 1.98169004263331 0.92626953329057 4.05533440461115 1.51966723606538 0.23368483697182 3.50377252518861 0.54471014766796 -4.29640646027491
54098.692419 -3.50874951242752 0.453443845504576 -39.33415 6.962577424 0.164917522781414 3.08106404642253 3.08106404642253 2.63167078899497 -2.82101334037648 2.88179138386379 2.17648867100896 3.03915706643315 -3.60292617605317 -4.20784225872685 1.75555500152916 1.28857097729251 0.989947871490501 3.07480171236226 0.887507033265171 -0.36802314137053 -3.13788546725645
54098.693842 -3.39862407800959 0.436140792448768 -40.89307 6.96027007 0.165668837100743 3.0131613374505 4.18259740192929 3.25276088645252 -1.60583048795731 4.37287888692028 0.58517822331226 3.64888734181907 -1.65147103474434 0.0784694170189901 -1.10267871227536 4.52645058835339 -1.6779712339101 4.11996932087159 1.78558231685805 -1.89885541415733 1.11180056817881
54113.79939 -0.535091628714937 0.540141513607158 -38.03598 6.965634202 0.167067299324558 1.02034548249979 1.75347970726841 1.43311636237015 0.06597247145371 -0.39495990472148 4.6119506997679 1.36831457048384 -5.9297903721776 -2.63763904710072 2.05847689997467 -1.8194532811104 2.95643806395617 4.07268832106562 -0.30026498387765 -3.17655476055983 -4.35187322778233
54113.80079 -1.19945602557309 0.561289443325869 -35.10505 6.963794097 0.167688574229411 3.99339424569216 3.99339424569216 1.55244871352444 -0.47624023400928 3.85533419888367 0.585188296029786 1.46143993758969 -0.53463415812356 -1.73895364236068 2.06674350002709 2.78717219383324 0.244829150821253 1.01063400609768 0.583734240943529 2.62984587189245 -7.0000915460525
54113.802191 -2.59298385340942 0.556357702915393 -37.37357 6.963983728 0.167010726431355 0.997553359458256 3.43831024996571 0.452532657009158 -1.89367159784346 2.5347942210113 3.08925795355128 1.33584008215268 -6.14875168817402 3.75102696119502 -3.44602272576956 3.07400359790594 1.49415160314706 2.15916364863863 1.06441564552374 -7.00129847058519 5.18702795953446
54191.504616 -2.21739853032677 0.560793268922505 -38.58907 6.964194071 0.166435592798993 3.37519337361914 3.37519337361914 3.30256264422044 -0.7096278341298 1.24650252746085 4.8001304725116 0.661053703407507 0.40731874374475 7.97954307250612 -3.28302064160336 1.04818496055576 4.94202900687396 -0.698338129882678 0.186740391713342 -1.43224595005041 13.2956407725903
54191.505924 -0.535056167322064 0.584490072957195 -39.45806 6.96423401 0.165978630229238 5.244057682531 5.244057682531 2.66092191997038 2.25942560668863 4.23619584937723 0.782290687359374 2.91717592778833 -1.57096208771388 1.88779707229646 0.84318527937214 4.33590339944212 -0.433558688883241 1.85147213738572 1.81950736878048 -1.48834862370471 2.53175220853539
54191.507243 -0.805280907618228 0.573595235871057 -38.25324 6.963126572 0.167078872918393 1.64164740094246 5.10609587831464 4.71397925360432 0.98143989128237 3.19775537634416 3.3655651509699 3.38393450489269 -0.94615907532431 3.54929949911683 -0.94771749451799 2.97343241004491 2.06501522413535 2.793366902097 0.95127843892696 -1.98279908461204 11.0589604441187
54203.517009 -4.96845181081176 0.537065056922022 -36.29962 6.962788163 0.164715951586607 1.34841876326367 5.13287342038038 4.92079798960594 2.49404825461431 3.3544580980018 2.21785106250761 3.45831607095494 0.751560021623275 5.00266534220765 -1.31994690459136 4.80876701713515 -1.38482038856608 3.97112394233759 0.70084246221308 4.33148734503925 -1.69658320978772
54203.518294 -4.94722775526487 0.481275653752431 -35.86697 6.960709001 0.166513139931633 3.77334498182559 3.77334498182559 6.46104630641116 2.71290280613535 1.44005420143934 3.34012857153876 3.4394233335759 2.99018716361524 6.57840143428019 -0.68873299951095 1.63279367840287 1.93803183638798 1.63732466648348 1.75299256754159 6.85714405985611 -4.00683599436106
54203.519602 -3.0224239106876 0.49254981433228 -39.03985 6.960499714 0.165576358285313 2.42503352489352 4.83632691851016 1.77979468338352 3.81277419845516 1.52588013233645 4.75876631752556 -0.689282608036241 -0.145169172609047 5.5275312922891 0.12637216803046 2.90124199928 -0.05078736977792 4.19209028928247 -3.02852140279854 5.34233830422149 -4.922735088513
54246.46579 0.681672948027945 0.597503016822435 -36.32717 6.972665333 0.170329374625817 5.17875137792918 5.17875137792918 1.24767315844927 1.27156601259309 5.36546386746641 -1.10975955429042 3.46109779998338 -3.78779698341661 3.59700142379639 0.46790332561929 5.34652825516478 -2.25222115764546 2.04439829718543 3.49772245993217 -3.80717010333232 -4.03602640887686
54246.467156 -0.578475435547675 0.670044497148011 -35.04208 6.97061369 0.16969531428496 3.85662001933831 3.85662001933831 -0.155264900677373 5.30075285981492 0.57585652851704 3.77614293345432 -3.6136326606613 3.54624102804684 0.42521019626281 3.72200651769065 -0.31044118853163 2.02747357086684 3.74771407703674 -3.59595629157311 1.37967629410676 -3.21745351148594
54246.468417 0.141057467797706 0.617343756493021 -35.62467 6.972898411 0.170141216613902 1.10635505659532 4.28120791836246 0.79857864155145 1.09701051434366 5.17201943723793 -2.44264593268296 1.57335407817644 1.0962750017871 2.1769110664518 2.03738151598307 3.59262501779764 -1.16397294529047 0.827735769189817 0.36269670867821 1.97095109903234 -3.90775576523406
