52939.6019 3.36832895502638 0.654894118976986 9.691489 5.886831228 0.230269603078959 -0.379935281535145 0.81303506656343 -3.96264769442026 1.05477908288955 -1.49504299854649 3.93760445129403 -6.98970460248653 2.69964590332126 3.57099301509065 -2.29022613357153 -2.25334587455654 6.20299089311717 -1.04337811629382 -5.55739504456863 -1.60186121805485 5.29714475617095
52939.603312 3.57852638731666 0.645506870667641 5.527368 5.889355319 0.233387424768434 -0.94726387799981 -0.68763445524742 -0.71449364696738 0.31373456046253 1.06205587682535 -3.44097926064961 -0.19002794110744 2.53175682937978 -5.30624241646404 -2.38302160496389 2.48443229548921 -0.75136398872055 -3.44494463195845 0.96670384482968 0.3527588583505 2.89767807032441
52945.594794 2.18582307828076 0.711736030600617 9.286676 5.894286747 0.234112095713829 -1.8423187017588 -4.14759308713163 0.29183815438452 -1.35156224178616 -2.8718653286634 -1.85569161746489 -1.70511667885968 6.37271079502989 3.57793633182187 4.32873395588725 -6.36919601147954 -0.634366176427437 1.68383123134713 -3.82841431191911 2.79553349085347 8.15776533091516
52945.596206 0.5021419311582 0.669784156663386 5.076469 5.891867585 0.234175986237442 -0.954796714513729 -4.17544928302657 -0.528223280433843 -4.2721848323747 -1.04437970127944 -4.22717684603375 -1.26334472331914 6.15739957063829 -1.76170649286992 2.55155335649383 -2.33111638804981 -3.803730699325 -0.77481320369493 -0.87383245338393 -1.48626665161969 14.5113849005957
52996.547144 1.34426758790877 0.709548223301776 7.081218 5.87738018 0.217024130026821 -2.98077781510532 -2.98077781510532 -2.53092116098299 -3.15971570011976 -0.38003825161418 -3.70447412564822 -1.6990779255856 2.19011518249324 -10.3665161281177 0.24419046629421 -0.57287692974718 -0.92880453066592 -3.21555422572779 0.20310575889051 -2.74105599698316 5.73438169719427
52996.548602 3.23332502478208 0.73348904740927 10.788873 5.878161949 0.221552046075751 -4.22467721480716 -5.69611569158108 -3.34148733661178 -5.16086344328787 -3.35081077068591 -2.41137636114728 -2.51301318167353 0.742118475595119 -2.10806876374159 -2.94270858930668 -2.66392724578273 0.18831903262478 -5.01194639092839 -0.201078585054036 0.630246493978645 -1.49111551092188
52999.535019 -0.56436016664683 0.606335541652717 8.029892 5.86947576 0.215381201687292 -3.37233322498283 -8.88294382719119 -0.38639243875369 0.76454813579618 -8.27068369193104 -1.51769553160841 -1.35398706476163 4.14961469350526 7.86945456827727 -1.52432853289278 -8.77292284186132 1.62449558524995 -3.29980476427195 0.0893974536189699 2.44850775439545 -0.92656695301232
52999.536396 -2.04564504736307 0.716118812612009 9.844171 5.871002312 0.209240857061051 -3.37233322498283 -2.90825754795129 -0.96531780811433 2.70244155611432 -2.06425571261046 -2.81044929628307 -1.67794602718807 5.18289485891869 0.815140352255426 0.575022403380857 -3.62997025052541 3.2960076425868 -5.05544913930204 -1.32502406368698 5.75822579447721 -2.58717869119872
53002.535274 3.15379445102464 0.520014722363001 7.546248 5.872974361 0.222101511523249 -3.57055989520154 -6.9089261242893 -0.984010705124775 8.80785675151808 -6.47349035536253 -4.69118216782671 -0.905621532264903 5.27304168087856 9.43821031924313 2.33362896354674 -6.15724898139723 -0.68121460245 -6.05132403857858 1.41090483797697 3.48749195579208 -0.2488465439341
53002.536674 1.92262404609079 0.518610031394781 6.851134 5.87160031 0.216487023729167 -4.36136135234208 -7.78738953687073 1.1377269861735 5.53248916754328 -8.71813072288078 -0.565570767190402 0.0204098637936589 3.30491441281601 3.86441854983189 0.888210606393881 -7.16353568035802 -0.743326327098031 -2.42048786552384 3.29141849848692 -2.33576873512569 4.91496064761093
53157.914937 0.020026425208975 0.526752148690015 6.492772 5.891669864 0.230582813680226 -0.713252215346478 -0.019994714279567 -0.856524363880729 -1.17954380185196 1.48502083624198 -2.43732553873597 0.508966929961866 -0.446407715430361 -0.472780262034737 -1.30398373940952 2.08384284495035 -3.61007020446198 2.41024288873123 -0.548801160197687 -1.92457922619865 2.12536823404525
53157.917067 -0.227419488885797 0.491210811391663 8.477455 5.888617866 0.229185051779033 1.36425444844595 1.39389732978954 -0.032950388767752 -0.482931794566766 2.17550615320475 -1.3224776180302 1.03719034283515 -1.01360362855476 5.12336057322844 -2.10819046420953 2.53832177539227 -0.648879087640418 -0.645065101631668 2.56853921205017 -5.59797347235119 5.41862569050692
53191.884394 2.64673673550378 0.564928581948374 6.31095 5.881264052 0.215558256269702 -1.08339553138853 -1.08339553138853 -2.75734834001043 2.45846927404435 -0.829194062624961 -1.49803097788372 -0.69515634149501 -3.28218763402463 4.942590680839 2.21342255530671 -1.49729184880761 0.08928782610821 -2.80625458665827 3.64328119108835 -8.71471650440776 -0.88403724977274
53191.886478 1.51285393839559 0.53656966651545 8.115328 5.881091173 0.217435625004541 0.378293640848067 -2.0729985836598 -0.481798690794053 0.21317532519894 -2.48612248910205 0.699277761840023 -1.21351479949721 0.9910938406887 3.8715527281651 -0.60829207019918 -2.75146582887213 2.81106285589212 -3.55936446136802 2.59996335104523 -3.60479490056131 0.535720826501795
53237.837073 0.192145365364773 0.56337293284498 7.858601 5.911052155 0.214156229182222 0.355833447476535 0.295215186304156 0.221069562533385 -0.4482094449707 -0.439906579108339 1.56758366353485 -1.12511299508209 1.38989518022423 -3.50873273202234 -0.17293797544778 -0.859053060638973 2.74076533244824 -1.03105364282582 -0.563255190773434 0.0443223131846912 2.52206611897837
53237.839191 -0.265985884063472 0.56087868815115 7.775269 5.911584752 0.216279235572374 -0.972167404377005 -1.17562700870146 -1.46632621700231 2.072491811297 -0.97766284164085 -1.15823308830431 -1.24134304031055 0.7649826105386 0.831821503254069 -0.116595973733439 0.50100583897581 -3.1128313016465 1.06613843470857 -1.82889577383677 -0.0472240577776799 3.90050576965471
53272.724536 -2.27202788607295 0.433743157826552 7.948648 5.878774658 0.209884288634421 -0.622550380974887 -1.18618743657146 -1.76163104874863 1.81485370251741 -2.35759066007017 1.52915822642122 -1.55024068706524 -2.27012482936327 -0.984481219140087 0.892108356367246 -2.13262052269671 0.56811556181056 0.81382003195216 -0.92405051305117 -4.80652633799262 5.09099444365089
53272.726666 -1.22417278500951 0.448335696397914 8.15691 5.883773604 0.211059046131602 0.186709544941028 -0.3366408996713 0.2613571708426 1.97153089722969 -0.041586351102714 -1.4127883743574 -0.19750459400477 2.71553219241384 -0.42204641065852 2.39595690298247 -0.500391786862872 -1.44590903359338 0.36415491073712 0.41253188978894 -1.52258537452424 4.93332681814062
53298.649726 -0.629775369468581 0.985231947592914 4.832977 5.886193283 0.207026008090813 -0.222233490450317 0.384329776553456 -4.08547236270359 7.36720944851797 -0.547332893151539 -0.920284315021321 -2.16045466883206 -3.40870957010689 20.6319473046417 1.59462748840067 1.83712778392846 -6.78290250025869 3.29903335358311 -3.52785656376006 1.39729704183772 -5.71149620562948
53298.651497 -0.514453614908416 0.921551666811658 7.015346 5.882685714 0.206356021692028 -0.801701765371044 -0.801701765371044 -2.08878327989185 -4.23358293144575 0.628572413401273 -1.25693200080497 -0.126147605312196 -3.06435892076392 -18.6281200942792 6.60249934208929 -1.82685404472956 -1.43161688564971 1.49472704123865 0.846485659152474 -7.68934074739095 4.26773832542948
53298.653395 -0.550523979896531 0.810640291166571 5.684665 5.885813508 0.210758681319125 -1.60602972284312 -1.60602972284312 0.116687566301837 -3.96094563072871 -1.30014069582184 0.873851793048747 -3.69784495365101 7.73689998340967 -0.57809747727355 -3.1273004545159 -1.27248476576041 1.28859206846674 0.310868648107341 -3.73223298042577 3.16376579991737 7.14857367000135
53298.655282 -0.808730882850525 0.836290387851265 3.319547 5.881731782 0.208135423019105 0.103969283073903 0.309106267153946 -1.58307691263052 1.95435207241664 -0.660562986634461 1.15205950139965 -2.92132157259136 1.7803204766956 -1.37846840296728 3.9389646963517 -2.14720122744634 2.43350479825179 -1.79567399419877 -1.34821327717163 -0.26003650197506 1.19932686460363
53321.591349 -1.79969510145254 0.381139915568409 7.617248 5.872306226 0.209383224037433 0.01903755256219 0.01903755256219 0.6213392567047 0.16126142444948 0.41688262214851 -0.89450317138136 -0.53397820225874 3.92555251839179 4.08666228175441 -1.47374172933251 1.28774675979415 -2.09768565684134 1.00085028895898 0.0583946510412998 0.7269490066495 1.774765570245
53321.5932 -0.278501287290392 0.376561014242516 6.06552 5.870627149 0.208393246059789 -0.203126596352744 -0.203126596352744 0.597911463585124 1.74428201029329 -0.813937322041646 0.440194367084146 -0.937439279028039 3.14554115694424 3.76213151892832 2.35809213220797 -2.24615412897207 1.47365445766553 -0.746911383689328 -0.394603830643976 2.25733550901838 -1.24370040550828
53321.595087 0.681093251407414 0.371088044570729 7.226672 5.868265807 0.210097821255357 -0.536888401873202 -0.536888401873202 1.4987426350502 2.95887135556992 -1.06264905276673 -0.296195292994536 2.60195964021423 -2.32040744946154 6.12307786915753 0.757456715670127 -1.01598990037569 -0.449019726322338 -0.324146129914727 3.27759382856195 -1.91837516786496 -2.4907736679942
53321.596927 -0.176338738000186 0.355171345685929 7.061099 5.867076835 0.208901049609768 1.27673040619016 1.27673040619016 1.74909162642958 -0.06733070859985 1.09310271080125 0.408956389297024 0.520530898918764 2.46142987599836 -0.24699674220618 2.11829442597374 0.681915335743947 -2.22484192715143 3.34410236864241 0.74972139321336 -1.09535800495141 0.76158931500462
53321.59886 -1.81392181551634 0.379013979784132 5.135829 5.870603405 0.209887871635719 0.131022271144151 0.73498625190998 1.45529091713567 -1.94762788008152 1.28273029165832 -0.20639506969079 0.35137062096831 2.91035167245537 -2.71203119098624 -0.2126312220507 0.81747206980342 0.81656865905301 -0.83079405444054 0.99304208009041 1.75767320144544 -1.00007935446106
53347.562451 -1.91038491500717 0.393001347803537 4.349931 5.86270435 0.203507328104993 1.79332577890555 -0.57379331815793 0.2636074585301 2.43631710812341 -1.25591943709067 0.29421939810993 -0.33444068953925 1.058622595207 -1.93972500054452 3.98671642985531 -2.3289326140386 0.2053455178115 0.25595865129162 -0.23702060893819 0.17661259259518 0.86909590627687
53347.564337 -1.93630342553072 0.378380483035035 5.684026 5.865504164 0.203583907786408 -0.57153423738166 -0.57153423738166 0.66937761131075 1.62701882933656 -1.15278286824548 0.41458988193548 0.53541694543281 -0.18358336584804 2.53916519049758 -1.10595701992469 -0.36972354694153 0.17856414682423 -0.18367267950462 0.11424840439351 3.03053360084693 -5.5081288287818
53347.566177 -2.55437180136673 0.370641184441918 5.831636 5.864512487 0.205039286372789 0.45175214289257 0.45175214289257 -1.53055634046464 1.38517459475322 -0.00546771567262994 0.28474549825135 -1.96162606866744 0.68564892113749 -2.81665511033999 2.63035835579123 -0.40901532979618 -0.58237925110247 0.97715700337251 -2.42627461744177 1.90789323693723 -3.01399869172011
53347.568041 -2.85187032473102 0.360210546058014 6.197692 5.863097809 0.204312127163924 -0.12299366530256 -0.12299366530256 -0.98074036297834 1.2732693733043 0.27596551999099 -1.41184110405151 -0.19412535874256 -0.15611199517139 -1.6857133505589 1.59343550471351 -0.54709288612239 0.16464772537413 -0.68411244138866 0.0580062148351197 -1.89639089036386 1.89751521215665
53347.569916 -3.03892405453629 0.341678850231589 5.281712 5.859994502 0.204522229802627 1.07487185413221 -0.69458812362774 -0.22657160347537 -0.76914716312608 -1.34592331277616 1.6835324873967 0.28112251863626 -3.33066469391375 -2.60340224933125 -0.51541202687691 -1.47677199218981 1.22687881643126 1.46165447409666 -0.25429099198198 -2.16905150120137 -1.72149656936483
53499.92958 3.33621321388382 1.01589803257448 5.934358 5.881134418 0.222927339928985 -2.87667536160471 -3.47534735390508 1.84692857313344 -7.13715561271785 -2.14809036181538 -0.13538447132111 -1.36304070557977 7.36612407102561 -7.66017224669192 -3.48474030101664 -3.10695795604548 3.7821630668349 -3.29669683926795 -0.667049469288346 7.33213970155654 -3.25221063872429
53499.931409 6.29188583202415 0.946299167607296 4.546339 5.884327268 0.225685912458571 -0.00476267500700001 -0.00476267500700001 -1.84909906828843 0.2356194855159 -0.84342236424157 1.49538406580913 -4.86909840228158 5.16832027451463 10.0557902212344 -0.45657481350771 -3.29146236524998 4.52897933760394 -0.31928566310209 -4.23023482158728 1.119032040934 2.32369757610183
53499.933295 5.33858773354486 0.860139926078654 5.412846 5.886071563 0.224424785871035 2.65723580699091 2.65723580699091 -1.20015428330647 -6.14688653354571 3.22157598502378 1.01491591477902 0.99582327736041 -5.9970914366384 12.1760972872741 -2.43938851985493 1.54382328996336 2.78010452911182 -1.41863285092251 1.00965136282975 -2.78482750419795 -3.48165887401381
53499.935043 5.74947038116637 0.814906171480474 6.592628 5.886912627 0.22146387645854 -3.13947632665256 -3.13947632665256 -1.15691364481567 3.56374223031476 -3.00609648411537 -1.50204546915366 -0.61857754716643 0.36730907920672 3.93772132311358 0.871078210421841 -2.35279682953706 -4.75586684555905 4.95847573679535 -1.71587076700106 -2.06986249336203 0.60042979124083
53499.937023 5.69900577051627 0.947704620516538 11.647929 5.883134655 0.228729274650246 2.56024574159853 0.0743363416804996 0.0827337359968601 -2.26060332042014 1.01767064687067 -1.00627953080217 1.41375957512744 -1.93263479463088 5.30622413455659 -7.23005645930302 2.5351175422603 -3.21814795143245 5.97816823309231 -1.99698537835762 0.25385770157781 -4.12775175849517
53541.885979 0.1460775657124 0.47386914275535 6.472843 5.875414043 0.213558852928884 2.05441526301353 2.05441526301353 -3.84800665978022 3.26184055224428 0.658389537032612 1.31744040770224 -4.54191729729562 0.12239922352517 -0.73994998892855 3.11822445763059 -0.272742532462896 1.4519209227977 0.30177587078131 -2.60773048015242 -5.76056000083141 5.86615010100429
53541.887819 0.0709743956229348 0.452616262864236 6.733419 5.875874091 0.216059916590764 -0.952166167629431 -0.952166167629431 -2.80580896463474 3.60324332665997 -1.58518163799434 -0.338789239785838 -3.65719952616336 2.39922576608702 -0.236622833791849 3.05703262194447 -2.4508128336692 1.04031607481836 -1.37858704135451 -2.57221034836313 -0.0377415411451101 1.75815925523885
53541.889683 1.35396373536594 0.417963650397909 5.713949 5.874526898 0.215407842690656 0.44475684687251 0.44475684687251 -2.41978722656553 1.5660046983214 0.95814148237763 -1.71722598773412 -1.01993246359041 -1.29311350170862 1.46121912678591 2.2378644993658 0.04970778346049 0.41187695244597 -2.8074293323721 -0.215492375091035 -1.89973605411141 2.74168321561833
53541.89157 0.00968132595646695 0.447549689245836 4.834507 5.876651093 0.212632167312138 2.47685101281066 2.47685101281066 -1.07433033569949 2.54679975263175 1.83872241353405 0.159836947668987 -0.439612067394073 -1.656519223306 -3.14539760537168 4.33393187305642 0.151729953047663 1.33050148703683 -0.28038077997485 -0.0381771527807 -2.54870800555036 0.15071950310836
53541.893445 -0.133087809414752 0.449189833492991 5.212441 5.87556824 0.21547462497398 0.741816703468702 0.919944372986303 -1.42926593439349 1.01160999634189 0.366107334729132 0.632127822799089 -1.36410108681514 -0.875091516535383 1.7561181361687 -1.18353208767887 0.89934783091019 0.570198602762189 0.0474237110358 -0.26136438578719 -2.88699729150031 0.72134276561273
53600.77006 1.90169347757765 1.03374991075049 4.009354 5.876793665 0.202522715825341 -0.902287660066504 -1.03694923563964 1.04399696286181 4.30611884687457 -2.73669816478405 1.65493711911396 0.77432832848213 -1.16711592617966 10.9768292038936 7.73617091725723 -6.22054344312186 4.47504253603356 -4.12807629273744 2.21481575265042 -6.03959099838949 16.5585610094308
53600.7719 2.77138562343379 0.935265017474229 10.078472 5.877710296 0.207329030663931 2.02752096604166 2.02752096604166 1.09291504323488 -12.3954258977229 5.36686101731452 -1.92627744622366 3.78688944994159 -4.105796950621 -3.76910387369453 -3.21490750789702 4.67387588293563 1.24162792065364 -5.55225959884152 5.60653040359958 -0.41587174707461 -5.79814218071723
53600.773671 2.38168643946879 0.944354051293485 8.258825 5.876048669 0.208983201139686 2.90345335548304 2.90345335548304 -3.52721244941044 5.1320816024062 -0.0329677455559301 3.773849112491 -5.73327680346067 0.916685047114244 -7.51778649503345 6.51242663454933 0.6486317137651 -2.63064176750565 5.31282805003566 -5.57284997747025 -3.90019773102473 8.50105270800148
53600.775639 0.585376349456131 0.896215224454207 7.337197 5.872089844 0.214231923753201 2.62781255296381 2.62781255296381 -1.29616311925441 8.81574155613981 0.198622189740189 1.38820913980699 -3.08760613680043 2.59909875784605 18.4405729284548 1.15652928288694 -1.35997599685286 5.78782850539857 -4.06429888268935 -1.19400359091731 -4.93095275466261 16.5762941166664
53600.777502 1.64481415793264 0.867123344202901 6.500719 5.875208042 0.212335690211114 1.08988936564485 -0.63660801851741 -1.54396916484523 1.53683148062005 -0.23024914699419 -1.34914438380081 -1.03391956615456 0.314939621165958 -5.21084215202178 1.44440765857837 -1.24520939443543 0.30802231010793 0.48503964388851 -2.50163822901543 -0.727479195778964 4.83001146048331
53624.787417 1.03182349283968 0.560441470618764 5.672882 5.88535415 0.208660989294469 -0.338736882707084 -1.25870714468913 -0.320991538413266 -1.45070188552121 -1.33777727148451 0.72181709265187 -0.324991140003684 -0.784260991898837 -0.030375687528655 2.7845949490255 -3.41638392787798 2.08270762379821 -1.07802650197121 0.627000819415603 -0.841887254975239 -2.62154667959964
53624.789315 2.65314901942764 0.624377507068719 5.905355 5.885071291 0.209937013626614 -3.2287795156989 -3.2287795156989 3.9647099698919 2.75911721122465 -4.50065589919109 1.36044849475788 4.70981280451874 -3.2118481662907 0.70307936064826 -2.51761435880378 -2.90164459241542 1.66353582093794 -1.24897069446957 6.77275818781527 -3.76107033780108 -2.83151080088145
53624.79119 2.17676688476404 0.565537214881518 4.919514 5.885612604 0.208380444120298 0.41119814808378 0.41119814808378 -3.80078624354972 1.01084217362094 0.76426136591517 -1.06045836634831 -1.96728790916932 -3.08662358379865 5.09758509848859 -1.87206038192735 1.20587669874666 0.43647401687205 -1.92375859857412 -1.33937416463043 -2.74406804393845 0.47099904613962
53624.793042 1.45838127938617 0.503995764180902 4.051927 5.88568111 0.210980247791653 -1.83903931949428 -1.83903931949428 -0.58416137627551 -3.32229494746242 0.7746045341412 -3.63330885004759 0.394068100418817 1.74077967399478 -2.82628263872385 -0.10031988740881 0.85463542771523 -2.39617638691934 -2.38728263070456 0.556673966838258 3.78874255441943 -4.1088418917191
53624.794917 2.27552449035182 0.496228733531953 9.045391 5.886691056 0.210982890071193 0.0703096492961327 -0.59630716940878 -2.73110307981746 0.87840116913531 -1.19749032011592 0.79037804541164 -2.96785930653897 -0.326550433015058 3.29038254047695 2.88690022528017 -2.14538403044257 0.72808695500154 -1.13704829324916 -0.72900904661031 -1.7336168622596 -3.21621455122322
53730.580264 0.921043276077847 0.434886548598475 4.734936 5.863514803 0.199796829866996 1.41387073108866 -0.735261640599354 -0.454390554299305 1.81426097278906 -1.78270121158216 1.27677856311077 -1.37911419009204 0.738120669795202 6.40895394823306 -1.10212260389281 0.24986156843769 -2.8153271590436 2.32924560882972 -0.541604390699186 -0.609379653584328 -0.79216410406505
53730.582093 0.278698515314047 0.436987968415038 6.200036 5.864551405 0.200199769877172 0.774402660642539 0.774402660642539 -0.848538633136619 2.88007772499665 -0.518728107142922 1.35661756335058 -3.10606368687919 3.74011895807059 0.922043213376834 -1.36471280907094 0.732836460747222 0.431974582525268 0.740032397900092 -2.69128687441601 2.19968189146874 0.266671263454787
53730.583945 -0.0412783738946758 0.45145050656405 6.436723 5.864897339 0.199971708173104 0.537302709832316 0.537302709832316 0.943136435184745 -3.91612333058389 1.01497248114121 0.642530546248403 1.51073313167289 -2.04984080346991 -4.3868582316797 -2.83148112459193 2.12848420884905 -1.10874914489044 1.80816740285114 0.266105869647791 1.80423561163625 -5.85141288232553
53730.585831 0.137766417283867 0.485424207198035 6.264545 5.865499455 0.196824927909569 0.574974101381427 1.15343286815402 0.023686710968643 4.99778366457281 0.41248018695019 -0.560408276205763 1.17397359237176 -2.08397925114337 8.39664177818363 -0.913579266766422 1.59783980331978 -2.59803458422332 2.88405859699666 -0.819197622261637 0.633549473957997 -2.51261747453249
53731.564217 1.54028735740674 0.385836277657665 4.888888 5.861907667 0.200680066771473 -1.88879293107431 -1.88879293107431 -1.12713647796373 -1.87388119693833 -1.07165956813912 -0.812281249117294 -0.119189962395234 -1.45827618731229 -3.981949217458 -2.10010946850082 -0.13348828502781 -1.61174574068646 1.38438776918377 -1.09874742305452 2.04603773048311 -8.08619608320295
53731.566069 1.46114395219137 0.392802552559694 6.025354 5.861791038 0.199550147353147 -3.97669431596293 -3.97669431596293 0.061502224112441 -1.47262634906374 -3.31505979101579 -0.690928745378932 0.0871255991048746 0.750445113506388 -4.60329583049924 -0.69330029851605 -2.04542704816266 -2.50714952045717 1.02067082184439 -0.0637778820993431 2.14338639900354 -4.36902446742863
53731.567932 1.4999489569243 0.38448163170342 4.210865 5.862259502 0.200191323257575 -3.86782427554066 -3.86782427554066 0.307338504383228 -4.03612831661159 -2.81267423539058 -0.377076857130242 1.03188392295286 -1.29499307651011 -1.88007279542335 -2.9684876284532 -1.47893685193553 -2.5900430702522 2.02514040938479 0.628635403307994 -0.459647680872342 -2.89182182568801
53731.569783 0.411172924709566 0.391306931861403 6.044628 5.863710649 0.200438617947621 -1.66848196469537 -1.66848196469537 -0.400436287788399 -1.89165720285985 -0.0770447403027501 -2.32632888726975 0.01170627657722 1.72761160951304 -0.29329034444943 -2.46007639551556 0.525512265562082 -0.878139042632341 -1.6396802114292 0.522751356011187 2.37481993492546 -4.43892056218079
53731.571647 0.899112244060928 0.395822129826459 5.015326 5.861733147 0.200040325031364 -0.0110160625960513 -2.44759473695679 1.19273361688092 0.75841239836628 -2.78692963325278 0.345797074985633 1.79247295335228 -1.82458268230125 4.87357062176077 -2.30409329647844 -2.13762458731276 -0.846848785045916 2.31766773734839 1.3161219619572 -1.32791999969879 -3.55777316068798
53732.537267 1.21552086412107 0.415897072199171 3.679833 5.865048456 0.19897363293212 0.00624551878012003 0.00624551878012003 -1.11104774464409 2.64064112693918 0.72816707842216 -2.52183434849007 -0.188906180224115 0.746841004207146 9.28474802784144 -2.28060357417229 0.59217930310284 0.93543272017807 -2.86710730591256 -0.159253971870455 1.50216704072454 -1.07771337109287
53732.539119 1.44467216017874 0.41945066790365 6.229764 5.865560801 0.199584427555602 1.22791798171027 1.22791798171027 -0.94573233570746 -1.67478130002065 1.63541124472997 -0.0923082933330301 0.28319105634487 -2.88884991007074 -0.24341612025779 -1.0419295018288 1.47101521927172 0.64309740930282 -0.58250599207823 0.17349083052379 -1.41449264501914 -1.19606901461654
53732.540982 1.45923462783767 0.442059430007387 2.942262 5.864077853 0.201181343535592 -1.56026853976263 -1.56026853976263 0.874448868119386 1.21027782506106 -1.43260845627098 -0.7380875356459 1.23272051320758 -0.0160133853485001 0.38695365022984 1.59807079688726 -2.57503973105379 -0.275193762861972 1.39300295731588 -0.34113861502151 1.88861087166894 -3.18110636301787
53732.542915 1.22964946507725 0.408608713801159 7.383008 5.863981611 0.198529150696008 0.45461625765204 0.45461625765204 -1.14504429179777 3.89031181611262 0.02600493870038 -0.77283008216683 -0.281620501600184 -1.20452846187721 -0.962950013162148 2.35615208706094 -0.66866664586075 0.63753181099592 -0.61241162971443 -0.524967424000494 -0.357291428782015 -1.39905190236543
53732.544709 0.886775471162722 0.376015246954139 4.049941 5.864763145 0.199028344891527 1.14621393654658 0.672823295296239 -0.4493707889009 -1.33830269144982 1.40014880390026 -0.852128742946933 0.860255603708383 -2.21401190442796 2.15434896024099 -3.26270192197931 2.30006072146253 -0.49103301555244 -0.238407280554468 0.399881835663038 0.6481170672056 -4.84752090695065
53766.509242 -0.140747128311452 0.501391947736692 3.643522 5.865470871 0.200626471293664 0.886606488634214 1.88293256356683 -0.961894988114847 2.47483109780924 0.0662500370646221 2.51886672137685 -2.82522387093581 1.49538784688834 6.47443248909203 1.54277688167048 0.11625960144218 -0.979098115924785 3.68460763251145 -3.73472718291865 0.115968963948032 3.50957873865153
53766.511174 1.11615775914367 0.481649607652784 4.227291 5.866312182 0.201445798063984 -0.70662050047066 -0.70662050047066 -1.96356314452655 -3.40849121002905 -0.920704664335376 1.78874649024247 -2.54990652597565 -0.638129824441518 -3.36296686416224 -2.28919549607963 -0.580559247560715 0.557543959219315 2.06234247714118 -2.59038286590775 -2.366032349291 1.9418153601136
53766.512933 1.69011665231037 0.503080326104215 4.93646 5.869380343 0.203601685236037 1.05886315950534 1.05886315950534 -0.41946636498278 -1.00261835268133 2.24337777810664 -1.90733006726803 0.29777144903479 0.49042550165071 6.15078798713157 -1.36846890212518 0.875806778385149 1.21773687454661 -1.4248576414474 -0.772073516010753 1.08864031746011 1.51578518390085
53766.514912 0.727558903937488 0.480479028230278 6.701719 5.868136431 0.201650194616703 1.01032795899069 1.01032795899069 -0.982317073991402 -0.252672995650939 0.775877828773392 0.558790539410677 -0.44946080475551 -1.88425238928758 0.96593970436218 -0.661208354130664 0.985755866438891 0.924424788424483 -1.08138034913476 0.580555491822856 -2.79819078846196 1.63533655239754
53766.51681 0.781357850362557 0.478419120986736 7.546653 5.867864742 0.200104265735244 0.0880048700509509 0.100389583803156 0.127559893479148 0.727995848923871 -0.427683319737019 0.735187998889957 -1.1496937865526 2.14083631279868 -0.525148753645721 1.50687645516758 -1.8073745764057 3.00341360744481 -1.82315190467267 -0.914876368922118 1.42824705583288 2.44083290755926
53935.882345 -0.443769626174727 0.41637132731191 3.595097 5.868688505 0.201509005969711 1.56726028554796 1.35985943505739 0.585546219138128 1.97585529406698 1.26491877188758 -0.694278482615979 1.71073071607385 -1.92992255244199 4.62675639497183 2.15472147557708 0.626911334585759 -0.465415621285021 -0.888886002937583 2.13929522872991 -1.93779330084442 1.14332768569997
53935.884509 -1.07486077952244 0.416266620245474 3.212292 5.868681521 0.201483187188322 0.854974032257134 0.854974032257134 -0.134907856101222 -0.13928634623564 0.699032156979165 0.371262221441934 -0.545063131916229 0.549855124344798 -1.01121445959351 1.20372815151276 0.400564561230764 -0.196986691615595 0.421397004167144 -0.923104730770643 0.717097860165195 1.20672027035334
53935.886628 -0.878603195639329 0.404173320760015 5.407898 5.868985238 0.202417581574032 0.898438428792336 0.898438428792336 -0.344348706002136 3.42054038012095 0.273837257617827 -0.313865954344162 -0.439320292609386 0.625746628322917 5.89914573106613 -0.672060770547002 0.695978700811236 0.663830548360867 -1.31318971871422 0.05962423891655 1.40657655037959 -2.90124305640422
53935.888723 -1.14737968952926 0.413127957637806 2.173033 5.869050982 0.201145568468662 1.84943813940824 1.84943813940824 -1.94518336611676 0.604945798281 1.92976690042886 -0.43156647282492 -1.85620540056588 0.30950905244354 -4.12199925369637 3.84815382948247 1.082917242612 -0.432262878787967 -0.776103357774424 -1.86121476955887 2.83958639876517 -4.9688175507764
53935.890841 -0.385521186406865 0.422702435308576 4.689236 5.871298668 0.201521652203775 2.00743693223056 2.00743693223056 -2.05452894289153 -1.35133175296762 2.41967466386753 -0.217699520945812 -1.71085304992385 -0.57791476637531 -1.12547557766159 2.16154534339097 0.657545226218289 1.65038663508597 -1.60860848358607 -0.572296404485641 -2.86092660168711 2.68324604752624
53935.892971 -0.714002432294307 0.437475789952264 3.235619 5.869474368 0.200115914675626 1.71410073400909 2.584759394648 -1.84262903982228 0.85130885733751 1.87850985451764 1.01368810297495 -1.41808174875182 -2.27843434408873 2.99419370874529 2.28959687620325 0.876164289552449 -0.463612059676277 2.16702920604704 -1.64350677460087 -1.53365130291351 -3.8448778963517
54046.60055 0.581011815304369 0.372384349129759 3.108479 5.869052492 0.198080330926522 1.60441131217137 -0.0818844117366611 0.360680207801948 0.062424454825848 0.691404538446669 -1.57801017730776 1.93949020562312 -1.89835166731673 -2.4110632947466 1.30480407325537 0.27544075483159 -0.754667514130222 -0.706533597814946 2.99431077504607 -1.44888610707214 -6.32713418615784
54046.602668 0.717895178184118 0.380965379914075 3.08695 5.867871813 0.195651541487738 -2.12959490115662 -2.12959490115662 2.38146141336575 -3.13546298645598 -1.0565037911829 -0.718598562603216 2.8914487220166 -0.36111979643958 -5.60262521427195 0.11120793667704 -1.57561943076841 -0.422190207634766 0.444571260300181 3.64409539096979 -2.26735700352126 -1.20396910262401
54046.604867 0.232371572753281 0.37037806724338 5.158304 5.867857737 0.19587223025159 -0.960509159838156 -0.960509159838156 -0.39991638284369 1.05666873547219 -0.752889835545053 -0.89415268487718 -0.956045247462197 2.3841056452021 0.090635145528147 2.78658104803714 -2.53038887883421 -0.00131800082359901 0.953558501615635 -1.94875286865599 1.35383864168208 1.21784648067121
54046.606996 0.987064068204383 0.364921481298508 4.813165 5.865883059 0.19471325229076 0.450988068601021 -1.50027306794922 0.485938842820917 -0.48174453412843 -1.17050265306822 -0.437537979694953 0.965468012924516 -0.623121419514861 -0.41399901254304 0.30084905043898 -1.41762643424028 -0.518199491129978 0.449795225173046 1.62589330072007 -2.19550241968178 -0.62574182362469
54286.911039 -1.26309177770839 0.865936738292022 0.386758 5.873140806 0.19769173501357 2.40664552925918 2.40664552925918 -2.54851672071782 -7.18394880197555 5.84273292075919 -3.75928743254682 -3.36879002683344 6.01433379459211 -8.6686756581726 2.01537392112291 4.09392263432132 -1.83385718516498 -1.92556961431647 -2.62725344500155 -0.44238411358106 11.3122875895876
54286.913042 -0.856285033693332 0.910136089838465 1.271506 5.875765093 0.200806255552522 2.80798333449168 2.80798333449168 0.939712712001919 -0.98462105535135 1.52566078227895 2.80077458070039 -3.1728057851706 6.54788846780412 8.28257327087078 -3.09940146522407 1.96554528887449 -0.86800276429502 5.96673437247372 -3.62250246867187 4.08446993844648 -6.24818359215288
54286.915195 -0.732444483678818 0.780214737324033 3.277481 5.872536526 0.201702889688646 1.53747502357857 6.44057493572624 -0.576174837107135 -2.01745098600582 7.45490572916877 -1.13097920310619 0.0781638625062191 -0.285032744905894 -3.63630018252562 1.67415988145885 6.96152325033295 -2.99851061727347 2.80588153509597 -0.82525720831853 -1.23796484076537 0.756320731182552
54286.917174 -0.920358659574843 0.828181005063084 1.996446 5.874384975 0.200168294914846 1.53747502357857 1.53747502357857 -3.82135357719462 0.40847796132269 4.54993118468897 -5.85380012427173 -0.8803983781251 -0.42509133528473 -3.82329123765184 2.65363152358044 5.14061824449373 -8.36121876190693 2.96723065155273 -3.256262021238 0.42013998201424 0.79418086346001
54286.919489 -1.59336103069341 0.961299100986182 5.067311 5.868374487 0.196037185924765 1.25874180342813 1.25874180342813 0.419897647698935 10.935881344536 -1.73975403718975 1.63483131246702 -1.65104014298436 3.0269049935831 -3.577699778517 9.89236592512221 -2.0637387218476 -1.12194165818701 0.83560244159591 0.08374978877783 0.36608172514165 -0.102890437911335
54286.921457 -0.321124120344771 0.842363031030464 5.141439 5.875611627 0.19693714177964 1.24303261500077 1.24303261500077 3.5713645388486 3.92985370462369 -1.03744080688482 2.83224617048193 2.73733661969585 -1.19996479368543 6.93829312626572 0.84255073919527 -0.96242561784856 1.5274146179616 1.06829528015952 5.00166154084105 -4.0866249653302 -2.26928437604348
54290.910041 2.28295106061738 1.20981206851438 1.910457 5.8812581 0.190072518598072 0.506288523715801 -0.98047119093902 -2.47925222567606 12.2337589122232 -7.19386415520357 7.32193701017761 -6.0511784251792 0.398818247412323 17.0193883601106 10.1443437948095 -8.13101981165638 0.644028876450592 4.83415502926083 -6.73645630508454 1.68198449578646 0.338113265985703
54290.913004 1.77479319719871 0.887261684426287 3.086851 5.887204945 0.195256434755674 -0.75246912252821 -0.75246912252821 -1.78994193450412 -1.55614848430761 0.31899073432776 -1.43243520381397 -0.244257149079505 -2.05566586300109 -0.73081825708414 1.04245882661351 -0.70442482468561 -0.12579141722295 -0.9655756324123 2.25456016803531 -5.92289203515741 -0.90005039403715
54290.916627 -0.311991134288387 0.846385193664571 5.165148 5.879030363 0.190106989768032 1.3880779767506 1.3880779767506 3.58147745382754 1.15543074286004 1.36483364198736 -0.393668399448002 2.83179120916777 2.20783948942396 -7.09422698917061 1.91316362375439 2.52509041383923 -1.0659438504839 -2.12061594558727 8.01215425533078 -8.24242295871665 9.46485983694215
54290.920042 1.87042675588949 0.670522965189563 1.072947 5.881776624 0.19992870363461 -0.8066632117403 -0.8066632117403 0.31219983352377 2.71425580841261 -1.84874399611042 0.89771139936985 2.88253512838001 -7.0691799618224 7.67601948767501 1.75390022675501 -1.00278571216756 -2.08164919545006 0.809593176090182 3.68257780765627 -6.25193184539617 0.9208173912162
54290.923422 1.11172784390977 0.643555449343742 2.826033 5.878925429 0.199653666640073 -0.692272152341754 -0.692272152341754 0.113725583210394 1.59135640352973 -1.41471984799579 0.742819426422451 3.0197516818893 -7.56724466640016 -3.90913965594584 3.31894713108411 -1.97060451856396 1.32550914397264 -1.87646069955437 4.17746002268024 -7.58782990912014 4.52473675249955
54290.926906 2.2618401231394 0.639072341004294 3.395832 5.87808268 0.199405238915033 -0.17217947762865 1.41131204474261 -1.25026336589973 2.68425583462959 0.18301288895187 1.25664151564773 0.79565815439809 -6.28432523766525 1.59163826952699 -0.28545357758105 0.33753502372543 3.08065357404715 -2.61573518658106 2.14973238916199 -4.32587563498916 -2.54471901211023
54310.835735 -0.33377567261154 0.350016917495071 5.46434 5.871687189 0.199499631727155 0.871540892797658 0.871540892797658 -1.76044265803644 -1.8135933112697 1.43931822603506 -0.296553980034658 -0.719455694546344 -2.29256691628669 -4.60196757328438 -2.05513002247769 1.9396296940076 0.485205294476624 -0.136923636653119 -0.736806418246294 -2.25223693925091 -0.00405795169357015
54310.837668 -0.42361441696941 0.343264618105215 5.303526 5.870112454 0.200155373889838 -1.20811076144029 -1.20811076144029 -0.607967331159201 0.252006919764383 -1.14798821756747 -0.237008760706621 1.00657571029308 -3.82235145432215 1.69442408197435 0.318906981190565 -1.91835091203559 1.57913234134797 -1.7364202916507 1.75364374735153 -2.90755081872484 -2.19314937641081
54310.839578 -0.833058840667192 0.343019201544418 5.240516 5.871022522 0.201314009382428 0.503712503148265 0.503712503148265 -0.082764383573386 -1.49563238074059 1.39943462486509 -1.09144801991105 1.73398982481419 -3.29935631129469 -4.85510273581468 0.53890808065325 0.635870511890455 1.61075443314971 -2.77501126806703 2.37997772043489 -2.67283561454067 0.52622337536248
54310.841499 -0.459711407755857 0.352519657297659 4.886669 5.868678473 0.201787289509569 0.364672679894645 0.364672679894645 -0.303586234901407 -1.12855182679684 0.752536330252318 -0.260992849187934 -0.536565312751378 0.934815197428207 0.944169117355722 -1.70576237462105 0.00169351175679 2.85787301913391 -2.32317265990794 -0.582199318873488 3.72120748364249 -6.5202765253446
54310.843409 -0.773551835199786 0.355421640468307 5.848033 5.868799888 0.200983988273448 0.968124852438801 0.968124852438801 -1.31994438395444 1.11759047878027 0.591907715933252 0.238503953218448 -0.793173248661878 -1.66084066368242 1.12247594858474 -0.535007038630014 -0.0270348906567501 2.90751712654536 -2.11215583133834 -0.164622962535868 0.196018317152622 -5.61224919159917
54310.845319 -0.729963539733126 0.366268410886442 6.091189 5.86914313 0.199086116360752 1.29282517045627 0.00745631567494498 -1.10191312366537 -4.88733336458603 2.05121568990776 -1.8067886373564 1.57630652550394 -4.57463771005822 -7.11744440091207 -0.16697001459335 0.979034049073637 -0.352186979009086 -0.094604342549385 0.200178648784747 -1.91365142352969 -1.00064562349039
54339.741215 2.41766890444781 0.402601390457145 5.119939 5.87404867 0.199111220005167 0.154428833369205 0.0140476413873101 0.38881518506925 -0.48197376050118 0.28753657701766 -0.32053352100845 1.41483339831455 -2.12695401254108 1.09710437612527 -2.90526578283318 2.24317437899121 -2.09123347977923 0.84189558423149 1.88531406573028 -2.14109692075728 -1.1864193256081
54339.74331 1.50130471620275 0.395346509105183 3.376161 5.871118307 0.19879110092818 0.14775301112227 0.14775301112227 -1.56025545372419 -2.68022491342666 -0.481285689927608 2.45867280482538 -2.26716683766579 -1.22784324592028 -5.93578777503349 0.529884162839174 -0.697429869560602 2.29076026901716 -0.93931145591507 -1.60789515661046 0.407419103141126 -2.11343626060918
54339.745428 1.38653710133293 0.403489249393583 1.4684 5.874462691 0.200288303128873 0.46165821869131 0.46165821869131 -0.57606228284083 -0.821409542769499 0.337116271567039 0.61026946988837 -0.43819271201111 -1.11019086115865 0.62706860112147 -1.85320176915184 0.465385953472842 1.33665534633289 -0.26360153183308 -0.87344221084052 0.0352193041841899 -0.178227279846784
54339.747524 1.94991688245701 0.405618321561865 3.918308 5.873914652 0.198589080170648 0.81964565502883 0.81964565502883 -0.8436217018663 -3.57796187678523 1.1062975046283 1.05748322929678 -1.18508944528131 -0.43852913596772 -2.81579828562565 -2.32953628207425 1.02689730153203 1.30200246772408 0.66103032233327 -1.56817081188609 0.27513147238048 -1.7991966070968
54339.749595 0.655753498427022 0.408750833434297 4.993817 5.875511752 0.199989318350661 -0.475928847004425 -0.475928847004425 0.908362536433704 0.327526142804243 -0.979901752803326 0.84406887108245 0.895228524909998 -1.00852422462524 -0.33219610068738 -0.594151491281313 -0.237615730520641 0.320370132185348 -0.454512525996193 1.8165934628551 -1.98027141362653 1.62915726611461
54339.751714 1.75992800398338 0.415307217245278 5.58681 5.874296388 0.199533256958386 0.00402627112516919 -0.59402119068603 -1.69623832942853 -3.00719814223761 -0.37685395668506 0.9307198107666 -2.43101965853049 0.667157981938011 -0.72946941795421 -1.83320656551326 -0.1947908527072 0.55513776763996 0.3477403245073 -1.89838983027072 -0.15485311214056 -0.848989763889615
54350.748272 2.36507707062544 0.392022994378952 4.330516 5.875063445 0.202732606411857 0.305800564683722 -2.92443634941572 -1.19442537998852 -0.58486657858429 -2.13954106501829 -1.30742200464562 -0.874735733498539 0.773685688541023 -5.72762093696273 1.77774697699962 -1.73051926474117 -1.91042578858898 -0.80878091008212 0.364692664109835 -0.622973241450172 0.0934385668601131
54350.750355 1.38281007584961 0.412335572474689 4.257527 5.875444602 0.200872182551107 -1.67261917186769 -1.67261917186769 -1.30070286874093 1.94103317750786 -2.33165254594188 0.433393680398535 -1.63544380388134 0.272993264032357 1.7912608343911 -0.72668304837181 -1.04328149580856 -0.504372240697264 -0.437149419821509 -0.477212516275502 1.35169599180512 -5.79396263328924
54350.752543 0.742972043554826 0.393137248493028 4.405411 5.875610074 0.200142072345333 -0.508446143102924 -0.508446143102924 -2.16679219729106 0.969812854026796 -0.22740788326511 -1.00428874001588 -0.861261856445102 -1.88089665681441 0.833634167758572 -0.44167615766532 0.9502820881077 -2.00564629389531 -0.189045135322225 -0.116105602243719 -0.282009082700074 -5.79337610897267
54350.754545 2.18115524952242 0.390151142844957 3.862161 5.876841524 0.200583708463419 -1.18084953848171 -1.18084953848171 -2.51262103576339 -2.15617568823536 -0.76665263111155 0.16083740974024 -2.70234204228077 0.250039961938878 -6.06251109022976 1.85240185012142 -1.10088371971156 -0.22644097394893 -0.63986184279831 -2.11332007378771 1.71885940677104 -4.41760274709592
54350.756675 1.40915575339918 0.389337678510485 5.165271 5.873867571 0.200672265701454 -0.69596319004839 -0.69596319004839 -2.12110097288063 0.98550050193217 -0.16188524750388 -1.51363702449908 -3.08623520190249 4.01774567216015 -1.43326542631483 0.96158073476316 0.44394876025658 -2.13016045457724 -0.240614720789444 -1.91165197784852 1.43688129956073 -0.165371818648766
54350.758781 1.09842811057342 0.397305588726553 6.917124 5.874873695 0.199118746221898 -0.162927644985867 -3.58493673576231 1.04562287189333 2.09065695174462 -3.4247665465881 -1.28160396414536 0.723715224806475 2.24717754667177 -0.47477250001507 0.93680715742441 -2.57198824446721 -1.97309993420202 -0.417008372058958 0.946324222299528 2.63213891387573 -1.65064620860259
54364.650993 1.22858303214945 0.772777214864291 1.850286 5.878665552 0.195362588778674 2.2020447321088 2.2020447321088 -1.63938559332983 2.42537501985386 0.642790076638303 2.0357967456519 -3.63925420703977 2.39247707965653 1.03215366663929 -3.1922122845189 1.35781687421639 3.53895857532349 -0.78423301366313 -3.97800560960209 4.15830456749284 -3.14199206456745
54364.653261 0.513393233057152 0.807836642045631 4.979531 5.878704154 0.190539565143473 -0.555543861453338 -0.555543861453338 -1.13814317822782 2.03118241502352 -2.02386568526686 2.01111674787292 -0.530453071992833 -3.5644080323737 -11.7915580562187 6.23294144962503 -3.68429042579801 4.01207681679128 -3.4628222444594 2.11329445013153 -5.77138913600916 3.83439199068594
54364.655322 0.765880181826126 0.771533486460738 4.387995 5.882173384 0.193153838016712 -0.0671795803146999 -0.0671795803146999 -1.81996101626401 0.339683369526089 2.50828809810432 -5.03638797521048 -0.94785242369734 3.50968887583179 -4.63829636489435 0.069134922808311 2.9698009156028 -2.99859459348743 -2.14377433038084 0.829525546494243 0.716965595330012 -3.37466227305649
54364.657393 1.13768871951916 0.679560229522497 3.160246 5.877001273 0.191596411525061 0.2873949000197 0.2873949000197 -2.68553472661065 0.707088363874421 -0.24042660931845 0.71905565926168 -2.85569955556452 -0.388484484294827 -5.2499550897484 3.01868562847438 -0.79235322545637 -0.913415626751504 2.20246900569852 -1.59346103424427 -5.19103237973548 3.31838921428733
54364.659454 1.6729848809697 0.674863752451534 3.138599 5.87636769 0.194773930581053 -1.15267898489001 -1.15267898489001 -1.6314698216458 -2.61180941571287 -1.15132025417668 1.03035054406562 -1.46795984827969 -1.49689201080742 -8.80134371916884 4.47100243364034 -2.90268591877347 -1.21508753325707 3.62160073722932 -1.80153366853944 -3.37978731802086 0.60444547118235
54364.661606 0.166275409410537 0.605709193931826 1.960153 5.877707143 0.19164370513405 1.55088312259193 -0.581436425547958 -1.3266826158296 -2.44555749852486 0.055740982498626 -0.21997546911518 -1.3091235238206 0.199980421563818 -1.70000829859958 0.165209498380595 0.786826619800756 -0.830712419636588 -2.149432300628 1.65467359851471 -3.35264652910458 2.72428254141961
54364.737256 2.77786640302846 0.696067770870233 2.664216 5.877728163 0.192089750162913 -0.38070034846322 -0.38070034846322 2.33219601505905 -0.00830097249281003 -1.44142915369155 2.04995056634777 -0.50230723488543 4.24617250418007 7.0173108793707 -3.62186517657138 -0.48331443717371 1.52980356675865 0.32802757477937 2.05571394590306 -3.96568764045386 8.86338897206804
54364.739618 2.56986948397396 0.742080176258643 4.901942 5.870580349 0.194012548247426 1.97793940773234 1.97793940773234 -2.93056523197193 -0.53092735495314 2.61542948709512 -1.00354857150827 -1.5966934500024 -1.99581579487765 -1.33878902144006 -0.39478383108926 3.64107559792903 -2.3886222299954 0.49002714271688 0.45951877629735 -7.22194453551922 5.36031437521282
54364.741655 1.72453720028802 0.786723402642778 3.057117 5.875715035 0.190598706032179 -3.25261466454755 -3.25261466454755 0.555288329912527 -4.49772063536439 -3.67614622917577 2.54093250305591 4.79912453664829 -12.417971386618 -7.9367949414651 0.35311492507683 -2.62605309439916 -0.607766803234192 0.456258378820271 6.58223858887261 -8.66014927409954 -6.9995190476556
54364.743958 2.41526977841186 0.853811562910088 0.350921 5.873214635 0.199741886743405 -1.50410367597002 -1.50410367597002 1.54374923732112 4.94683003641988 -1.57525035184063 -1.74775724594657 2.21749842432663 0.33453845583551 5.17252014252853 0.39460218482936 0.46286169376 -5.42285019580824 3.0488872772314 3.03968138639207 -1.41655325260364 -4.28064312610702
54364.746146 1.37330639502461 0.910899607499447 5.735365 5.878587906 0.198684331060655 0.29556184745245 0.29556184745245 -2.67959462278163 2.57028154068091 -1.53111720557448 2.47691251006246 -1.49285821519796 -5.33441879791969 -0.24717937134437 5.58432916942102 -0.0284891424084597 -4.16439060714691 2.31423951798809 0.5439609099099 -4.96873331842176 -2.90249043867598
54364.748345 1.48462283064294 0.717742040930853 3.240504 5.876572092 0.190486654444475 1.66509381641832 1.66509381641832 -3.24576120418595 -7.36169490271477 0.270462758605835 5.53343663911844 -5.42466932334733 -0.989404594173056 -4.77133451861029 -0.858963653281419 0.151027638247842 -1.11479726547616 8.1994014035254 -6.89501193060013 -1.76275177713474 -1.35653677022477
54410.576162 -0.802396244614296 0.371630030285879 3.869799 5.866148037 0.189030651293111 -1.61255139021077 -1.61255139021077 -0.14857469546914 -1.6973810532626 -1.26166238137819 0.0761562372001601 -1.2282949056614 2.6165254034981 -3.87056425995096 0.0759285555488136 -1.45865578153775 0.948849563481748 -1.33246427196548 0.0595015540947201 -0.18124046595658 2.48461464618558
54410.578257 -1.10918453354726 0.359379903160489 3.094628 5.865352972 0.189331235985669 -1.23551154021905 -1.23551154021905 0.0765623814455598 -0.679829202825983 -0.752703413924669 -0.65590652280257 0.50050114820978 -0.22791704449192 -2.70986507771622 0.743008255636175 -1.0291086038073 0.16729758748537 -1.19915900265446 1.60397354878583 -1.92934765567762 1.02665669724763
54410.580351 -1.36531001581126 0.36216538520669 3.273518 5.864753435 0.189356075395203 -1.67961861332605 -1.67961861332605 -1.36474404847987 -0.381735775167081 -1.03170401771984 -1.13497807084227 -1.56991009322963 1.95723164156992 -2.18820275086438 0.300745846998163 -1.16435112906784 0.482226268933224 -2.26898539201286 -0.84554677713029 1.28032122339504 1.03741438895067
54410.582435 0.28855151558983 0.362835016807184 3.209513 5.864243583 0.190222715796255 -1.59853480939923 -1.59853480939923 -1.23077396108491 -0.0951362787704799 -1.60553861159433 0.0593018982726481 -1.05402588218162 -0.51515184140765 0.85582025088213 -2.21500770611958 -1.2314567588626 2.31091544823072 -2.76750380436921 0.366920473939015 -1.77758029779205 1.70322637182186
54410.584541 -1.03652285764225 0.382283868414498 3.707791 5.865426738 0.189527029996993 0.18039124050084 0.18039124050084 0.208764578597442 -0.11962791849516 0.387326611015377 -0.360283726940157 0.70413907813076 -0.78087322336878 -0.517726118819265 -1.16422685062305 1.15871951090914 -1.19390854407208 0.984283526743111 1.02481406392236 -2.30696968308199 0.7934795402142
54410.586589 -0.525549674241541 0.398351953829542 4.056428 5.864695977 0.190097710017499 -0.120762189004828 -0.705004056735361 -0.767350304049347 -2.32472557389657 0.311876149886341 -0.97822674887484 -0.34068565539852 0.15908273570203 1.7352441271854 -2.64218058569937 1.19938809264446 -2.17557822643831 1.40801557436847 0.225162586735395 -3.60989220340844 4.11296481713282
54437.529728 -0.416991958100668 0.498424869682855 4.075069 5.868762069 0.195008131484122 -1.40945020195082 -1.40945020195082 0.922176418100564 -2.09256739936104 -0.299292623588721 -1.24938394166934 0.889126668459545 1.59676497538308 2.61903932594133 -3.13433202492904 0.523657236292504 -2.89936731989318 3.08480620603619 -0.632380568607609 2.46823820483035 -3.8670363327584
54437.531811 -0.559356486250887 0.487003438049595 1.98947 5.873080198 0.197081879475506 -0.865488728726571 -0.865488728726571 -0.811589706038536 -1.25531129866474 -0.054982691512133 -1.01503030767147 0.16349827001317 -1.2010389268076 -3.14670291652877 0.861624603563962 -0.495038841534183 -1.01755595940043 0.501264847721275 0.23665717501781 -3.01103837323879 3.07542600975865
54437.533975 -0.548560119957016 0.470498807847654 3.994855 5.870861326 0.196381481347368 -0.844985069871268 -0.844985069871268 -0.774277879283425 0.539456774884442 0.619565145683448 -3.0775323090893 0.61685062657275 0.25552418075489 -0.599849599233972 -0.129317791350272 0.909535956340832 -2.91254613180791 0.69657133510255 -0.34418603421055 0.927656790507026 -1.91620346479196
54437.535931 -0.428892479520767 0.500836432075401 6.376154 5.869916755 0.196711643046687 -3.82647259860356 -3.82647259860356 2.45657352320318 3.3280277823242 -4.43578625297661 -0.24077558231505 3.01961095127717 -1.1104330850153 -1.59295301583762 4.34722194997478 -4.42263441476508 -5.1848089065323 6.30500884059447 -0.435327188439823 2.06268912378017 -2.49540478191013
54437.538223 -0.29667477889404 0.518765572889397 3.899126 5.871295019 0.196580751168149 0.441401246033375 0.441401246033375 -0.164635818560797 -1.66074255869468 1.07909431841913 -0.537793656924569 -0.366645513749775 1.13062544971614 -0.210203472478076 -2.16306160655825 1.46120424148608 -1.72865260251711 3.01334633903129 -1.40609814060979 -0.457353857546234 0.724230966527304
54437.540225 0.273685337303462 0.460517139799979 7.538991 5.871035942 0.195720865320641 0.104132478932626 -0.55336878548981 -0.316632708824813 -4.10448791151723 1.35204652560196 -1.88738010019107 1.36584480644005 -1.9018384807746 -6.52723598867754 -1.00763715150139 2.00655052936879 -3.17338123179995 1.42556829276024 0.275802556286042 -0.296753066567884 -1.33344059629846
54609.92338 0.497516623634156 0.557613001727651 -0.31008 5.86782482 0.194923519844841 -1.18524778249088 -1.18524778249088 2.05411575327253 -5.70721597917672 2.00745410617359 -3.81559700815208 5.25019645769233 -3.25277997002336 -8.52884267920802 1.66376261743166 1.14692885291363 -4.11781951423474 0.78217953675885 3.13687746119498 -0.37107540473954 0.33253894787107
54609.925498 0.827967291618019 0.501375723763589 1.968815 5.864274869 0.194713707327629 1.84244945533961 1.84244945533961 -0.1240735698657 1.10976387658563 2.43101321264963 -1.62011486022456 0.797592990449681 -0.33237705302868 0.18026465395652 1.27129432481514 2.26113836681274 -0.99298394971887 -0.955803583234785 -1.71954106282968 3.93208685970122 3.12654387515225
54609.927605 -0.462755271031108 0.483053084977658 1.051774 5.863136407 0.196187593571562 1.82458423957555 1.82458423957555 4.10402994550779 0.19778945539019 1.82483885962704 -0.0862845296751339 3.34736676432115 1.9481406027178 4.02818071308968 -0.42218973631491 1.94647971379557 0.644968040792182 -1.93574904265127 2.7783385707775 4.8320262180683 -0.6592869382051
54609.929688 1.41627188632933 0.473447511104503 2.455342 5.864915736 0.19186157994844 0.698003748351034 0.698003748351034 0.83500282482186 -2.18040859366943 1.35601091327589 -0.34495438230522 1.74210552848742 -1.79793208329988 2.79052148996753 -2.19451188184706 0.818584147881502 1.44795732238092 -0.92857101247484 -0.10996414792431 1.97363989211571 0.17237680053159
54609.931772 -0.687135618612443 0.467023487898087 2.924957 5.864499881 0.19168806205064 1.1157661144504 1.1157661144504 2.10855707535932 2.8357204986606 1.13924856900827 -1.27591106953922 0.721089652188115 4.93730853874521 6.08632459506106 -0.41876550427327 0.789501031037335 0.328911782119105 -0.56652277207906 -0.94342619195333 4.44057404810767 6.16493169599021
54609.933913 -0.49858631728657 0.48481234978411 4.132105 5.866716197 0.194389665550395 -0.0490032995306677 -0.284971852381796 3.59254366215859 2.55397613994422 -0.428807094610516 -0.808029737962263 4.86599402258284 -2.11437092972682 1.62791641381989 1.21964141011763 -0.651964547749794 0.309902223002855 -1.41218595470334 4.11517424513106 1.62621616239403 -3.20254829681191
54657.911772 0.70986371515226 0.527697383913217 2.588573 5.876577683 0.194692446001864 1.86071512734522 1.86071512734522 -3.30236644353214 0.763461563065674 1.18486525805161 0.9669029645898 -3.34994342558615 -0.9942202492385 0.116275048069948 1.25651952050193 1.31229141805167 0.53114901420219 -0.97821564011515 -1.59801388124727 -4.43739988765549 5.68249201575848
54657.913879 -0.0475777405527883 0.563930858189135 2.842364 5.876833059 0.193812558557362 0.945209807285551 0.945209807285551 -1.29216181368936 5.01066014599364 -1.5143562034869 2.60557824186347 -3.29229809308282 1.83486551829082 2.20799024887708 5.8491010244523 -3.2992154020535 1.93718229517295 0.823593913038305 -2.16767479804041 -0.260932439612245 -0.902908097483566
54657.916055 -0.196361325494894 0.52042176554599 2.824654 5.873488368 0.191532124140338 0.848430080853288 0.848430080853288 0.763495675502159 2.81119138971021 -1.5219881670124 3.34203434763629 -0.716466506519311 -0.246110053735562 2.04035671910831 3.64080559115093 -2.98794867851083 2.8814144472775 0.648848032542384 -0.20849971656745 -2.2049288212066 3.87314250997496
54657.918023 -1.79720223390285 0.511863168070384 0.353029 5.871946964 0.19334645252844 -0.23910470711411 -0.23910470711411 -0.84536963039408 -2.91700073581266 0.67557087496542 -0.52444117257682 -1.12679690728815 1.27013111150812 -1.88710195233538 0.20378193001529 1.15308947756082 -2.47416699061054 0.81328745737105 -0.0996838077400501 -1.93928277504904 3.23990630919045
54657.920222 -0.4940958577211 0.491995487232451 1.814176 5.873144898 0.1934068934763 0.709169786865586 0.709169786865586 -0.096896461212808 -0.208986800294243 0.197021259507553 1.07865548366295 0.399502064714453 -2.45444449618337 -0.74912517041951 2.62940693887401 -0.585577355866833 0.604508526609902 -0.478906678554988 1.09406809509399 -2.39550509207732 0.812491187158395
54657.922306 0.622123567708296 0.552983193766773 3.82464 5.872143827 0.192863491576048 1.98250159706115 1.98250159706115 -1.7366738892281 6.14576161449524 0.00383490401270603 1.21821059261919 -1.27413558766862 -2.53360905792592 1.9912105567668 4.66760861305486 -0.27366336586078 -0.05099780217322 0.37659093897016 -1.29195574345881 -1.38730655406485 0.271233607369687
54657.924447 -1.42996015359291 0.489212600754409 2.514627 5.873221435 0.194639174160121 0.277381607358373 2.89119085577033 -1.82678337758547 3.93534029028924 2.23091690173022 -0.389848462286261 -2.16862694790983 1.28737238450739 4.62814202676119 1.51032312294643 2.59129172362684 -0.973410350103051 -0.28488801083223 -0.01786640333415 -5.28809860585035 7.87178073989219
54670.819787 0.953400680768123 0.54430861095659 4.381393 5.883219074 0.198134466372015 -1.93786121912722 -1.93786121912722 0.581090879740807 -3.94365769046594 -0.570643454989088 -0.953519226915569 1.42917849086275 -0.968804509886361 -1.42333171154027 -0.71852819422388 -0.868091026332091 -0.68928147327363 -0.54403411573148 2.4966062050201 -2.14214134300875 -1.16972816971329
54670.821894 0.3925666990532 0.605666690731845 2.029797 5.881560158 0.196815774061025 -0.083954311086598 -0.083954311086598 -2.01231106910804 -3.39957308756565 1.38550030990833 -1.40780210605365 -2.91671667825235 3.75722356569864 -5.08472612182534 2.36652092444663 -0.34464741395728 1.03647904715796 -2.85006310263307 -0.838024651715889 0.671486754529471 -0.342357071873321
54670.824035 0.774306389601472 0.598464746133388 2.727695 5.882532983 0.196433837091291 1.16107125847012 1.16107125847012 -3.64465685384442 -5.55272617751911 1.4665482338503 1.66764636247526 -4.40768056631345 -0.0573680405596 -6.45725566859118 -1.1421134930221 1.46436441741471 1.28172906461487 -0.50220329912752 -3.65153353231771 -0.96916990587062 2.11000591119524
54670.826107 -0.0934960515148242 0.500761018694775 4.672596 5.87881285 0.195711740723556 1.32164494459995 1.32164494459995 0.421028033668395 0.476334259525714 0.923634474048894 0.568682336435356 1.00917975896463 -2.15170942804033 -2.64393921593709 3.56237615967894 0.437547026628336 -0.93188418857148 0.498395727372265 0.799576392838457 -0.181743159799584 -1.52812595654973
54670.828179 1.87404825408412 0.595756318468335 3.875746 5.882756599 0.195430432462788 1.0138238848087 1.0138238848087 -2.79561970300198 -2.06528219416792 2.91545476603188 -2.77557588507692 -1.81592544361124 0.813243313534864 -11.7592877902284 4.65091497106897 -0.27808354352318 3.29151494712727 -5.37069719322452 -1.10519678995893 -0.206788156332867 3.81372089617455
54670.830448 0.995431248959071 0.630859123026697 2.665393 5.881851144 0.199213759507946 1.15099267964157 -1.47092226779606 -1.66778207960391 -0.63062603679392 -0.52047613791172 -1.53325767964394 -1.08936617774709 0.331073072899624 -6.13681104719407 1.53782000695916 -1.86123455144077 2.21677678749726 -3.47630871460757 -0.406269713288872 1.62269535104774 -3.50131382021586
54686.718721 -4.22898439004666 0.475898631507538 4.801885 5.866987593 0.193031923435692 0.906199387319407 0.964610570153161 2.5429700993588 0.18650605534379 -0.56176119220041 2.82782322990355 1.22211286676729 -0.05170474668787 -0.87413265727388 -1.30247509521973 0.31643956120941 1.05440076559024 1.60203271938984 1.045236066618 -1.79969401170403 5.72684506520358
54686.720828 -3.35362476737185 0.465418709252347 3.560789 5.867927155 0.193004811369572 2.16847414531909 2.16847414531909 1.13172246899027 -1.68477570277728 2.2165737015965 0.61908101918738 0.89629431129975 -0.15390029362266 0.83769399706914 -1.63995529311656 2.5539403113806 0.57974728758627 -0.38163031184792 0.55371038224698 0.70568818108489 1.49432454420917
54686.722935 -1.16982924950381 0.482879561405516 5.256867 5.868895007 0.193903726811371 2.00998209059113 2.00998209059113 3.4653995772695 -0.92338931539282 1.1508120637915 2.02724992287514 3.05746691325764 -1.38690096870165 6.83672129777729 -4.43680640510797 2.7648591766745 0.22188806007864 1.24597010182509 2.59940355653228 -1.39324965075336 3.87264808901788
54686.725041 -0.0523370514705609 0.510484609643842 6.642238 5.873950426 0.191412117164487 -0.823171344147567 -0.823171344147567 2.28115732775903 -2.6907646697407 -1.60711691997634 2.56439585631525 0.573128657083134 1.22425264523642 -1.75968047357747 0.460491579673155 -2.54952380485002 2.66492600976719 -0.24868500351322 0.400271543622567 0.525971062627831 4.64516173582422
54686.727148 -2.61042228949231 0.456121716258654 5.253084 5.868755078 0.194117085350125 0.57656969929728 0.57656969929728 2.47647450365583 -3.57981436473162 0.69043087343392 1.31695642034788 0.40812567929329 3.63286331426741 -5.42161153084169 0.23995561800687 0.59021429237126 -0.883799150181 2.53760835030435 -1.0524852046189 3.62438665007158 2.06472610794215
54686.729255 -1.11276367551867 0.434603607625679 5.502084 5.87076701 0.193845991053804 0.559971932244062 0.91683752068104 2.56003792293888 -3.10743578168976 0.45816960385291 2.2243181202572 0.663967130737306 2.08803485967967 -7.99501347503071 2.38190094598358 -1.48499397931986 1.66370183507087 2.6869682045602 -0.383456319118297 0.115680698565678 3.23181041354486
54698.814732 -2.47781830646971 0.397669242654262 2.6341 5.863186394 0.189926921414713 1.72244199195986 1.72244199195986 1.0908339362553 1.47770127961586 0.38951933996904 1.96441626073088 0.181707166761195 -0.195973708115615 1.54326562987736 -1.51448792321614 1.49383705026523 -0.15353637263546 2.54776628087231 -0.405965527517732 -2.37725746969057 6.10768622179233
54698.816827 -3.8933249017083 0.39408536409794 4.042121 5.862661909 0.190290033717936 1.4146444739809 1.4146444739809 1.00806932853688 -0.15751745779511 0.16262438406323 2.56172793583527 -0.68603954054814 1.09762996257461 -3.57723875245076 0.7693631540799 0.694603984322709 0.1737308883885 1.76375393623495 0.11777198223566 -0.4496333723435 -0.71250228737643
54698.818933 -3.4251542237409 0.397042547432565 3.6655 5.863791538 0.189922687983839 1.77647666730572 1.77647666730572 -0.44345765636059 1.45148965063079 0.12602851131077 2.60229118878555 -1.27545470827606 -1.19336274927318 4.93703719789499 -2.35094199894756 1.29792842072306 -0.91910294843587 4.87753076270458 -1.17712494578148 -5.78836283533998 3.9601381258799
54698.821051 -2.04769426149069 0.403915052012106 1.956171 5.862819938 0.189263426270795 0.77320821944159 0.77320821944159 -0.51938183444965 -1.96220658664201 -0.34208005591352 3.09556272054275 -3.10877051348894 2.75727569366839 -0.61628742504411 -0.65731863152071 -0.4628006437541 -0.42848113163266 5.3545741779382 -4.37212943529184 -0.41955851311513 4.14173232023096
54698.823158 -3.05512480612704 0.387596388320152 3.83432 5.86046912 0.190444074977198 1.44256521205778 1.44256521205778 -0.83492857190122 1.56023343334977 -0.18008862602265 2.46642834919979 -1.79751955876243 -0.67089602321661 3.1683181193924 -0.98682350479977 0.81885552861649 0.73419436999851 0.89639337909011 -1.23934059205676 -2.52361625911169 4.52670046113398
54698.825276 -3.10225018514443 0.383929780377807 4.980005 5.864002828 0.190653919266989 0.0130141524345678 0.92733682226936 -1.30270453253236 -0.26380445800987 -0.36789245410396 2.68635642066731 -1.90963535969095 -1.87750280341433 2.79895574227346 -0.5065606928049 -0.38717710495026 1.10694363905819 1.68517265515399 -1.47769072993102 -2.5018352579706 -0.700677438949859
54715.756036 1.0265847036785 0.705825788363845 5.170458 5.877266628 0.198382983890917 -3.24882995205347 -3.24882995205347 -1.46281688290728 -0.47187072088924 -2.4025517547729 -1.37967554705332 -1.43595938863234 1.48070856372861 5.11424359004069 -3.77108683024602 -3.06485519427965 1.58955276776747 -0.055468326967369 -0.88706056105136 -2.78030898947052 2.11945255914466
54715.758201 1.14031861964265 0.679641808544953 1.910894 5.880060467 0.196515828893133 -2.47058533138032 -2.47058533138032 -0.639667045249446 0.47315450822346 -0.56058411707958 -3.73521413145555 1.05479305329816 0.0710693778778624 -4.80963858986475 4.853590589513 -1.7645154094387 -4.51978113199209 1.60684514813952 1.94704036365696 -5.38425225812043 3.65664679901747
54715.760273 0.591662092843028 0.691455888175973 1.611538 5.878061172 0.198739073223114 2.09675025372255 2.09675025372255 0.00187198718124004 3.24824204312129 1.72166251958508 -0.599267859602518 0.476749531215808 -0.49165933591054 8.53106436852609 3.61247018801296 0.1296523693785 -1.73343649018186 2.49676488335853 0.85443601412156 -4.22261788138367 1.66925032450311
54715.762425 1.69906483242105 0.668618084479318 4.328189 5.876470714 0.194808854678648 -0.22341882529336 -0.22341882529336 -4.05144353819763 2.7716867106018 2.35066524315809 -5.94119698199701 -1.7977588333942 1.25640718584444 4.72976491256829 -0.21840166249905 5.09006599760708 -8.49706292747893 0.221324357694522 -0.292787270615497 -2.03833025514857 -0.15557138873914
54715.764544 1.63948728737317 0.622772305826967 3.330788 5.877220248 0.193442525875505 -0.59075030412782 -0.59075030412782 -2.36517177115583 4.9489079005533 -1.74701303548768 0.13058454880534 -1.52997350833218 -2.22739540434603 5.702773779173 1.15651717615302 -0.83569027288481 -1.47012863369056 0.7605565951716 1.09020094980761 -6.15306206691812 -1.94904125955912
54715.766604 1.36444680374623 0.634458668599248 5.19996 5.875768707 0.195880524349081 1.04364236464962 1.06727698661835 -1.69590352648544 3.63008268005919 1.08516373607463 -1.52445491709339 -2.15678826027897 2.93993312515145 8.66356333673376 -2.03404633159429 1.29976134800673 0.49564947215626 -1.01636041699006 -0.48187063933224 -1.21524103492124 -0.70882633308655
