52985.807227 0.475023805978227 0.519194188109499 8.375284 6.118396877 0.226241336799874 -2.39928244236751 -2.73960912605476 -4.06663883143476 1.84744293627209 -2.8251335760361 -0.721785639758249 -4.73532239250378 2.49892599507707 1.94491697872954 -0.91180052729835 -0.94530079701518 -1.17880659030292 -2.69708729546904 -2.67169442584081 -2.22523371057308 10.5594917207651
53053.715817 11.1359686487901 0.62241095049555 12.796638 6.142449255 0.238116070826507 -1.64611577329082 -4.5163040986106 -2.26030436937794 1.2410275163896 -2.2832377978628 -5.14457589264428 -0.8801646603134 3.04558572336362 -8.2738677581819 7.0229161844616 -4.229437893713 -1.1219119178476 -6.00185126973211 3.09491229994034 -0.6913749007406 -2.42763284427326
53059.7585 2.33027473086036 0.621022272736012 13.051906 6.128039601 0.216727641532441 -2.20412471558174 -1.55451972542398 0.16092514457573 4.35388348051505 -2.19219684788602 -0.62460301132383 -1.33219834778585 4.37202133884164 1.49537574186413 1.04116223529976 -2.64173243379513 1.78325420475486 -1.87752538891442 -1.19622061383988 -0.380043060462258 11.0301813372133
53064.717527 5.94851548288017 0.653166321534904 5.877725 6.11967698 0.208916231097406 -2.81493716354873 -1.99749434107423 -4.26867239480987 0.35165697114841 -1.69132000789623 -0.79394751478744 -5.63116341235411 4.23836293991334 3.84128379808288 1.52682665839267 -2.47657711228236 -1.30388918014596 1.24984925527597 -7.5040793767189 4.57186741842022 2.19438520161279
53146.605337 6.18555231089554 0.868277070808203 4.817244 6.135271654 0.224777889273829 -0.414402649069556 1.45482388297396 -0.87655036997196 -3.3969598615609 1.71268745222243 0.66730461816385 -0.95825311656769 -0.57772012241029 5.42344900625668 -7.49757564191059 3.31892244408528 1.20316810893961 -0.30220792956626 1.64395145398642 -5.39339499494703 0.86837152222654
53150.610667 8.70267931660778 0.766050951206609 12.584498 6.14157579 0.251295947162059 -0.456706979505704 0.769306328550721 0.217651379486929 -0.89708719166733 1.35081223246663 -0.846161351680511 1.41251360324686 -1.76640960238449 0.31019080387235 0.58724405781617 1.33945067087956 -0.672232611115721 -1.06859870869273 3.17218175696216 -0.720594835303 -7.5367684218249
53790.694192 1.73396642087107 0.508212621035002 9.716135 6.121252621 0.222582797566623 0.851138962001515 2.0576211327136 -0.75303095821653 3.13676856726087 1.41443581529346 -0.0573558528756704 -1.4130609355884 1.63078127663807 10.4880254705822 -1.66606527657575 1.44881332395323 1.14827931836305 -0.66826829039582 -2.01152273520291 3.89971984192843 -3.94198524369222
54079.813085 -1.97475682602521 0.526319034309233 4.090171 6.102515297 0.181395241055718 1.58533393269107 1.3823384324228 -2.53789228656658 1.11567035123212 0.16792578930314 2.00382000080496 -3.66667546717339 0.24319353461763 0.70282570923714 2.60666444525247 -0.38536023484364 -0.40808130140272 2.75305117861629 -4.70709709350368 -0.91751146609439 4.73840536069756
54084.815108 -1.24515826471463 0.467830103677034 1.307784 6.103744398 0.185245166550137 1.29714228165424 -0.11374768287783 0.0862082188756301 2.19041014949998 -1.03158290743963 0.919783557550846 -0.757793806747316 0.876624123781015 -3.36936992016905 2.89191974677438 -0.788544482906654 -1.52421664523842 2.14781863676085 0.487825008251609 -3.34980878409483 2.25600981747573
54115.746955 0.432017359269593 1.21407321208807 1.650856 6.099981577 0.166998772695422 0.994314953840505 2.90626121948219 -0.719523630373292 0.11460413383355 3.06618246433791 -0.35557182621648 -4.48510956436321 9.09710630375606 18.3679147127654 -2.9274501323294 3.41174485753341 1.55647258830485 -3.91793549925878 -1.2719811061885 3.98879695071562 2.11075117198324
54118.821434 -2.03598093190662 0.490298267835133 1.833326 6.102121589 0.184802417934624 1.48162855431295 1.94794290958399 -2.11495654913963 -0.60519283770735 2.5179590626625 -0.90988246993576 -1.38557768499728 -0.6128341034017 -7.7098125303842 2.27981497939164 1.09971916696208 0.941009802581288 -0.351185904383195 -1.58116814037985 -3.42388583744666 6.00158418005848
54121.785788 -0.999979978711737 0.555510426288189 3.975284 6.105222396 0.185640503924273 0.306849549109085 1.93778560592974 -0.285253559933188 -2.95114495594115 2.32325308681477 0.48188050166524 -0.606954429099297 0.180577064494066 -2.10959471065258 -1.10897929442538 3.31292823856484 -3.45191876695768 4.40662506541897 -1.70865001488912 -0.358918202027647 -0.539236894503053
54134.725138 -3.98029141059973 0.546512057104599 3.570985 6.098315793 0.183779166992761 0.908247388572468 1.38692529866038 -1.82040309508369 -5.76666597381294 1.67387845276381 1.90924776630717 -1.11460894521393 -4.03527157758872 -5.11602146619936 -0.10423861601427 1.42585225871644 -0.0911734446024104 1.35914028300481 -0.78569683008619 -5.94932807034783 6.14495167795354
54143.754033 -1.52363196704281 0.537746746419464 3.953165 6.106425782 0.19013429848236 0.971702411407403 1.11854916675482 1.42695121569986 1.43241420898281 0.1341262690639 1.4007638113435 1.87313559851756 -2.76415636621442 2.18701702504357 -1.68931183401219 2.87576824342351 -4.14150868238498 4.35053105472414 1.75091706484807 -2.9194935704462 -1.02474913868897
54198.598639 0.802786669384667 0.438658278196141 6.709526 6.112044716 0.198218752293404 1.12088980619842 0.035815758018511 -0.919435362213382 2.3861370254744 -1.14362806100344 1.38000591174264 -1.81691964808747 0.438668804092967 -6.10757362341888 3.54879780341033 -1.95368834630715 1.75381677209514 -0.3428011741766 -0.829308075237714 -2.24855505330953 3.17956722417902
54521.66339 1.33906085928669 0.539399908065147 6.745775 6.111570225 0.201051701992231 0.232132843203531 -0.965991849796486 2.07781493707685 -0.31707339578268 -0.754285809556455 -0.296364980038112 2.83778924654257 -1.51449727198671 0.0535449805584003 -5.8189496300784 2.55894528280789 -1.60039808280966 -0.233303237836381 4.20464564132642 -1.35306333834232 -3.56694710733106
54522.737747 -0.107579409071862 0.47963151631415 7.590525 6.112178229 0.198215477659445 1.17028803225171 0.997505419555074 -1.36312719477327 -0.485193973966585 1.27513261693175 -0.361183746599758 -1.11835170293863 -0.142129127908522 -0.0580956948443599 -1.72704694853227 0.68413977768172 2.99973170722188 -2.60068205791173 -1.95001885364467 3.55365743748698 -3.03296856008408
54523.703524 1.08418579988817 0.605270053566117 7.787673 6.110688947 0.196913279424455 -0.745303958714134 -3.18256558588235 -0.673358950283013 -2.24222350628034 -2.64775638520977 -0.126452377131036 -2.46781666488989 4.52909783227388 -5.46294487170804 1.99661036419444 -3.19773641785166 -1.37839149932628 1.29662656073964 -2.75212834641213 4.45197244328418 -3.07155413880401
54524.705944 -0.980289165323969 0.509857440898742 4.910376 6.111859951 0.195949867813724 -0.155826416673561 -1.07856602785791 0.28435807104128 0.958450781041317 -1.27774411104522 -0.0106863959177801 1.08765596263031 -1.97844544588487 -0.97981743159226 3.63072502134287 -3.54783348902434 3.65249598459185 -3.99609048123818 2.04005545339137 0.757898494305141 -4.02979047542619
54525.725818 -2.4469149498481 0.492240030352484 8.798149 6.108515451 0.190871255293001 0.333860196470581 0.82843542341437 -2.49412659864935 2.31802579208743 -0.96765534947316 2.66607750420013 -4.53408745167654 1.69202879832062 -2.13151607160445 0.40416138490043 0.0391947423272603 -0.21910153093311 2.78005985554648 -6.92782640672062 5.27444623754594 -0.2206348764802
54526.660735 -3.02406912421206 0.43239287395296 8.07732 6.100255531 0.191521228646715 -0.0276358173850605 -0.42679884906255 1.51334584035551 -3.38004488358476 0.37750716281126 -0.0983056642736102 1.96424281375025 -0.95023482444479 -1.54087757497926 0.68474983681516 -1.18819540714995 0.85694519715571 0.16455271361168 1.41932364843025 -0.99916202399243 1.04248348213097
54527.688547 -4.25104139603792 0.434346475317831 5.144418 6.104047986 0.191649368007616 1.0620521273352 2.05384044528222 0.20901947181875 -1.77920276452976 3.0555901025787 -1.27659140320068 0.568810698785299 0.79897087544131 3.71763012728068 -2.26894102972423 3.98611720359094 -2.02275900120399 -0.01037747493403 -0.84774146535061 6.79513427455905 -8.19630597970256
54528.650222 -3.89501208208992 0.505694865386397 6.795935 6.10552914 0.189691425024404 0.293616648779757 1.27218854376751 -2.78706185812502 5.31888870815024 -0.20474316183024 0.6816025473982 -3.09008595239845 -0.12298773218892 -2.67788175052158 3.29185517192184 -0.84641133325694 0.30530857499221 2.33768617911235 -5.10921116476179 2.77842785124601 -4.09510436881934
54529.652013 -5.17712122845515 0.489404523951797 4.048614 6.103016481 0.190328256399192 1.44518251246742 1.58206328252523 -2.4517460263249 3.34197046196802 0.87587345781303 -0.0699345849996096 -3.32851943176012 2.28465267205286 -3.84702127158268 0.98980797935702 2.30400394098822 -2.48130750228681 2.27710127698195 -4.49927890753719 3.73613063309097 -2.50112707585814
54547.659524 0.704088008953209 0.450671200116577 5.885819 6.119617017 0.202053519494708 -0.320360277360642 -0.50563263720338 -2.4328050676575 1.46223902160354 -0.42956502290113 -0.7989099083296 -2.6268908716539 1.49299536768171 2.69221211214234 -2.07763056574848 0.870634272861115 -1.98066220490351 1.64800267508833 -3.99454862857075 2.3211375622995 0.08212162897951
54548.636876 1.01494042328985 0.577748753138444 4.794142 6.119979738 0.206909597552754 1.57886384761706 3.45117648597458 0.25981661498163 -3.34669511998145 4.82347923693977 -1.36936873606354 2.13775749586459 -2.7866687212054 1.33524638494666 0.894829658267579 2.9682222309719 0.79019973652606 -1.5243701205854 2.64409914192139 -3.7943517888044 1.67999778038228
54550.653984 -0.479936327572265 0.557664974653451 5.282013 6.114765565 0.205100530294461 -0.784403189467195 -2.33680870280623 1.5228223903955 -5.07146175164448 -0.326155437996929 -1.86107897696209 0.38349121505632 4.9025352111322 -7.8241051099159 1.63517541069911 -1.04495917418502 -0.987343150513157 -2.34563105424376 1.59203527052389 4.04976521124398 -1.29653286916557
54552.662048 0.618054391646518 0.550244962448742 5.897026 6.115394522 0.203543827233151 0.0630199889054088 0.07167979438116 -2.54298194265371 5.05317714125962 -1.64617395493101 1.32455702410883 -2.74907319574255 -1.10431640246484 2.98754767454172 0.638455364681509 -1.58442371619609 2.41147497788838 -1.09198517988012 -0.497080077472779 -5.56244449130016 3.73582042903429
54554.641233 1.07998015759782 0.432546639556482 7.396331 6.113443174 0.202383110461249 0.592009810129027 -0.10379343148122 -0.294342408790793 0.487878934196767 -0.693937120787327 0.990138034224897 -0.56572908668445 -0.559924553172496 -8.27524510121251 1.5316631202028 -0.934300630544173 0.781712435281173 0.99961579136238 -1.05613781949878 -0.549036073571539 0.437127121456015
54562.559544 0.916641533539496 0.400255650408408 7.193958 6.106741463 0.19904547153673 0.532070283650123 0.956987031089516 0.75694323536162 -3.45978383753691 1.32089105006238 0.920200144445634 1.1814017008297 -2.16817278684692 -5.29866385744474 -0.970759686496177 0.721973396271683 1.29659612740338 1.06547432245639 1.70634658590102 -3.09652391551485 -2.99383119310509
54563.559648 1.42697220874232 0.431658732810068 6.011834 6.11239915 0.197576303987664 0.954495940513434 -0.29475486921439 0.0405734865321099 -3.02878286256475 0.960194849861812 -1.21846592091162 0.595030844099717 0.19703153943009 -4.10035766013782 -2.81899389551419 1.13417018667044 1.22132489170701 -2.04952232833184 0.559113951370705 2.45583291430636 -4.20828292028346
54564.54863 0.906088711875494 0.524004584646737 6.700512 6.112849601 0.198637362663777 -0.0784156627955455 -2.33376596443695 -1.80195869688616 0.29100313384327 -3.11396298459779 1.48974719800991 -1.9618396073058 -1.4544272972578 -0.45562689313111 2.96653588980733 -4.3445599358921 2.57454513486111 -2.54658046339906 0.50319951938278 -3.71376820287386 1.89716355261487
54565.575896 -2.14321057490346 0.477730778558586 5.616746 6.109755325 0.194677901212138 0.159212474391693 0.25970123267706 -0.44618681232449 -3.41149309528346 1.76366593268596 -1.59336209349165 0.63715538402618 -0.62039283154638 -0.253051413254077 -3.112195286658 2.90624420360638 -1.95587295768739 -0.24691218537213 1.06008839197076 -1.34492326669256 0.44196940003945
54566.540409 -2.15598255927376 0.520880508808933 4.645733 6.107352076 0.194966549058772 -0.142933756495313 -0.49946812863302 1.00171916385626 -1.05368213825729 -0.0631298822372299 -0.42496808363748 2.44356241473437 -2.9008329932821 -0.24851107857989 1.98908853280765 -1.2582345365208 -0.24679450893488 0.26137272955166 2.46904428085928 -0.956630984643946 -5.2510902710736
54568.543736 -2.37147904904793 0.497868277135387 6.275927 6.110616735 0.194923672874817 0.979124968448365 0.25826198986683 -0.18427499436011 0.5741312789364 1.06556774470387 -1.94975810108624 2.04022693592687 -2.9204396080633 1.41062906284402 0.47072210415409 1.41299044763366 -1.03762479006546 -2.57428150376568 3.11231600461935 -3.07057329118108 2.14449982807297
54569.577747 -3.21899498840702 0.545562777453975 3.850448 6.110670907 0.19696942467128 1.19000088263593 0.29183394163885 0.26757870289797 -0.53149971303059 0.0521226944413402 0.72690607351644 1.66292594932764 -4.22294267778043 7.24818888162818 -0.96040190151134 0.65765170939518 -3.02458677536486 4.33768128335105 0.10842958385994 -1.34448926873555 -4.69131812801685
54571.557342 0.128267451713184 0.632968235339108 1.607081 6.115106637 0.199369962780859 0.0818272714049367 -0.471744474899961 -1.34712969401996 6.83973080780757 -1.08793097378243 -1.78813890011535 0.0838509136739161 -1.1671403127893 1.07969563425653 3.86540455136968 -0.27611860740886 -3.31638406681375 0.523863055170452 2.14620197183927 -5.22658951769401 0.75271772939381
54588.501983 -1.36477450378158 0.562206199425874 5.079766 6.117258319 0.193192244207164 0.0483985346391835 -0.61386854684769 1.81526404843127 -1.28382732896784 0.37871965105436 -1.47079736504381 2.32646030017374 0.575703463778101 3.82618663886818 -1.91421440431357 0.60129560952449 -3.07219649876255 3.83577681195214 -0.632606712042566 3.74870798911892 -4.74694096528962
54590.473151 -1.77430420982663 0.556154256006179 3.047562 6.113320874 0.196693041310348 -0.0999120088931228 -0.21367040491542 1.07634543558302 -4.19536080034825 1.41280927143248 -1.44299339993367 3.07013651123154 -3.03788136423423 1.47965108906474 -4.67175412070042 2.65061388484437 -2.5518015329698 1.97111025082948 1.9859563827578 -4.10131572893159 4.08461010613986
54592.487903 -0.433086281451871 0.479314947004803 5.489646 6.110620022 0.197064740854177 0.065544696158489 -0.387858054117063 -1.17093648031655 0.0940706325498289 -1.35515435055956 1.97339825367262 -1.95734718459678 -0.57949881922971 0.245939055559109 0.67138406393906 -2.17175238806855 3.1976255803601 -1.65591542430785 -1.09977352032959 -2.04120676477352 4.66470944697043
54610.534479 -0.318199124000077 0.58898908862366 5.414207 6.120113483 0.20075001620336 0.109736511869716 -1.83247210707755 2.70984406089847 2.1743960104456 -3.32116066872911 2.11133266928396 3.24076507834961 -3.86383255456194 8.30281391603675 0.598825190430251 -4.01918545288784 2.50002180085704 -0.771083850672645 5.23552053244476 -6.53968719303124 2.55086005570543
54611.531049 -0.340169235831148 0.553981967148537 4.368823 6.111452583 0.200445119106233 -0.452582680786562 -2.21154188174723 3.16652884625809 -0.460158105807244 -2.90078039008504 1.6118576451374 3.60032438375987 -3.00257892498213 -3.74391961681373 0.930031544988404 -3.33760935848283 1.61168642685849 -0.01865120208037 3.56218447826658 -1.64433205325231 -0.575322399807356
54616.53203 0.0481960042074661 0.715198139918722 5.241512 6.127186516 0.197524045096434 0.0126097269389267 0.588805800621045 0.475848644107014 -2.79940391885197 0.980777465617443 0.364311576798636 -2.44840528576246 6.47909220327007 -7.33097219609086 2.09114323177101 -0.459331521173047 1.71788282366015 -1.33268427165219 -2.47433028901831 5.68826958070199 1.00923354515277
54618.4879 1.22960492314936 1.02413069776382 4.407551 6.128646362 0.209153469638551 1.03560320556384 -6.88503391643548 2.25902510940139 14.3132038199689 -6.6245806102294 -5.78848324033832 6.71081793204397 -3.69549670165915 15.6581095685388 5.5230511284234 -7.41480240716925 -0.3338062943657 -6.875464485548 8.01791542202796 0.16588289503651 -5.70527115442535
54639.508347 -0.87952596789896 0.788666070944688 3.533174 6.123756775 0.193782731139662 -1.15908373490467 -3.84599024880004 3.21851394546381 -6.28811556702377 -2.50602514657678 -0.22091657354865 2.58269736371469 1.74368325840087 -10.4210677890856 -5.14670561168462 -1.11126818747949 2.40094462352081 -4.81174516313857 5.17708436196718 0.288321983096419 1.07011974931101
54642.458795 0.915217467497111 0.541781315524727 -0.28008 6.123308367 0.202374848773933 0.313664962088781 -0.516895839338967 3.40136664236804 -5.39134817797885 0.724420767810423 -0.268569082629017 4.10549547573568 -1.39614120670796 -1.28355018928892 -3.36915895950865 1.3226356648266 -0.537437285843916 -0.0957220875412934 3.15674792037976 2.47454168151138 -3.94977829403761
54645.482342 2.74667277678436 0.635279922100074 6.072602 6.133315169 0.213189584538731 -0.33330393720645 1.88761174919129 1.20736610042351 0.00903236138355012 1.92305732334019 -0.0751072290007402 0.37196230151525 2.12246180149497 2.48178320058775 0.22279925663268 0.80968076906604 2.80089640609678 -2.92592639939346 1.75914189376032 -0.95775624308066 4.60233962242247
54647.494403 2.41956562446841 0.57095724050571 7.318388 6.140316378 0.215113002993611 0.0997543325823744 -0.3108763771839 0.0300783614293496 0.37074970140325 -0.1949072053865 -0.39753432140031 2.24010942438989 -4.9379332628778 8.90065216879263 -5.17283613828352 2.24268427123773 -0.2470587372518 -2.66751395377698 3.7799395583962 -1.35286906874685 -6.15415330090928
