53373.773578 -12.6206482433169 1.09111733652335 27.642019 9.130889171 0.587574073970137 0.467168239647539 -1.9401826598385 2.4575879350658 -9.3628242605661 -0.990349186292001 2.2239104541085 2.4434488143124 -2.5091115978197 -21.2798261348679 -0.336944968894901 -1.9485924381896 0.8207846013945 3.8208689650534 1.3437974759803 -6.8283918723861 9.19642687375565
53405.704567 -11.3181076306195 1.05787151827526 22.023581 9.089811164 0.583750741385477 -0.0437031609766172 -2.4189486474873 5.0365866694135 -19.5716351657551 0.703566256542 2.3839446676681 1.92049879902823 4.33320302941079 -19.1595989307965 -12.6139926125035 4.1432944710918 -1.5176249179155 3.6524031658593 1.22224844326102 -1.52315282262802 12.7304360718175
53411.773149 -1.48690543007932 1.08625286639235 11.598347 9.177961603 0.60568985987733 0.46174517029516 -0.00975858518049 -0.35459754071334 -10.0510217841158 -0.0699397372799897 4.40192450646453 -3.78131197704682 2.80232701615809 -11.1880152547704 -3.01052580641533 1.55442044460809 -1.44542636056971 4.51883764574536 -3.71375734174528 -0.51882512848536 5.09260499954707
53428.726874 19.6162187312385 1.13696480337776 -26.92597 9.102183066 0.586972209440174 1.24711520406837 -6.2479422479241 1.1284821578795 -14.2266725456686 -1.5807191375685 -3.1436398661048 5.2107684665324 -5.74730801249 -13.150177705346 -3.7766430748855 -0.274113712349202 -6.5730472532498 2.5447204916218 0.8670385430393 -0.383366218107799 5.6483072680994
53431.67407 52.4681430662915 1.08412217295814 -57.88817 9.122038046 0.586356906626363 1.24711520406837 -11.9550305072862 -9.861195322445 -9.5518162931247 -10.5809669106845 1.47168809749549 -5.4250186263484 -11.6829906962121 -2.0334296673023 -7.99990890826849 -9.4242431651061 1.1809917229943 0.707153538933795 -5.8056360186162 -5.6598468406024 -8.6930003347249
53461.734269 17.2647630595482 0.778030449858019 -0.99473 9.125985005 0.588344411950602 -1.8772735857944 -1.8772735857944 -1.5617944688978 -10.786436416273 0.704239381950202 -0.435818170571501 -1.2555240726551 -0.200113178200999 -12.4032691099645 -1.4050868680376 1.7363440837483 -5.2399504534383 4.0527132494411 -3.6340253379201 2.4275343103144 -0.6870012137929
53467.572996 21.1637470348864 0.915050113094597 -7.51371 9.109897985 0.581922053169638 0.699623326680154 -9.4000149116165 -3.8960298922807 -1.5394234937142 -9.9092513545616 1.7338616338142 -6.1786631171797 3.2763124488602 3.9950628789639 -3.9105373738229 -6.0867400952868 -4.3386479926274 2.6096279793384 -6.2257259504721 1.3947562177359 6.7438489979625
53499.465815 21.2941588154449 0.941896073464479 3.267117 9.169064042 0.61456453768353 -0.997886354254474 -2.3978353110151 -2.0113321583261 -3.0820978029065 -4.0869919632842 4.8805094572902 -7.3036417309419 6.3505877978173 -0.291988860860002 -6.7426978181157 -0.7108423831944 -1.0899553289474 6.0221683897503 -7.7168711406181 0.825415816666602 7.2642600302679
53500.591321 -37.59582144554 0.959445733888644 53.530032 9.069982367 0.590813666137877 2.84795659817899 7.2685822654962 3.4746620669511 1.6680314967805 4.9850105656794 3.914168800781 -1.2320103953845 6.1741261237638 -1.9063305096473 -0.596160347417403 5.3045422470061 3.1217498973945 1.3292610308929 -0.982462833086203 5.8105680190237 -4.1605579119793
53521.469401 -51.9754642921695 0.831498928991056 53.944708 9.09709704 0.590486935453137 0.111608676660137 7.4287817289072 5.6649487632813 -1.3164594120161 3.7396268108591 8.1552075850549 0.947419269140298 1.2758190766388 -6.3269342036827 3.1223583138554 1.9631726544113 5.17607079483501 4.4122991371423 -2.2263230883221 4.8793875185774 1.4434844885073
56678.776242 37.722851677375 1.1901371904214 -2.95058 8.608928548 0.642761804917666 4.57690166007146 -11.7119475449975 -3.9340671351024 0.448929090685901 -16.4277452613808 8.5077392036587 -3.7196173116359 -9.5309877373143 -11.1584863457138 -2.5091590725647 -12.6477686623071 -0.168146544201299 7.4911464065963 -2.9088798622297 -10.179315503155 -1.2543655622201
56678.780698 38.9414695526274 1.15567152745824 -6.40234 8.609538238 0.633637891262218 4.57690166007146 -6.4968462402916 -3.7337472564052 5.9676786213196 -7.8412979036864 0.314963744355197 0.415919761413704 -9.9587445555345 7.4530136734728 2.7402055785543 -6.9113471287188 -1.1975179226625 -0.820528340267501 0.914539210647099 -3.0959168349081 -10.473868826398
56680.878119 -5.66960248959094 0.980607066769931 65.22472 8.584307008 0.610056491330982 4.57690166007146 4.57690166007146 -1.50977550865698 -3.85807902309586 4.51147721932619 1.52860652489664 -1.20352803248489 -2.40819188757426 -14.3168948934169 -2.78929308663271 5.67503226912359 1.01023957630029 0.47636267808353 -1.37589771364419 2.68391831230073 -11.4026434537116
56680.883745 -7.92313900434932 0.913029727690225 66.491149 8.5875328 0.613218045119997 1.13780941429418 1.13780941429418 2.3052996952584 -7.53672498332167 1.49991612427186 2.16558679947429 3.08047260799806 -4.30448992275135 -14.5365551353839 -1.47584101408147 1.75042719440688 -1.73591783678738 5.86482546010582 -0.34661505070671 2.44409886510565 -10.3172849174403
56681.871159 49.0738806449239 1.43406770263691 -22.43841 8.621170167 0.605188467524221 1.13780941429418 -8.3971875512211 -11.2112878056515 -8.3438062079402 -5.6022438706427 -2.0904022990068 -4.1335316584133 -14.822774246414 23.062130811195 -11.9026690332011 -1.0935530189063 -8.5913153696913 5.7805481612182 -5.4406495960911 -10.4878027950434 -6.3271684901368
56681.87565 53.060850620681 1.84512222181582 -24.46822 8.627420577 0.603459179709895 1.13780941429418 -8.1399161164845 -8.3559489656842 7.7158562937244 -9.23071477528011 -0.726370865789399 -1.6689851911393 -15.0871590005635 -48.4481622309983 8.63089494592261 -9.1810089599966 -1.6932062078821 3.3031353761981 -2.5104445376733 -12.2375153586683 -4.398859761502
56705.745438 21.77125642481 0.917210403866802 40.786074 8.579253891 0.610190464208992 -1.01387011082525 -3.8492270511317 -7.027727478319 1.975934963444 -6.1887708804345 3.5494267720253 -7.6775356737001 -2.3153582747659 -6.3995275261954 5.0150624160613 -5.8827064902913 -2.3756082540926 5.3982147111665 -11.1212102111694 3.6520866514627 -2.8510756731495
56705.752487 21.9323778835442 0.935266679227494 38.060781 8.580304716 0.613437645063728 -3.6393806906368 -3.6393806906368 -4.1160386348813 -10.6056689117531 -1.9835107984999 0.8043606291149 -1.6323214591448 -6.7764085975648 -16.9679531479167 -1.536824457355 -2.7634856253304 -0.5000026166989 2.8727752155669 -3.8393948269142 -3.5762605727448 -0.141216861714099
56706.754076 53.907702776872 0.862377272413668 -9.93931 8.591329067 0.626283046768775 -2.72551363946118 -13.6011410444408 -7.0105486630659 -14.0098926551393 -11.5044987550235 1.4951754388807 -3.616979462035 -10.1546429259578 -18.0385806153524 -5.3907916630929 -9.09376413126959 -0.497313081433902 -2.3498292757011 -1.7879730240948 -2.9182955577124 -10.9339617462855
56706.760349 52.7437399646674 0.96116056190801 -12.2123 8.595508174 0.620270337474121 -2.72551363946118 -12.7743487782969 -7.4866074189851 -1.0986702878619 -10.4656071737703 -3.9214050834066 -3.2662857898837 -5.8179731182754 -10.3462613772734 -0.351583215159799 -6.9965888520304 -6.7410261482183 -1.4040302518782 -3.2834811717725 -0.806180904028302 -3.441536650953
56707.749784 13.0196094432469 1.00377371840147 40.461994 8.656516692 0.630485625683236 0.770136194867964 -3.3911168676152 -4.52918126847851 3.6391573617047 -4.6744117416105 0.991751407529099 -3.3157496442845 -4.05920313283749 11.3960029783886 -6.2606579238525 0.576683712513599 -4.4178719054236 2.5093118936654 -3.65364260089092 -0.15934485989141 -5.17004694840719
56772.550056 32.6691788907522 0.855198532873155 7.620277 8.522131491 0.586100272207966 -0.511989695503721 -9.9059893139766 -5.2694031843481 -8.424044310172 -8.7879038928816 1.2286356255983 -4.7937230095358 -2.5578141645524 -14.8705167110069 -3.8879869032953 -7.9522237129663 3.1281271234252 -4.2285010866477 -1.4939832499151 -6.6395625441228 7.9981595094447
56773.597988 20.7026632437827 0.922078486014619 32.849833 8.568719954 0.596202094247503 -0.511989695503721 -2.0375404448098 -2.6370848074848 5.3357744481389 -5.0669008914587 3.6397867322044 -3.3696441425426 -2.2917780004481 1.6187896048807 6.6735680124404 -3.9356174172493 -5.2088213885755 7.3965660123034 -5.8396095106582 0.277969776530501 -0.175551879500599
56773.604191 20.8421195960264 0.863392286661735 31.300625 8.568931304 0.598679653494501 -3.32162446724566 -3.321722793968 -2.6393576863504 1.1191123262694 -5.0216827745511 2.7499228762825 -3.8267540823489 -0.195346633351601 8.0247469719082 -2.3143872601057 -3.6921348854526 -0.370150660262201 3.0154318418009 -3.3980566987242 -2.3816897056321 1.0019481640266
56774.619357 17.9974199571827 0.864724533240358 9.465338 8.591775924 0.594672495055563 2.65739680410208 -6.0510212696563 -6.9985064810675 -9.9768157931231 -6.5934760484755 4.8579724613531 -6.6674326378395 -6.19699145234362 -9.8904379055217 -5.2606206632794 -5.3809508421163 2.0961792007945 1.9622501618116 -2.7799805838848 -15.9922618224926 12.2497747338189
56774.625804 16.1055489002167 0.929752412100973 5.569926 8.592958065 0.59474577049084 -3.3140397214558 -3.3140397214558 -4.3132071484353 -6.1103196706504 -5.3145546540938 5.8783333565917 -5.5243976242596 -3.459659412449 -6.5021760537796 0.396228652953802 -7.5351183684033 4.3883119728377 4.1265261680036 -6.8066488994865 -4.03106574555674 3.10399653562474
56796.591439 -15.1159712141117 0.967907710896206 57.576347 8.469293945 0.583568387744459 -4.08796903483312 -4.7130114836547 -2.624469212607 8.04323839410451 -9.38863415631191 5.5707533676969 -1.1667221560444 -9.7743178810695 3.7622359379077 -0.658963813501799 -6.0151310587883 -0.754950188285999 5.2670248042076 -2.191612037682 -4.9007940116037 -5.4883444745609
56796.597122 -12.8078569236831 0.960721654213303 56.75316 8.480462079 0.578810855826845 -4.0054431504915 -4.0054431504915 -4.1143040614437 -5.88351013656279 -4.715270715133 3.5432432693832 -6.2834994642875 1.3306597545066 -13.7266732256186 2.71289200406165 -7.44062504131345 3.0135474225213 3.16090097896281 -6.96794344062191 -1.5604757156142 3.6463334259924
