54564.819485 -11.9811237670259 8.42834493735048 -35.93585 14.69471838 0.158861439937755 -0.2018783561648 -12.9414083549742 15.8842753418833 -13.9101818296166 -13.5301708904546 8.2838402853323 4.0413228333199 23.6251262818402 -57.296820797755 -3.0399748859385 -0.979251296107201 -33.9052509641839 53.5128339299107 -23.4168044127905 -15.9738164340166 157.605558939951
54565.873019 53.5300917785622 7.25996547414768 -16.10693 14.76713176 0.160971789549302 0.0210846002201377 3.9489847950178 18.3080524557085 -6.1162374629646 1.7261183208665 7.1229919914848 -13.8015131359774 82.9334262806705 -70.4843207963709 34.2630788796033 -15.6167807431731 6.1652610115506 25.2601968516553 -11.2003270278947 -7.3718284683008 95.1924893632983
54567.85151 -54.2400287378604 8.1756939493533 1.399125 14.79833222 0.162437844536666 0.732888309733056 -6.5826223375515 14.7587669276363 -11.9564504715849 -2.7442091058809 -0.257659532765203 25.8280143663581 -31.8076616205267 73.8034244128584 -56.8503174415851 21.3742788074124 -36.9656795829043 33.1912024536474 -10.1044679383344 20.3769772203779 19.8634247697267
55018.475525 22.7837894678739 8.70368063967289 -50.00323 14.82647385 0.136892828985051 2.53403143422568 17.7255201102842 18.7984055049667 -75.6175417573687 69.3246089035055 -49.2216276082343 44.2926273661892 -13.3304962338029 -54.8351353967442 -32.8476719677374 51.4826764681479 26.0232789847793 -67.1174150604589 67.4503749694172 -36.4706577307355 27.423791761018
55018.48652 17.0953208449635 8.71679118635248 -6.66828 14.77066667 0.127015554956971 2.53403143422568 -17.4862218114372 25.6940743382697 -9.8429869433434 -8.1789197704711 -10.7379207355759 33.2661589558979 -8.4716573669984 -64.43971097851 13.2978861935446 -18.3713524443832 37.5900792387082 -52.2799722290765 113.81497422794 -128.270697611592 49.9552609801069
55018.49675 15.7786498862376 11.9297759763475 38.807666 14.74353427 0.134915863124859 2.53403143422568 -31.2534536608515 -16.55197293618 7.283734620432 -36.4531756790792 5.23412627807891 -0.224465527688499 -47.5986596482104 122.108643846141 -56.3368502080223 -13.7322258147163 -14.3263277916056 6.76771213288187 -0.58968301714281 13.8779174302057 -126.481299614749
55018.504065 -0.425398876691033 12.1091574655527 30.484271 14.8825772 0.123111729122959 2.53403143422568 5.52515572590179 -9.61596765557657 86.9903680352551 -39.2161469188053 34.403406073567 -53.0121344244747 77.2135713365285 99.6025830976954 16.9902523547684 -45.1448060900983 25.7150391960948 28.6473441341678 -85.6898585345708 51.2427104553791 103.589522274933
55018.511379 2.96982306207606 12.7032262523274 24.582554 14.8560522 0.126483334077712 2.53403143422568 7.35176347356458 -23.9545946479585 -20.0275222470188 42.044729349217 -48.4318426743502 24.5360934402966 -76.2339898428249 -180.23986751831 109.733435822364 7.4741364472771 -49.8617249672008 15.122181781709 -0.65223946687755 -7.54987737884966 -63.3865928959222
55018.518694 18.2881210038077 11.5170073064111 19.386114 14.74784688 0.12492633270526 2.53403143422568 -6.9371074743794 4.9967292874066 76.4314599344616 -44.6149477002036 26.7176248112408 8.7882458794135 -38.5889150369998 160.591905903144 -27.3253902469028 -25.155764921424 15.3614697412641 -2.1234254067482 -9.42669864548432 72.6343017513062 -184.046655477509
55018.526008 16.1562425911741 11.6795290447485 85.183594 14.8324532 0.131964815814712 2.53403143422568 -1.77058977526995 127.109174257654 -69.4475288861871 -12.531249835027 51.7800551924859 43.8639696866362 162.867974527315 -221.336793096614 53.5775010570174 -25.3377770412862 37.8682773105566 6.46976606830424 44.1859952848091 103.735124680774 14.57576209256
55018.533392 5.08915048048644 11.3991696279025 -18.36847 14.86455 0.130183052161568 2.53403143422568 63.9528772500213 -70.0989033863561 63.8065076815725 94.2543078451995 -81.9628296632018 -51.9695512165083 39.5722872863339 -47.641228781041 17.9017581654221 117.541597253066 -80.5591971341236 -1.8196928987659 -57.9104338460243 51.8183849747295 -90.1595193346116
55018.540579 -17.5217000867372 11.6578153756394 56.711871 14.74930681 0.142838428843434 2.53403143422568 -27.5242577471468 74.1665432338591 -6.1895241798444 -17.5787525878003 -13.8107339906289 80.448587604326 -1.725107040785 74.0303967686548 -44.9544024251122 -26.4945870355474 24.255846613978 -15.1208665925363 74.1906876682286 37.0484243981416 -117.010175987577
55018.547974 7.02799881593577 12.4505402424088 113.315829 14.89320405 0.130080433760935 2.53403143422568 -19.5279223861544 17.8113335312586 3.3902981552494 27.1725449402578 -79.8284022316161 60.2885572545152 -27.2725244736322 -13.4228874967682 -27.1079620353687 46.5828099142292 -78.8180342689401 5.024651847813 140.189543547776 -220.607416753726 188.211713273675
55018.555358 -13.3216067674039 12.3338804539289 -20.53654 14.84612036 0.135578100805553 2.53403143422568 -0.2039418633662 -13.9515925605644 -30.0719753817759 -13.8255073961255 37.2121405390597 -35.7571657043208 17.4221904585994 -37.398835542067 25.5974411035627 -37.4190295914967 43.3475177975105 1.82205457100193 -84.2003836820607 124.901428748987 -108.446623077418
55018.562476 -8.61063411532015 12.4953883952042 69.542456 14.78933738 0.125854645153515 2.53403143422568 -36.1184885594845 -3.2453863317086 -25.0179319254106 -39.2017490728709 17.1868089440435 -2.9130118134175 -19.3321358948472 15.6843562996452 -20.7364422269196 -22.4237254680445 -24.0976670614375 25.2538207666796 -20.9698422306743 26.8076916237983 -31.1249879895366
55018.56994 -25.338948646796 13.0033727854972 22.966964 14.76672583 0.13519192835019 2.53403143422568 47.7170306789973 30.1420699028661 39.9049458077534 32.5592814303122 6.7554260363814 -5.458070505533 88.5135117397095 146.418597348573 -26.6196367778222 12.8219434840325 98.8378468925993 -96.0051490655835 11.3389666827632 59.9773076746013 40.3147139541975
55018.577174 -63.0934456789303 14.9632762880753 98.158837 14.77862128 0.127887935896708 2.53403143422568 -60.8935442812505 82.876110363883 -29.4508245651099 -83.5579640441203 51.6527484340413 70.3438411800733 -22.2811385911938 -78.7763697942425 -6.4325202762401 -56.8465113579302 -28.601321036864 69.4255893138951 93.5401455678643 -69.0979406932856 -0.187071663192896
55018.584615 -50.0511919040402 13.9913510284253 81.295839 14.86738439 0.105290060955398 2.53403143422568 5.37853095701 8.4979778610913 23.7313283090327 28.6926591325175 -50.094351578744 -38.7941658869273 180.70576487892 47.1277417661968 -23.8385519994167 -1.6171813485578 44.4611188399183 -44.8612743977404 -106.294538212069 172.294190824579 125.633203321873
55018.591791 -63.5192569779775 12.558345320811 163.922834 14.78921301 0.13011776703081 2.53403143422568 16.1335085585481 0.333051017508097 54.571955829659 -5.4169581847841 10.5629806601232 0.524244903320799 -12.3441325396792 -4.8049703421994 28.4559940433198 -11.1111947929694 35.1432588150888 -23.025905475314 9.3253017232126 -7.653631117326 -11.6107066264064
55018.599105 -30.9550207662914 12.4765509870501 76.917501 14.90171612 0.126978813886324 2.53403143422568 -43.0450799163147 70.9194908237505 103.938223021326 -78.9371593070547 11.9803271884711 37.3376959874717 76.6131991848205 46.0846013280371 43.7545547930169 -53.5296958814671 -49.3393211301786 42.851230731773 17.2957101139878 63.1802840769943 31.4872307798564
55018.60635 -48.8923526279881 13.7633261234786 33.639608 15.01013324 0.141560659774085 2.53403143422568 -38.7865270291667 5.6893334069362 32.5977696291273 -51.6514845070767 6.69518584408451 74.8548736607909 -190.908664826806 -46.2011958140276 104.727017483314 -96.7314108359813 14.5055928476288 13.2555274375402 106.101707645947 -156.460051404157 -98.331236956283
55018.613815 6.93532415862518 15.52613630831 -74.272 15.104333 0.131798339136517 2.53403143422568 -9.82649389610439 11.1931286517968 66.4489951073162 -33.7610722007747 11.3908549354097 -12.6725119038796 51.2153978441056 -5.629824063077 63.3717571607185 16.953039662284 -114.220576156258 55.4552378569648 41.2150718176149 -84.0648674412875 141.213942332896
55018.621129 -13.7267123301277 13.9241478696162 -66.03491 15.23097107 0.149339162474299 2.53403143422568 -15.9645652876109 -25.1853398836904 -31.2749068786344 -10.5929915586244 5.1758974208146 -28.300428429592 2.646015351645 3.24567899888248 1.89930798105762 7.00044531795269 -72.2922515603491 60.5249509415705 -2.9401405366185 -52.2258538955758 -15.5617497882739
55018.628444 4.96291190231683 14.0250417450406 -45.20528 15.08991873 0.127876390100684 2.53403143422568 -20.4040326478172 -44.0745671014135 95.4892637364497 -72.5197353780357 44.8897095346503 -9.5430380915585 -141.623294336792 52.6295520089345 3.55465137359 -35.7857231755326 -30.620481249764 68.6041825423637 -31.3527365482352 -28.0086794819593 -145.788994681973
55018.635839 22.5390660715524 14.0673589597331 -55.0175 15.01520613 0.15103079139806 2.53403143422568 32.7923407773261 -54.2017443847792 27.7359433384231 78.5196281164669 -89.6622704892523 0.77736209981062 -48.4716795662518 10.3953969083984 1.1699898066789 51.6149754840283 20.6383399811302 -84.8859752168232 33.9205641009573 -54.8184808016219 -59.6196228490811
55018.643084 56.0006683234421 14.8790431186083 -65.19257 14.79562446 0.151033592893571 2.53403143422568 -12.285465897235 -53.8820710671566 -20.1591070532511 47.0239559536984 -90.4111369816511 -18.6358834873725 3.32836981212521 153.179512870504 -50.6419140123731 52.1781684880571 -82.3814936655735 -10.5552228384031 3.3418182122127 -5.6826876574273 -115.5524904302
55018.650387 49.7201970027959 15.4658489338589 -123.54373 14.92882457 0.136410679925364 2.53403143422568 9.30394683700941 -80.7303401511784 -88.2138173425405 25.6679412491236 10.9799482099824 -66.7872667260774 -48.8712106722401 -63.0336155738646 -9.6536296287459 9.0715190424401 92.6054718818954 -123.407771190326 -23.5840893562781 8.12426109154469 -103.356710063822
55018.657689 58.4121182859106 14.8560636876115 -34.4014 14.95436448 0.145972205082598 2.53403143422568 4.48653089262171 -24.9887936696747 34.4173380652222 -49.0759931191128 74.3266491677794 -92.9543272483956 100.097779939594 96.6333277199581 -48.5261286917699 -34.6843110476473 95.2202247964274 -38.7547181617434 -62.1575688022308 51.3386945753546 -8.6550584048443
55018.664807 75.9903405290979 15.6659103617339 -149.19813 15.0196645 0.137946195435354 2.53403143422568 -3.0045579081029 -28.2701812105648 1.0544892772412 -10.0499269957874 11.3569144001494 -73.7830591420735 107.794345071594 180.269796545209 -6.97179290178299 -25.9530503463156 -29.3000817131909 59.2627360179285 -30.3173626749293 -108.581476407131 236.067253699216
55018.672619 106.635656790044 16.5761109438777 4.974018 14.77704397 0.125588843778211 2.53403143422568 -41.7577846412606 25.8099270871496 -96.184767423767 21.488387123123 -64.7437414937331 105.567822730582 -141.601594281418 -134.33162103171 -50.3497495559693 22.3412177448493 -35.4400744681658 -3.0353737315336 128.147833956669 -164.451896472874 65.2538952818164
55018.679598 71.7084362467606 14.9051942390017 -40.93018 14.74393491 0.124138980277986 2.53403143422568 74.9388793474336 5.20791345822519 129.802663629394 25.9185522012454 24.6433015305346 -65.6381870735226 158.313935460814 63.2018575653906 49.5143329653824 18.475353209551 62.1165184312346 -38.7706977183384 -71.4676208458676 89.84674462027 130.513225991399
55018.68712 86.9330733908529 13.962751013204 -30.30138 14.66619217 0.15547282681928 2.53403143422568 16.6113057399307 -21.1119629066015 56.2633511970294 25.3049068530673 -39.0285468033175 8.82466968960411 -37.6429548611374 114.682895217058 -36.5145315293058 63.5159987474758 -85.0787334821933 33.0835006195431 25.3227636896922 -54.6449553588146 -31.0830642612625
55018.694157 104.044607207872 13.1435691713202 -22.11106 14.56766795 0.139973867196094 2.53403143422568 1.983067035324 -21.0666067018555 25.8740331968168 -16.1770368984493 18.6583208179293 -8.090156952087 -54.0618022910872 38.2958652918458 49.2782064876244 -50.9893731320048 66.2280289119088 -48.1095305173 3.863877038474 4.35643727831899 -108.940208828789
55018.70161 89.7779344727674 14.5717792922313 23.123722 14.61553703 0.14401179657104 2.53403143422568 -4.39145178129201 -67.1845097102854 -3.69612881371 -9.67080685308829 10.3154076801433 -93.820696351286 59.1633780814578 -173.373324801385 55.4104923632003 -23.1791455504802 8.1078104879754 22.0445402220678 -63.4394795478964 -94.3034499252319 208.881152640742
55018.709526 85.6330789852562 15.7169649262531 93.307695 14.49752479 0.147044824537841 2.53403143422568 34.6302281270251 8.9462164005528 44.6664620922755 49.9457323091714 -44.2043535768005 -3.95408457382389 81.0168230733794 255.622042463947 -178.941886787416 113.538404767697 -58.7814798260258 23.845530681408 -16.9750966571221 -4.5277141959909 179.165384959356
55018.716632 41.6766425521494 16.1998880354818 63.968125 14.62972949 0.140402580612806 2.53403143422568 18.7254053889987 -83.6260474032938 -28.3697492482672 16.2784401582078 15.8596150036275 -87.8221909696678 -5.3218107301682 127.875573188495 -86.4652248109831 38.192149901875 -21.0535519365765 42.1027186255852 -73.9512935744358 -67.4783901023291 75.9603863073718
55018.723808 6.38349834489145 20.3627163629245 141.162493 14.62674181 0.127478730367262 2.53403143422568 46.8096673331623 -96.9596082702654 103.240235909312 61.0401904868405 -64.7631053897253 -4.1723877150117 -171.678203569497 -295.9412749204 251.915170843435 3.40195812177879 -61.9180014409519 32.2888947949801 -17.9627825972004 -73.4787165450488 -175.597552898599
55018.731713 -2.56945432324727 22.7270111157973 -86.83367 14.83146806 0.107373992576014 2.53403143422568 8.0335164132816 -150.826024226452 -126.846332052318 85.0185461004578 -72.3985083488046 -95.7356278595888 -69.9734357253631 19.5023236037798 -59.3781199848314 52.2138408896317 25.6283815248542 -89.5951795375574 -90.9655984151059 -45.623243502775 64.7808113743188
55018.739177 -30.4554469128163 20.4529658427036 59.350279 14.61698868 0.147641461711227 2.53403143422568 60.7870624636105 -27.6185236675968 -136.360271730041 52.5518451377774 68.691017473656 -0.341421579418402 -136.245733546068 -216.465462205545 95.5961459867658 10.5234725525717 34.0373008918363 27.5031715523587 33.4890974232652 -94.7731591165692 -142.961406140071
55018.746214 -11.2398234455844 17.0005791127954 67.372021 14.68613783 0.122738106135224 2.53403143422568 -59.6653544662922 -88.9218427776814 -21.9513203437043 -38.877521096071 -24.959870431811 -70.1210853793777 -23.6495938159706 130.001367590613 -122.287458884294 12.5164975160096 -43.7896911807908 -9.177184383273 -105.802370786149 68.4264865306 -35.1803455521553
55018.753459 -53.516976586688 17.5091179476687 33.633729 14.80500752 0.138110117096611 2.53403143422568 10.9114686701933 -76.2969112593507 -51.1359263417567 91.9910587306402 -110.429363395167 -56.1273080376844 55.9674591288512 146.797961529889 -86.0766468320439 136.407358338919 -145.670504514716 -8.31836519794419 17.7876428959707 -107.230755832434 111.951790716009
55018.760715 -1.09254002607251 19.8992599299373 -80.50548 14.985221 0.143076839490175 2.53403143422568 -32.6377970344676 101.620424466217 -68.1966510950107 -24.5435265479525 13.4428757069055 42.7062811091942 135.33231964123 -101.500431311044 24.157073546774 -10.3192591410464 -45.0693538293987 25.6777334969834 68.3062870124799 -36.5835594390063 283.929591743389
55018.76818 7.26024710761992 25.3629103006524 -19.74715 14.60452099 0.145841765400857 2.53403143422568 -36.8758808168245 -11.8489383023528 -59.0801706017673 35.1626431751611 -91.2033578690335 53.7467479579557 -78.6665478767896 121.710260682102 58.5435663950696 -3.4985415422092 -3.2940520703673 -164.835888605092 145.111270283585 -44.0980453687527 -179.781096054463
55018.777034 10.3003518950652 20.8944890483287 21.638323 14.87162897 0.106089727043755 2.53403143422568 -72.0254479334531 -26.6370262069402 -179.608272663124 -30.3116762820978 3.88325036647855 -24.9796903490145 -7.8643751288648 -403.413912657075 71.6768738175172 -45.3736361931118 -59.1303185246678 75.6143772340732 -78.8875615169037 31.4692706167583 36.5126015132635
55018.787508 22.2890150593578 28.120870212581 21.015458 14.93373658 0.132684919571164 2.53403143422568 201.676417819544 -210.199065357909 179.588809597336 29.6643135228097 198.88396693752 -197.851799757037 -210.759660898461 32.457614760501 193.35592868623 -12.8800350491368 85.7273396680868 150.443721489748 -146.285485040237 -272.069730621353 5.637238409812
55020.504678 -12.2334271547511 6.33730331065113 -3.08057 14.75115527 0.149476971512904 2.53403143422568 -8.76987663777208 5.5041444438871 -20.2455651613514 0.680676640843499 -3.780730465064 4.9691490192126 5.55767897168451 83.2176348579147 -25.5907444452469 -9.16153282555878 -3.1162315513396 -0.732317930428199 -19.3312008618873 1.7414277590831 131.978699945233
55020.724131 4.44837224928162 8.55654446466572 -19.80541 14.73114925 0.1558236457165 1.08084513329004 31.6870350111645 -33.0344891964544 -48.3968252480812 51.772759111513 -7.7212157757305 -23.4368180211848 -16.9210227317585 3.4765756267951 -63.3243497291544 80.5223175584775 -56.3609175834874 51.2594489847547 -15.9340482031909 -77.10568438017 93.2988795088435
55021.538209 37.2034656831206 6.89709660381272 -4.40026 14.82623805 0.155908507832374 0.863717324384324 -4.7547188454126 -9.1607683149626 2.4553039532831 -16.3152026725077 18.2947026147137 12.9504414410633 -77.9631024714273 21.6302995608373 -14.1516149031866 -7.5892512615215 -7.4102659537926 28.0263700235961 12.8633061317122 -44.8048133318711 -49.2920088956264
55021.745591 24.8236154986497 7.06928923316683 -48.6842 14.86926655 0.149882184797604 1.36150110076631 -19.0834159598767 -39.1953917617708 45.600305970171 -52.6571065310353 31.1663278568494 -52.894961752808 3.1845337987643 18.8277913990087 -1.9803637464786 -41.9565382684381 51.3712977096599 -35.3905319793686 -18.044029616537 -58.8504035963138 101.73339468089
55022.528339 -31.5458784428957 7.09918758195887 -30.29809 14.8686129 0.148134566985067 0.559029988070563 -33.9942810824716 2.3291886989461 -74.2048785009281 -15.5359343083585 12.2269103639899 6.79379849559569 -25.9026917560525 -90.8045631935586 4.8996605453498 -39.4098781006709 48.7397723215569 -30.8997421291483 32.1202914713323 -57.3448573887043 39.8832577930429
55022.713466 -36.1341353598624 6.53516854364714 -71.49469 14.78862882 0.14954525830403 0.852957279251551 19.4799139872885 -31.0660483313587 45.6130258455613 8.785600397087 -7.4730599112981 -19.2974337332301 -23.3216276868465 56.7030802496188 -0.321072628562995 24.2083516307457 -26.3713432337786 7.7273748334899 -40.7743643216988 23.4751251492629 -4.0995693384309
55023.583129 -77.8409638323998 15.9740311896932 -57.18388 14.68602641 0.155994710606419 1.17850675418244 25.6629803832604 -43.5335881430657 -59.6562481245315 68.3613037155496 -41.3430104708447 -37.3925131563199 29.828248458351 -45.4599492323267 -36.6171719982123 76.1859754163424 11.4982127599966 -82.858191684681 -30.694825011899 87.1505012672964 -107.539187231531
55024.56394 4.02803896279266 8.48421326585001 29.166649 14.81159123 0.158092173797567 0.797576568942516 32.3674248688875 -16.1589419636087 31.167167884363 26.2266710662187 -7.7678535126445 -17.6778745790325 13.5013265710045 101.276639457093 -30.5539470733044 34.7815131814748 -5.8626876209405 -3.5634417105886 -73.7879964856732 87.6230058513598 46.1245650023366
55032.648408 34.898004284897 7.28667028491173 -4.07979 14.71875452 0.15218997065961 0.847822630123928 -25.8301200816267 -22.9997373468444 -23.3063953729453 -16.8732381794678 -2.0089700471854 -37.3450892602655 39.7027573060436 -37.5789644190832 21.0345688993347 -24.2448216871307 -18.5930506015306 17.1761992388395 -55.3770405903288 24.9727872975366 65.7341103650751
55038.689537 -34.728279796703 8.50279216393919 -13.82178 14.7931473 0.144007235841938 0.847822630123928 -4.5079235186507 -2.2348358658378 -2.392299270676 -3.1197265018587 -1.0307916044709 10.3563488852166 -31.7004542448171 40.2252207181737 -27.2961174993091 -15.060091533505 6.3538520507932 32.0626091676069 -33.1519307264811 1.8566630365775 44.6476015672395
55040.673292 4.35356232486121 11.1389576851507 0.762765 14.77020524 0.156714985023165 0.557627461234395 24.4982517389345 -78.0647729769649 83.4911097627486 1.6757817744791 -4.8870380131775 -27.3026741602717 -124.463031312267 64.1611678727438 7.1607899389137 30.9335148313914 -52.6844786972406 38.9950451807895 -9.612474791908 -171.228963928526 162.947856035954
55041.637631 -43.7799205226757 6.62356244917831 -23.56737 14.84164292 0.146428814541182 0.260323750611827 -7.3079232945999 -18.2582158589659 -18.2277846539113 -11.3117153372211 17.4903257578638 8.2497005783429 -90.0109935270714 -11.6814234565448 -8.6918530105842 -4.7699823823025 18.459534077974 -20.846032288408 43.1194882233434 -123.181190698524 117.470906023919
55042.493598 -36.736312068117 6.44844990824621 -40.77936 14.82140485 0.150433269835174 0.316284163071878 39.6376448656615 -34.4173509840483 -14.765152635929 43.0840390653329 2.9694889858326 1.0674839705329 -97.4790519666279 -11.6805486980452 -21.6235106890633 44.4907296836651 48.1762589267142 -59.2917189089487 51.8834014040208 -167.250629782722 191.206625051347
55042.6615 -53.6378678736929 5.86040501788671 7.250044 14.81413742 0.153088167853663 0.316284163071878 -20.52998195793 -49.4996285866618 30.0851311670231 -23.2922149463172 -12.6421743901748 -2.9506454545439 -108.247483037004 -27.0942129623375 44.7649942163454 -36.1850751187608 -17.7044607486324 23.1882794817666 6.4734361652722 -118.769050021822 47.844131893309
55045.502743 -69.0277491037922 8.16041119730411 28.290708 14.81454842 0.15012257740531 0.710308413904203 -10.570582330984 -60.8918695093007 10.3992444777556 5.2385129922219 -33.4283125019664 -22.3630770415194 -68.0718499334185 -32.5860254109662 9.4553874418507 1.8607639582852 -4.66128437111509 -21.1636622456987 19.2046664725084 -134.334567361321 99.8899950584564
55276.89814 -34.4116049157231 8.64974900677871 -8.26381 14.88680159 0.158769524707006 -0.582974224315176 7.3638091223674 10.2112823030397 53.883309994285 -6.2715412865246 -7.3697023660749 25.0354927073446 -35.6963420598613 62.9806966938284 30.2743766786584 -20.9594896739064 8.1484668794674 -10.0279467491199 -7.8325638494928 65.1136080360568 -137.154255052655
55277.692285 -55.0865409266072 9.17140378244444 -14.22789 14.79742742 0.144142693665598 -0.406881227511909 -40.5366551848851 28.6971025653697 43.2735130710336 -28.2005937679227 -43.8145078176387 71.3140756942913 -75.912298159755 -16.6576623848967 62.8424945474057 -44.605048609846 -66.0400501118101 48.5894631206119 5.0450244418854 11.0952287833733 48.1926298667269
55277.878922 -43.5632801608269 9.57374822258049 43.370845 14.85582927 0.142277851003066 2.4473395237617 67.4019813486883 -24.2257415709368 62.2328358517371 34.2119038948491 21.691912336848 -23.3909039855015 -29.5625720652358 170.771058396536 -35.2923525811249 28.2614838793865 51.5597980869931 -18.4041524400996 11.7395971596179 -91.6046275104711 123.044759546706
55278.684803 8.62515148972497 16.3639857772456 67.12902 14.68745866 0.159083810058351 0.39432379220967 -5.31362103512318 -12.9055622708751 146.458270999574 -119.454790962392 116.453531768756 -122.234221061198 182.463118659255 36.6374473824523 74.1816821970952 -91.1163662566908 1.8234693759467 104.222721724714 -96.0412203270162 -52.3096146527534 324.014426059485
55278.917034 46.1116890592536 8.64662078026861 -23.92675 14.74418694 0.148421010474657 2.67301094025365 -2.8776486599478 5.9824387473293 -27.5910947628001 -7.5273313065168 23.1287253371227 -33.8764655010063 93.364323727956 37.454179946386 -7.887555637321 -5.695704351289 -15.8926088721632 27.7213477188179 -24.7250282088912 -9.7799196772056 156.76272230322
55279.867822 15.9662032454128 12.3610787393821 61.825681 14.74575129 0.15945369952191 0.36255480262617 -50.0406705452637 62.4604132907366 74.9611902062035 -89.8550630422124 27.3561623159976 8.12328007268295 129.249800440147 62.7721876500813 37.809395040867 -122.944472919473 110.549875868967 -76.8302106693161 51.7511049427342 -41.6560309177047 281.180037826677
55280.871705 -50.2191145185968 9.83434234139616 -11.4661 14.72883546 0.156150139943127 -0.114523258445254 35.274442337486 -33.5655021759026 -0.506324819718799 36.0996245546263 -1.1232902805528 -25.3139858223281 -24.0111547163975 -98.0405119781269 52.0324160097221 28.3306575649397 12.7341380461716 -27.6863778618424 -55.9399773023574 54.6370761490516 -13.762112978885
55281.83791 -10.0103206132424 7.95288706483204 13.12547 14.77207428 0.153916405768613 0.208507447172074 -5.78324510083704 12.8125038382955 0.170949977164391 -11.3244173063001 9.302542586278 -31.6885474059818 124.748805332776 -12.1245824713179 7.39134208775641 -28.217099516883 48.2689375082855 -29.2490752473354 9.65850684835726 -55.5393723387346 259.94122028943
